open_timestamp_utc,close_timestamp_utc,open,high,low,close,volume
1511172000,1511175599,0.00001520,0.00006500,0.00000800,0.00002310,25615115.00000000
1511175600,1511179199,0.00002370,0.00002709,0.00002180,0.00002221,16667918.00000000
1511179200,1511182799,0.00002220,0.00002420,0.00002000,0.00002415,7819113.00000000
1511182800,1511186399,0.00002415,0.00002500,0.00002324,0.00002324,5697190.00000000
1511186400,1511189999,0.00002324,0.00002410,0.00002215,0.00002336,4591848.00000000
1511190000,1511193599,0.00002350,0.00002410,0.00002200,0.00002299,5618324.00000000
1511193600,1511197199,0.00002298,0.00002300,0.00002152,0.00002158,4185365.00000000
1511197200,1511200799,0.00002159,0.00002337,0.00002159,0.00002321,1955382.00000000
1511200800,1511204399,0.00002321,0.00002340,0.00002262,0.00002300,624717.00000000
1511204400,1511207999,0.00002289,0.00002300,0.00002202,0.00002202,632084.00000000
1511208000,1511211599,0.00002210,0.00002399,0.00002156,0.00002399,1461680.00000000
1511211600,1511215199,0.00002393,0.00002399,0.00002186,0.00002186,297536.00000000
1511215200,1511218799,0.00002191,0.00002191,0.00002121,0.00002137,1966378.00000000
1511218800,1511222399,0.00002141,0.00002192,0.00002120,0.00002178,745086.00000000
1511222400,1511225999,0.00002122,0.00002159,0.00002102,0.00002159,3000830.00000000
1511226000,1511229599,0.00002178,0.00002219,0.00002175,0.00002219,1243911.00000000
1511229600,1511233199,0.00002198,0.00002205,0.00001878,0.00001938,3240510.00000000
1511233200,1511236799,0.00001900,0.00002280,0.00001887,0.00001999,3255349.00000000
1511236800,1511240399,0.00001979,0.00002050,0.00001904,0.00001904,969436.00000000
1511240400,1511243999,0.00001913,0.00002000,0.00001900,0.00001900,2534345.00000000
1511244000,1511247599,0.00001965,0.00001980,0.00001895,0.00001900,549497.00000000
1511247600,1511251199,0.00001900,0.00001930,0.00001900,0.00001901,879770.00000000
1511251200,1511254799,0.00001901,0.00001901,0.00001785,0.00001785,2552198.00000000
1511254800,1511258399,0.00001850,0.00001850,0.00001765,0.00001849,249005.00000000
1511258400,1511261999,0.00001781,0.00001833,0.00001775,0.00001782,1722243.00000000
1511262000,1511265599,0.00001785,0.00001831,0.00001639,0.00001786,3493967.00000000
1511265600,1511269199,0.00001786,0.00001900,0.00001774,0.00001808,1051334.00000000
1511269200,1511272799,0.00001900,0.00001929,0.00001809,0.00001840,1442526.00000000
1511272800,1511276399,0.00001925,0.00001925,0.00001820,0.00001822,419479.00000000
1511276400,1511279999,0.00001822,0.00001839,0.00001811,0.00001839,561551.00000000
1511280000,1511283599,0.00001830,0.00001923,0.00001812,0.00001837,1240911.00000000
1511283600,1511287199,0.00001837,0.00001837,0.00001812,0.00001816,1312082.00000000
1511287200,1511290799,0.00001817,0.00001869,0.00001816,0.00001817,588917.00000000
1511290800,1511294399,0.00001839,0.00001929,0.00001813,0.00001929,306278.00000000
1511294400,1511297999,0.00001926,0.00001929,0.00001825,0.00001825,385189.00000000
1511298000,1511301599,0.00001813,0.00001928,0.00001813,0.00001856,164540.00000000
1511301600,1511305199,0.00001926,0.00001929,0.00001868,0.00001926,723941.00000000
1511305200,1511308799,0.00001901,0.00001977,0.00001900,0.00001900,593201.00000000
1511308800,1511312399,0.00001900,0.00001922,0.00001900,0.00001902,77637.00000000
1511312400,1511315999,0.00001902,0.00001925,0.00001901,0.00001901,1785637.00000000
1511316000,1511319599,0.00001901,0.00001978,0.00001901,0.00001977,371906.00000000
1511319600,1511323199,0.00002023,0.00002023,0.00001926,0.00001999,276822.00000000
1511323200,1511326799,0.00001940,0.00002045,0.00001901,0.00001920,2237804.00000000
1511326800,1511330399,0.00001905,0.00001942,0.00001901,0.00001906,989478.00000000
1511330400,1511333999,0.00001906,0.00002046,0.00001904,0.00001936,869133.00000000
1511334000,1511337599,0.00001937,0.00002100,0.00001903,0.00001925,1604885.00000000
1511337600,1511341199,0.00001930,0.00002041,0.00001902,0.00001962,1482479.00000000
1511341200,1511344799,0.00002000,0.00002001,0.00001925,0.00001992,515239.00000000
1511344800,1511348399,0.00001991,0.00001999,0.00001901,0.00001948,1002064.00000000
1511348400,1511351999,0.00001947,0.00002199,0.00001946,0.00002083,2078977.00000000
1511352000,1511355599,0.00002083,0.00002083,0.00002002,0.00002002,399790.00000000
1511355600,1511359199,0.00002040,0.00002200,0.00002011,0.00002097,719064.00000000
1511359200,1511362799,0.00002097,0.00002100,0.00002010,0.00002045,656196.00000000
1511362800,1511366399,0.00002049,0.00002050,0.00002000,0.00002000,625956.00000000
1511366400,1511369999,0.00002008,0.00002008,0.00001910,0.00001911,76606.00000000
1511370000,1511373599,0.00002006,0.00002100,0.00002006,0.00002100,646943.00000000
1511373600,1511377199,0.00002099,0.00002099,0.00002000,0.00002000,721016.00000000
1511377200,1511380799,0.00002097,0.00002200,0.00002097,0.00002200,1155744.00000000
1511380800,1511384399,0.00002200,0.00002228,0.00002147,0.00002147,470015.00000000
1511384400,1511387999,0.00002147,0.00002147,0.00002007,0.00002007,32236.00000000
1511388000,1511391599,0.00002007,0.00002020,0.00001818,0.00001971,5843138.00000000
1511391600,1511395199,0.00001903,0.00001949,0.00001818,0.00001820,1409485.00000000
1511395200,1511398799,0.00001821,0.00002256,0.00001821,0.00002239,3440298.00000000
1511398800,1511402399,0.00002239,0.00002285,0.00002239,0.00002248,2291941.00000000
1511402400,1511405999,0.00002248,0.00002248,0.00002100,0.00002102,1308039.00000000
1511406000,1511409599,0.00002102,0.00002130,0.00002070,0.00002120,130602.00000000
1511409600,1511413199,0.00002099,0.00002099,0.00002001,0.00002037,609982.00000000
1511413200,1511416799,0.00002037,0.00002093,0.00002036,0.00002092,647716.00000000
1511416800,1511420399,0.00002007,0.00002208,0.00002001,0.00002199,761933.00000000
1511420400,1511423999,0.00002163,0.00002282,0.00002021,0.00002059,1235625.00000000
1511424000,1511427599,0.00002059,0.00002062,0.00002031,0.00002032,277059.00000000
1511427600,1511431199,0.00002032,0.00002032,0.00001905,0.00001905,1043673.00000000
1511431200,1511434799,0.00001905,0.00001924,0.00001820,0.00001876,1002405.00000000
1511434800,1511438399,0.00001877,0.00001924,0.00001821,0.00001891,745476.00000000
1511438400,1511441999,0.00001831,0.00001920,0.00001830,0.00001856,456077.00000000
1511442000,1511445599,0.00001856,0.00001911,0.00001855,0.00001855,300995.00000000
1511445600,1511449199,0.00001856,0.00001893,0.00001820,0.00001893,889513.00000000
1511449200,1511452799,0.00001890,0.00001890,0.00001819,0.00001820,523472.00000000
1511452800,1511456399,0.00001818,0.00001845,0.00001818,0.00001844,192186.00000000
1511456400,1511459999,0.00001845,0.00001845,0.00001800,0.00001800,78421.00000000
1511460000,1511463599,0.00001800,0.00001800,0.00001715,0.00001715,238914.00000000
1511463600,1511467199,0.00001715,0.00001715,0.00001715,0.00001715,0.00000000
1511467200,1511470799,0.00001715,0.00001715,0.00001715,0.00001715,0.00000000
1511470800,1511474399,0.00001715,0.00001715,0.00001715,0.00001715,0.00000000
1511474400,1511477999,0.00001739,0.00001739,0.00001701,0.00001728,62370.00000000
1511478000,1511481599,0.00001729,0.00001807,0.00001728,0.00001807,78570.00000000
1511481600,1511485199,0.00001840,0.00001842,0.00001839,0.00001842,58274.00000000
1511485200,1511488799,0.00001772,0.00001772,0.00001728,0.00001761,886169.00000000
1511488800,1511492399,0.00001759,0.00001900,0.00001758,0.00001770,846262.00000000
1511492400,1511495999,0.00001770,0.00001770,0.00001523,0.00001638,1410278.00000000
1511496000,1511499599,0.00001645,0.00001732,0.00001638,0.00001638,222631.00000000
1511499600,1511503199,0.00001644,0.00001644,0.00001585,0.00001623,940343.00000000
1511503200,1511506799,0.00001624,0.00001666,0.00001560,0.00001589,541682.00000000
1511506800,1511510399,0.00001637,0.00001649,0.00001589,0.00001644,420789.00000000
1511510400,1511513999,0.00001648,0.00001719,0.00001646,0.00001659,368139.00000000
1511514000,1511517599,0.00001650,0.00001650,0.00001560,0.00001639,302599.00000000
1511517600,1511521199,0.00001617,0.00001617,0.00001500,0.00001604,1194171.00000000
1511521200,1511524799,0.00001602,0.00001705,0.00001601,0.00001705,1629633.00000000
1511524800,1511528399,0.00001710,0.00001732,0.00001561,0.00001561,172037.00000000
1511528400,1511531999,0.00001572,0.00001613,0.00001515,0.00001592,697648.00000000
1511532000,1511535599,0.00001585,0.00001703,0.00001532,0.00001700,1200128.00000000
1511535600,1511539199,0.00001654,0.00001700,0.00001586,0.00001601,334614.00000000
1511539200,1511542799,0.00001599,0.00001614,0.00001599,0.00001600,116508.00000000
1511542800,1511546399,0.00001601,0.00001603,0.00001600,0.00001600,347657.00000000
1511546400,1511549999,0.00001600,0.00001600,0.00001550,0.00001600,602445.00000000
1511550000,1511553599,0.00001595,0.00001601,0.00001581,0.00001581,14731.00000000
1511553600,1511557199,0.00001597,0.00001649,0.00001597,0.00001649,12339.00000000
1511557200,1511560799,0.00001649,0.00001649,0.00001649,0.00001649,0.00000000
1511560800,1511564399,0.00001649,0.00001649,0.00001649,0.00001649,0.00000000
1511564400,1511567999,0.00001666,0.00001683,0.00001616,0.00001616,13102.00000000
1511568000,1511571599,0.00001615,0.00001632,0.00001613,0.00001613,29543.00000000
1511571600,1511575199,0.00001605,0.00001605,0.00001549,0.00001566,59811.00000000
1511575200,1511578799,0.00001566,0.00001612,0.00001566,0.00001599,199371.00000000
1511578800,1511582399,0.00001594,0.00001594,0.00001540,0.00001544,278492.00000000
1511582400,1511585999,0.00001551,0.00001551,0.00001505,0.00001508,884919.00000000
1511586000,1511589599,0.00001507,0.00001532,0.00001477,0.00001520,338022.00000000
1511589600,1511593199,0.00001520,0.00001520,0.00001455,0.00001497,353256.00000000
1511593200,1511596799,0.00001497,0.00001501,0.00001495,0.00001501,15484.00000000
1511596800,1511600399,0.00001517,0.00001558,0.00001517,0.00001554,125911.00000000
1511600400,1511603999,0.00001558,0.00001586,0.00001558,0.00001586,20995.00000000
1511604000,1511607599,0.00001586,0.00001586,0.00001579,0.00001579,34846.00000000
1511607600,1511611199,0.00001579,0.00001579,0.00001562,0.00001562,4540.00000000
1511611200,1511614799,0.00001565,0.00001599,0.00001550,0.00001587,397732.00000000
1511614800,1511618399,0.00001587,0.00001600,0.00001546,0.00001548,268105.00000000
1511618400,1511621999,0.00001557,0.00001557,0.00001497,0.00001544,45144.00000000
1511622000,1511625599,0.00001552,0.00001600,0.00001539,0.00001599,426786.00000000
1511625600,1511629199,0.00001582,0.00001600,0.00001582,0.00001600,172567.00000000
1511629200,1511632799,0.00001600,0.00001600,0.00001590,0.00001598,166655.00000000
1511632800,1511636399,0.00001607,0.00001607,0.00001607,0.00001607,750.00000000
1511636400,1511639999,0.00001607,0.00001607,0.00001607,0.00001607,0.00000000
1511640000,1511643599,0.00001607,0.00001607,0.00001607,0.00001607,46428.00000000
1511643600,1511647199,0.00001607,0.00001607,0.00001607,0.00001607,114902.00000000
1511647200,1511650799,0.00001611,0.00001623,0.00001611,0.00001623,5200.00000000
1511650800,1511654399,0.00001614,0.00001660,0.00001614,0.00001660,13945.00000000
1511654400,1511657999,0.00001643,0.00001690,0.00001610,0.00001664,850012.00000000
1511658000,1511661599,0.00001664,0.00001664,0.00001664,0.00001664,0.00000000
1511661600,1511665199,0.00001663,0.00001666,0.00001655,0.00001666,239585.00000000
1511665200,1511668799,0.00001655,0.00001666,0.00001655,0.00001655,744703.00000000
1511668800,1511672399,0.00001656,0.00001666,0.00001655,0.00001655,453634.00000000
1511672400,1511675999,0.00001655,0.00001659,0.00001643,0.00001658,406935.00000000
1511676000,1511679599,0.00001664,0.00001678,0.00001655,0.00001658,218138.00000000
1511679600,1511683199,0.00001658,0.00001658,0.00001627,0.00001628,205837.00000000
1511683200,1511686799,0.00001628,0.00001628,0.00001623,0.00001623,2794.00000000
1511686800,1511690399,0.00001620,0.00001620,0.00001501,0.00001501,110620.00000000
1511690400,1511693999,0.00001560,0.00001592,0.00001523,0.00001589,75638.00000000
1511694000,1511697599,0.00001555,0.00001555,0.00001555,0.00001555,98767.00000000
1511697600,1511701199,0.00001573,0.00001629,0.00001554,0.00001603,323853.00000000
1511701200,1511704799,0.00001588,0.00001588,0.00001539,0.00001539,20697.00000000
1511704800,1511708399,0.00001545,0.00001545,0.00001341,0.00001479,1637588.00000000
1511708400,1511711999,0.00001481,0.00001552,0.00001476,0.00001552,132785.00000000
1511712000,1511715599,0.00001568,0.00001592,0.00001465,0.00001571,177365.00000000
1511715600,1511719199,0.00001571,0.00001571,0.00001571,0.00001571,0.00000000
1511719200,1511722799,0.00001571,0.00001605,0.00001548,0.00001548,59788.00000000
1511722800,1511726399,0.00001548,0.00001548,0.00001526,0.00001526,16629.00000000
1511726400,1511729999,0.00001526,0.00001577,0.00001512,0.00001577,119149.00000000
1511730000,1511733599,0.00001512,0.00001512,0.00001458,0.00001458,372026.00000000
1511733600,1511737199,0.00001574,0.00001609,0.00001520,0.00001520,704424.00000000
1511737200,1511740799,0.00001572,0.00001580,0.00001553,0.00001553,12848.00000000
1511740800,1511744399,0.00001572,0.00001640,0.00001572,0.00001629,815665.00000000
1511744400,1511747999,0.00001629,0.00001640,0.00001605,0.00001615,463883.00000000
1511748000,1511751599,0.00001626,0.00001635,0.00001611,0.00001611,723404.00000000
1511751600,1511755199,0.00001610,0.00001613,0.00001588,0.00001588,130159.00000000
1511755200,1511758799,0.00001585,0.00001590,0.00001434,0.00001434,369739.00000000
1511758800,1511762399,0.00001502,0.00001547,0.00001430,0.00001543,154239.00000000
1511762400,1511765999,0.00001539,0.00001539,0.00001512,0.00001512,164246.00000000
1511766000,1511769599,0.00001512,0.00001512,0.00001496,0.00001500,303152.00000000
1511769600,1511773199,0.00001499,0.00001500,0.00001473,0.00001473,176968.00000000
1511773200,1511776799,0.00001473,0.00001474,0.00001473,0.00001473,411478.00000000
1511776800,1511780399,0.00001472,0.00001511,0.00001431,0.00001511,1433359.00000000
1511780400,1511783999,0.00001503,0.00001511,0.00001496,0.00001496,138414.00000000
1511784000,1511787599,0.00001503,0.00001511,0.00001503,0.00001511,917075.00000000
1511787600,1511791199,0.00001511,0.00001518,0.00001511,0.00001512,421741.00000000
1511791200,1511794799,0.00001514,0.00001613,0.00001499,0.00001613,1159118.00000000
1511794800,1511798399,0.00001613,0.00001818,0.00001608,0.00001728,7063590.00000000
1511798400,1511801999,0.00001749,0.00001820,0.00001629,0.00001820,2415222.00000000
1511802000,1511805599,0.00001827,0.00001830,0.00001792,0.00001827,1072304.00000000
1511805600,1511809199,0.00001829,0.00002200,0.00001820,0.00002000,4409987.00000000
1511809200,1511812799,0.00001914,0.00002166,0.00001799,0.00001954,2158446.00000000
1511812800,1511816399,0.00001920,0.00002000,0.00001703,0.00001876,1192987.00000000
1511816400,1511819999,0.00001877,0.00001940,0.00001700,0.00001700,633925.00000000
1511820000,1511823599,0.00001705,0.00001819,0.00001688,0.00001741,470952.00000000
1511823600,1511827199,0.00001782,0.00001782,0.00001779,0.00001779,1329654.00000000
1511827200,1511830799,0.00001777,0.00001798,0.00001736,0.00001795,1497151.00000000
1511830800,1511834399,0.00001795,0.00001799,0.00001746,0.00001797,848617.00000000
1511834400,1511837999,0.00001772,0.00001800,0.00001669,0.00001756,2446476.00000000
1511838000,1511841599,0.00001721,0.00001741,0.00001530,0.00001577,1921653.00000000
1511841600,1511845199,0.00001612,0.00001810,0.00001612,0.00001743,1813571.00000000
1511845200,1511848799,0.00001733,0.00001799,0.00001733,0.00001772,387834.00000000
1511848800,1511852399,0.00001772,0.00001970,0.00001772,0.00001970,3432873.00000000
1511852400,1511855999,0.00001970,0.00001988,0.00001909,0.00001939,997282.00000000
1511856000,1511859599,0.00001968,0.00001990,0.00001900,0.00001990,1081785.00000000
1511859600,1511863199,0.00001992,0.00001998,0.00001870,0.00001900,154538.00000000
1511863200,1511866799,0.00001900,0.00001919,0.00001813,0.00001883,1043252.00000000
1511866800,1511870399,0.00001903,0.00001927,0.00001832,0.00001832,364903.00000000
1511870400,1511873999,0.00001881,0.00001881,0.00001881,0.00001881,606451.00000000
1511874000,1511877599,0.00001881,0.00001881,0.00001831,0.00001831,681704.00000000
1511877600,1511881199,0.00001831,0.00001850,0.00001710,0.00001710,1248971.00000000
1511881200,1511884799,0.00001770,0.00001802,0.00001728,0.00001745,118828.00000000
1511884800,1511888399,0.00001732,0.00001765,0.00001685,0.00001765,481408.00000000
1511888400,1511891999,0.00001746,0.00001802,0.00001710,0.00001802,106155.00000000
1511892000,1511895599,0.00001783,0.00001788,0.00001745,0.00001788,214549.00000000
1511895600,1511899199,0.00001745,0.00001788,0.00001710,0.00001788,317023.00000000
1511899200,1511902799,0.00001788,0.00001788,0.00001693,0.00001750,803522.00000000
1511902800,1511906399,0.00001750,0.00001802,0.00001702,0.00001717,338252.00000000
1511906400,1511909999,0.00001743,0.00001761,0.00001717,0.00001761,66789.00000000
1511910000,1511913599,0.00001779,0.00001779,0.00001665,0.00001680,362086.00000000
1511913600,1511917199,0.00001680,0.00001719,0.00001615,0.00001719,933116.00000000
1511917200,1511920799,0.00001737,0.00001772,0.00001636,0.00001720,2454580.00000000
1511920800,1511924399,0.00001717,0.00001717,0.00001636,0.00001661,495075.00000000
1511924400,1511927999,0.00001679,0.00001754,0.00001679,0.00001706,599026.00000000
1511928000,1511931599,0.00001706,0.00001710,0.00001665,0.00001665,362213.00000000
1511931600,1511935199,0.00001649,0.00001667,0.00001643,0.00001644,821184.00000000
1511935200,1511938799,0.00001644,0.00001719,0.00001640,0.00001701,626843.00000000
1511938800,1511942399,0.00001701,0.00001701,0.00001602,0.00001602,301294.00000000
1511942400,1511945999,0.00001601,0.00001636,0.00001594,0.00001594,1960848.00000000
1511946000,1511949599,0.00001571,0.00001609,0.00001555,0.00001600,306399.00000000
1511949600,1511953199,0.00001600,0.00001600,0.00001585,0.00001585,8246.00000000
1511953200,1511956799,0.00001600,0.00001720,0.00001600,0.00001682,582357.00000000
1511956800,1511960399,0.00001658,0.00001658,0.00001520,0.00001520,1001599.00000000
1511960400,1511963999,0.00001520,0.00001563,0.00001454,0.00001535,460634.00000000
1511964000,1511967599,0.00001563,0.00001611,0.00001516,0.00001516,439087.00000000
1511967600,1511971199,0.00001516,0.00001524,0.00001392,0.00001524,454803.00000000
1511971200,1511974799,0.00001506,0.00001515,0.00001200,0.00001321,2905036.00000000
1511974800,1511978399,0.00001335,0.00001370,0.00001200,0.00001245,3642432.00000000
1511978400,1511981999,0.00001259,0.00001365,0.00001259,0.00001296,2039528.00000000
1511982000,1511985599,0.00001323,0.00001347,0.00001274,0.00001292,1691202.00000000
1511985600,1511989199,0.00001297,0.00001474,0.00001297,0.00001429,383684.00000000
1511989200,1511992799,0.00001430,0.00001444,0.00001400,0.00001428,796861.00000000
1511992800,1511996399,0.00001428,0.00001472,0.00001400,0.00001472,402193.00000000
1511996400,1511999999,0.00001472,0.00001486,0.00001471,0.00001486,240572.00000000
1512000000,1512003599,0.00001476,0.00001900,0.00001460,0.00001728,4489095.00000000
1512003600,1512007199,0.00001782,0.00001782,0.00001557,0.00001656,2138791.00000000
1512007200,1512010799,0.00001656,0.00002035,0.00001656,0.00001939,5956067.00000000
1512010800,1512014399,0.00001919,0.00002150,0.00001900,0.00002120,9001474.00000000
1512014400,1512017999,0.00002106,0.00002106,0.00001774,0.00001910,4036034.00000000
1512018000,1512021599,0.00001910,0.00001929,0.00001838,0.00001838,1181336.00000000
1512021600,1512025199,0.00001883,0.00001893,0.00001845,0.00001878,313981.00000000
1512025200,1512028799,0.00001873,0.00001916,0.00001846,0.00001846,366641.00000000
1512028800,1512032399,0.00001866,0.00001930,0.00001846,0.00001904,377753.00000000
1512032400,1512035999,0.00001904,0.00001950,0.00001883,0.00001883,1400501.00000000
1512036000,1512039599,0.00001919,0.00001948,0.00001792,0.00001792,208446.00000000
1512039600,1512043199,0.00001790,0.00001844,0.00001701,0.00001819,552464.00000000
1512043200,1512046799,0.00001819,0.00001819,0.00001791,0.00001800,338539.00000000
1512046800,1512050399,0.00001800,0.00001821,0.00001800,0.00001800,930898.00000000
1512050400,1512053999,0.00001791,0.00001799,0.00001751,0.00001752,366135.00000000
1512054000,1512057599,0.00001759,0.00001767,0.00001721,0.00001721,1386485.00000000
1512057600,1512061199,0.00001721,0.00001797,0.00001643,0.00001726,1873849.00000000
1512061200,1512064799,0.00001704,0.00001773,0.00001621,0.00001773,1212713.00000000
1512064800,1512068399,0.00001771,0.00001796,0.00001730,0.00001783,910499.00000000
1512068400,1512071999,0.00001783,0.00001834,0.00001782,0.00001819,601426.00000000
1512072000,1512075599,0.00001819,0.00001819,0.00001738,0.00001738,91304.00000000
1512075600,1512079199,0.00001756,0.00001803,0.00001756,0.00001801,60919.00000000
1512079200,1512082799,0.00001801,0.00001929,0.00001801,0.00001922,431918.00000000
1512082800,1512086399,0.00001922,0.00001942,0.00001779,0.00001862,817157.00000000
1512086400,1512089999,0.00001861,0.00001951,0.00001793,0.00001810,714126.00000000
1512090000,1512093599,0.00001807,0.00001850,0.00001780,0.00001850,191959.00000000
1512093600,1512097199,0.00001850,0.00001948,0.00001850,0.00001902,771189.00000000
1512097200,1512100799,0.00001900,0.00001900,0.00001880,0.00001880,131425.00000000
1512100800,1512104399,0.00001888,0.00001918,0.00001865,0.00001865,190348.00000000
1512104400,1512107999,0.00001846,0.00001864,0.00001827,0.00001864,238917.00000000
1512108000,1512111599,0.00001864,0.00001864,0.00001820,0.00001820,57366.00000000
1512111600,1512115199,0.00001821,0.00001821,0.00001821,0.00001821,25000.00000000
1512115200,1512118799,0.00001820,0.00001856,0.00001771,0.00001856,183690.00000000
1512118800,1512122399,0.00001835,0.00001896,0.00001835,0.00001875,486800.00000000
1512122400,1512125999,0.00001876,0.00001894,0.00001845,0.00001845,1956777.00000000
1512126000,1512129599,0.00001845,0.00001891,0.00001823,0.00001846,130182.00000000
1512129600,1512133199,0.00001846,0.00001895,0.00001770,0.00001778,855741.00000000
1512133200,1512136799,0.00001759,0.00001838,0.00001740,0.00001821,387982.00000000
1512136800,1512140399,0.00001821,0.00001860,0.00001820,0.00001820,520233.00000000
1512140400,1512143999,0.00001819,0.00001930,0.00001781,0.00001930,711075.00000000
1512144000,1512147599,0.00001842,0.00001842,0.00001781,0.00001825,208588.00000000
1512147600,1512151199,0.00001825,0.00001848,0.00001784,0.00001848,32777.00000000
1512151200,1512154799,0.00001847,0.00001850,0.00001811,0.00001811,33046.00000000
1512154800,1512158399,0.00001810,0.00001810,0.00001810,0.00001810,1640.00000000
1512158400,1512161999,0.00001810,0.00001895,0.00001810,0.00001895,293170.00000000
1512162000,1512165599,0.00001872,0.00001895,0.00001846,0.00001860,232064.00000000
1512165600,1512169199,0.00001860,0.00002083,0.00001860,0.00001924,1771359.00000000
1512169200,1512172799,0.00001929,0.00001943,0.00001913,0.00001943,38698.00000000
1512172800,1512176399,0.00001943,0.00001973,0.00001920,0.00001959,378378.00000000
1512176400,1512179999,0.00001959,0.00001959,0.00001820,0.00001866,329998.00000000
1512180000,1512183599,0.00001856,0.00001959,0.00001820,0.00001883,49191.00000000
1512183600,1512187199,0.00001875,0.00001875,0.00001820,0.00001840,416741.00000000
1512187200,1512190799,0.00001840,0.00001889,0.00001780,0.00001869,143542.00000000
1512190800,1512194399,0.00001869,0.00001869,0.00001869,0.00001869,52457.00000000
1512194400,1512197999,0.00001871,0.00001874,0.00001871,0.00001874,215264.00000000
1512198000,1512201599,0.00001869,0.00001874,0.00001860,0.00001860,97089.00000000
1512201600,1512205199,0.00001833,0.00001833,0.00001802,0.00001822,35400.00000000
1512205200,1512208799,0.00001834,0.00001855,0.00001822,0.00001855,869127.00000000
1512208800,1512212399,0.00001843,0.00001855,0.00001803,0.00001803,881592.00000000
1512212400,1512215999,0.00001812,0.00001812,0.00001759,0.00001807,549617.00000000
1512216000,1512219599,0.00001808,0.00001910,0.00001808,0.00001910,821560.00000000
1512219600,1512223199,0.00001850,0.00001850,0.00001820,0.00001830,55667.00000000
1512223200,1512226799,0.00001820,0.00001850,0.00001689,0.00001742,829122.00000000
1512226800,1512230399,0.00001741,0.00001741,0.00001650,0.00001672,480284.00000000
1512230400,1512233999,0.00001672,0.00001711,0.00001672,0.00001681,259828.00000000
1512234000,1512237599,0.00001702,0.00001831,0.00001702,0.00001798,703930.00000000
1512237600,1512241199,0.00001791,0.00001791,0.00001768,0.00001768,19274.00000000
1512241200,1512244799,0.00001768,0.00001768,0.00001768,0.00001768,0.00000000
1512244800,1512248399,0.00001791,0.00001850,0.00001791,0.00001850,32449.00000000
1512248400,1512251999,0.00001800,0.00001830,0.00001789,0.00001830,325853.00000000
1512252000,1512255599,0.00001830,0.00001830,0.00001830,0.00001830,20636.00000000
1512255600,1512259199,0.00001830,0.00001830,0.00001806,0.00001806,39930.00000000
1512259200,1512262799,0.00001776,0.00001776,0.00001670,0.00001730,216137.00000000
1512262800,1512266399,0.00001749,0.00001749,0.00001730,0.00001730,127359.00000000
1512266400,1512269999,0.00001749,0.00001776,0.00001730,0.00001730,712396.00000000
1512270000,1512273599,0.00001730,0.00001730,0.00001670,0.00001672,667481.00000000
1512273600,1512277199,0.00001690,0.00001708,0.00001690,0.00001708,752194.00000000
1512277200,1512280799,0.00001709,0.00001709,0.00001673,0.00001674,401949.00000000
1512280800,1512284399,0.00001706,0.00001706,0.00001640,0.00001668,2346828.00000000
1512284400,1512287999,0.00001668,0.00001701,0.00001586,0.00001648,610927.00000000
1512288000,1512291599,0.00001634,0.00001700,0.00001600,0.00001669,1284717.00000000
1512291600,1512295199,0.00001670,0.00001704,0.00001651,0.00001651,964804.00000000
1512295200,1512298799,0.00001667,0.00001706,0.00001667,0.00001706,125268.00000000
1512298800,1512302399,0.00001680,0.00001706,0.00001651,0.00001682,490976.00000000
1512302400,1512305999,0.00001682,0.00001705,0.00001651,0.00001705,466482.00000000
1512306000,1512309599,0.00001704,0.00001705,0.00001686,0.00001686,8864.00000000
1512309600,1512313199,0.00001705,0.00001705,0.00001636,0.00001679,102436.00000000
1512313200,1512316799,0.00001704,0.00001720,0.00001651,0.00001651,108614.00000000
1512316800,1512320399,0.00001713,0.00001713,0.00001684,0.00001684,20584.00000000
1512320400,1512323999,0.00001700,0.00001709,0.00001681,0.00001709,71014.00000000
1512324000,1512327599,0.00001700,0.00001700,0.00001697,0.00001697,13135.00000000
1512327600,1512331199,0.00001690,0.00001700,0.00001690,0.00001700,151713.00000000
1512331200,1512334799,0.00001700,0.00001700,0.00001700,0.00001700,12619.00000000
1512334800,1512338399,0.00001682,0.00001682,0.00001616,0.00001616,234247.00000000
1512338400,1512341999,0.00001666,0.00001666,0.00001616,0.00001649,35450.00000000
1512342000,1512345599,0.00001649,0.00001649,0.00001616,0.00001616,178051.00000000
1512345600,1512349199,0.00001622,0.00001666,0.00001622,0.00001666,210795.00000000
1512349200,1512352799,0.00001683,0.00001712,0.00001642,0.00001642,79520.00000000
1512352800,1512356399,0.00001642,0.00001680,0.00001642,0.00001660,356804.00000000
1512356400,1512359999,0.00001660,0.00001680,0.00001642,0.00001642,1030714.00000000
1512360000,1512363599,0.00001642,0.00001678,0.00001603,0.00001622,422294.00000000
1512363600,1512367199,0.00001621,0.00001710,0.00001576,0.00001594,1751145.00000000
1512367200,1512370799,0.00001594,0.00001594,0.00001594,0.00001594,0.00000000
1512370800,1512374399,0.00001594,0.00001594,0.00001560,0.00001560,305991.00000000
1512374400,1512377999,0.00001551,0.00001567,0.00001551,0.00001551,571349.00000000
1512378000,1512381599,0.00001551,0.00001592,0.00001513,0.00001513,416134.00000000
1512381600,1512385199,0.00001553,0.00001564,0.00001531,0.00001550,246433.00000000
1512385200,1512388799,0.00001518,0.00001552,0.00001502,0.00001549,559702.00000000
1512388800,1512392399,0.00001552,0.00001599,0.00001552,0.00001569,61681.00000000
1512392400,1512395999,0.00001552,0.00001552,0.00001512,0.00001513,199494.00000000
1512396000,1512399599,0.00001514,0.00001600,0.00001513,0.00001600,373771.00000000
1512399600,1512403199,0.00001579,0.00001630,0.00001576,0.00001630,528727.00000000
1512403200,1512406799,0.00001612,0.00001639,0.00001580,0.00001580,862855.00000000
1512406800,1512410399,0.00001580,0.00001650,0.00001580,0.00001603,266442.00000000
1512410400,1512413999,0.00001582,0.00001582,0.00001576,0.00001576,360304.00000000
1512414000,1512417599,0.00001581,0.00001581,0.00001581,0.00001581,974.00000000
1512417600,1512421199,0.00001574,0.00001574,0.00001527,0.00001527,41399.00000000
1512421200,1512424799,0.00001541,0.00001581,0.00001512,0.00001540,324522.00000000
1512424800,1512428399,0.00001540,0.00001581,0.00001513,0.00001522,145551.00000000
1512428400,1512431999,0.00001582,0.00001609,0.00001550,0.00001550,222202.00000000
1512432000,1512435599,0.00001549,0.00001610,0.00001530,0.00001573,488945.00000000
1512435600,1512439199,0.00001562,0.00001562,0.00001550,0.00001550,130277.00000000
1512439200,1512442799,0.00001550,0.00001649,0.00001540,0.00001625,305157.00000000
1512442800,1512446399,0.00001601,0.00001692,0.00001600,0.00001651,1271396.00000000
1512446400,1512449999,0.00001650,0.00001680,0.00001620,0.00001640,949552.00000000
1512450000,1512453599,0.00001657,0.00001692,0.00001640,0.00001678,967747.00000000
1512453600,1512457199,0.00001678,0.00001690,0.00001678,0.00001678,1147493.00000000
1512457200,1512460799,0.00001692,0.00001720,0.00001676,0.00001700,1453621.00000000
1512460800,1512464399,0.00001681,0.00001700,0.00001676,0.00001676,1989457.00000000
1512464400,1512467999,0.00001676,0.00001697,0.00001600,0.00001659,1006675.00000000
1512468000,1512471599,0.00001659,0.00001662,0.00001618,0.00001655,221835.00000000
1512471600,1512475199,0.00001660,0.00001660,0.00001619,0.00001626,205093.00000000
1512475200,1512478799,0.00001655,0.00001695,0.00001619,0.00001638,1254426.00000000
1512478800,1512482399,0.00001649,0.00001700,0.00001617,0.00001661,1835505.00000000
1512482400,1512485999,0.00001657,0.00001700,0.00001620,0.00001649,626862.00000000
1512486000,1512489599,0.00001637,0.00001673,0.00001622,0.00001663,873493.00000000
1512489600,1512493199,0.00001663,0.00001801,0.00001660,0.00001722,1012251.00000000
1512493200,1512496799,0.00001740,0.00001752,0.00001701,0.00001718,186671.00000000
1512496800,1512500399,0.00001716,0.00001736,0.00001699,0.00001734,442335.00000000
1512500400,1512503999,0.00001706,0.00001706,0.00001706,0.00001706,2052.00000000
1512504000,1512507599,0.00001721,0.00001760,0.00001710,0.00001710,441304.00000000
1512507600,1512511199,0.00001709,0.00001715,0.00001699,0.00001699,940064.00000000
1512511200,1512514799,0.00001705,0.00001762,0.00001699,0.00001762,293438.00000000
1512514800,1512518399,0.00001799,0.00001799,0.00001703,0.00001705,329720.00000000
1512518400,1512521999,0.00001767,0.00001876,0.00001699,0.00001826,1856768.00000000
1512522000,1512525599,0.00001826,0.00001830,0.00001770,0.00001770,263542.00000000
1512525600,1512529199,0.00001770,0.00002025,0.00001770,0.00001981,4239252.00000000
1512529200,1512532799,0.00001974,0.00001985,0.00001871,0.00001874,1402977.00000000
1512532800,1512536399,0.00001889,0.00001984,0.00001887,0.00001945,870790.00000000
1512536400,1512539999,0.00001945,0.00002048,0.00001939,0.00002037,3538577.00000000
1512540000,1512543599,0.00002037,0.00002048,0.00001971,0.00002002,1845497.00000000
1512543600,1512547199,0.00002002,0.00002073,0.00001994,0.00002007,977274.00000000
1512547200,1512550799,0.00002014,0.00002063,0.00001984,0.00002039,1394979.00000000
1512550800,1512554399,0.00002053,0.00002061,0.00002000,0.00002059,788770.00000000
1512554400,1512557999,0.00002058,0.00002060,0.00002001,0.00002028,1334354.00000000
1512558000,1512561599,0.00002000,0.00002040,0.00001950,0.00001989,2089977.00000000
1512561600,1512565199,0.00001970,0.00001999,0.00001772,0.00001999,4215266.00000000
1512565200,1512568799,0.00002002,0.00002037,0.00001970,0.00002020,767115.00000000
1512568800,1512572399,0.00002020,0.00002037,0.00001968,0.00001968,1193907.00000000
1512572400,1512575999,0.00001968,0.00002035,0.00001968,0.00002035,1198929.00000000
1512576000,1512579599,0.00002015,0.00002015,0.00001895,0.00001895,1498698.00000000
1512579600,1512583199,0.00001895,0.00002100,0.00001856,0.00002009,2532323.00000000
1512583200,1512586799,0.00002012,0.00002155,0.00002012,0.00002106,1448909.00000000
1512586800,1512590399,0.00002127,0.00002165,0.00002063,0.00002164,1123689.00000000
1512590400,1512593999,0.00002165,0.00002200,0.00002131,0.00002198,622871.00000000
1512594000,1512597599,0.00002218,0.00002295,0.00002198,0.00002215,1306636.00000000
1512597600,1512601199,0.00002215,0.00002300,0.00002197,0.00002197,856366.00000000
1512601200,1512604799,0.00002194,0.00002197,0.00002084,0.00002084,1021487.00000000
1512604800,1512608399,0.00002156,0.00002318,0.00002147,0.00002300,2641715.00000000
1512608400,1512611999,0.00002310,0.00002638,0.00002250,0.00002510,7413988.00000000
1512612000,1512615599,0.00002460,0.00002888,0.00002300,0.00002888,7402797.00000000
1512615600,1512619199,0.00002888,0.00002988,0.00002486,0.00002732,10659954.00000000
1512619200,1512622799,0.00002690,0.00002878,0.00002603,0.00002768,4208929.00000000
1512622800,1512626399,0.00002779,0.00002880,0.00002667,0.00002668,2395523.00000000
1512626400,1512629999,0.00002669,0.00002741,0.00002641,0.00002678,2163033.00000000
1512630000,1512633599,0.00002672,0.00002672,0.00002350,0.00002351,2472867.00000000
1512633600,1512637199,0.00002411,0.00002495,0.00002397,0.00002434,2836487.00000000
1512637200,1512640799,0.00002431,0.00002586,0.00002401,0.00002457,2711646.00000000
1512640800,1512644399,0.00002431,0.00002619,0.00002401,0.00002441,4417635.00000000
1512644400,1512647999,0.00002441,0.00002499,0.00002220,0.00002354,4826650.00000000
1512648000,1512651599,0.00002354,0.00002581,0.00002354,0.00002492,2487008.00000000
1512651600,1512655199,0.00002492,0.00002548,0.00002486,0.00002486,1023239.00000000
1512655200,1512658799,0.00002457,0.00002486,0.00002227,0.00002326,2139615.00000000
1512658800,1512662399,0.00002295,0.00002489,0.00002243,0.00002385,1091145.00000000
1512662400,1512665999,0.00002360,0.00002418,0.00002220,0.00002259,1670942.00000000
1512666000,1512669599,0.00002220,0.00002220,0.00002158,0.00002200,474497.00000000
1512669600,1512673199,0.00002203,0.00002280,0.00002203,0.00002270,714279.00000000
1512673200,1512676799,0.00002260,0.00002281,0.00002130,0.00002130,652105.00000000
1512676800,1512680399,0.00002105,0.00002149,0.00002088,0.00002142,656844.00000000
1512680400,1512683999,0.00002142,0.00002166,0.00002142,0.00002143,501589.00000000
1512684000,1512687599,0.00002166,0.00002213,0.00002166,0.00002213,714132.00000000
1512687600,1512691199,0.00002213,0.00002274,0.00002169,0.00002267,614019.00000000
1512691200,1512694799,0.00002250,0.00002328,0.00002109,0.00002109,1499602.00000000
1512694800,1512698399,0.00002106,0.00002106,0.00001801,0.00001907,1405196.00000000
1512698400,1512701999,0.00001908,0.00002135,0.00001888,0.00002098,5113850.00000000
1512702000,1512705599,0.00002098,0.00002172,0.00001888,0.00001980,5560136.00000000
1512705600,1512709199,0.00001980,0.00002099,0.00001965,0.00002053,1939571.00000000
1512709200,1512712799,0.00002053,0.00002116,0.00001888,0.00001956,1512492.00000000
1512712800,1512716399,0.00001950,0.00001997,0.00001901,0.00001938,1374964.00000000
1512716400,1512719999,0.00001956,0.00002088,0.00001921,0.00001986,876405.00000000
1512720000,1512723599,0.00001983,0.00001983,0.00001921,0.00001921,1089371.00000000
1512723600,1512727199,0.00001930,0.00002092,0.00001901,0.00002014,1750994.00000000
1512727200,1512730799,0.00001997,0.00002087,0.00001993,0.00001995,769305.00000000
1512730800,1512734399,0.00001995,0.00002020,0.00001900,0.00001920,1029534.00000000
1512734400,1512737999,0.00001918,0.00001983,0.00001915,0.00001942,556024.00000000
1512738000,1512741599,0.00001973,0.00001986,0.00001908,0.00001910,449849.00000000
1512741600,1512745199,0.00001936,0.00002014,0.00001936,0.00002014,1225955.00000000
1512745200,1512748799,0.00002014,0.00002014,0.00001906,0.00001908,1155569.00000000
1512748800,1512752399,0.00001908,0.00001908,0.00001900,0.00001900,1474579.00000000
1512752400,1512755999,0.00001900,0.00001901,0.00001810,0.00001810,869522.00000000
1512756000,1512759599,0.00001826,0.00001826,0.00001799,0.00001816,549118.00000000
1512759600,1512763199,0.00001824,0.00001918,0.00001824,0.00001860,308941.00000000
1512763200,1512766799,0.00001864,0.00001976,0.00001864,0.00001905,150188.00000000
1512766800,1512770399,0.00001895,0.00001910,0.00001895,0.00001896,87439.00000000
1512770400,1512773999,0.00001904,0.00001940,0.00001901,0.00001940,19386.00000000
1512774000,1512777599,0.00001963,0.00001975,0.00001959,0.00001975,70272.00000000
1512777600,1512781199,0.00001976,0.00001997,0.00001960,0.00001960,571639.00000000
1512781200,1512784799,0.00001946,0.00001974,0.00001903,0.00001903,254006.00000000
1512784800,1512788399,0.00001909,0.00001974,0.00001909,0.00001965,175514.00000000
1512788400,1512791999,0.00001965,0.00001965,0.00001840,0.00001876,233913.00000000
1512792000,1512795599,0.00001863,0.00001889,0.00001820,0.00001820,668649.00000000
1512795600,1512799199,0.00001818,0.00001836,0.00001749,0.00001756,941552.00000000
1512799200,1512802799,0.00001749,0.00001830,0.00001705,0.00001800,947220.00000000
1512802800,1512806399,0.00001800,0.00001809,0.00001734,0.00001744,867435.00000000
1512806400,1512809999,0.00001752,0.00001786,0.00001701,0.00001737,606613.00000000
1512810000,1512813599,0.00001753,0.00001755,0.00001717,0.00001749,189009.00000000
1512813600,1512817199,0.00001757,0.00001789,0.00001757,0.00001775,394018.00000000
1512817200,1512820799,0.00001774,0.00001779,0.00001740,0.00001771,1183111.00000000
1512820800,1512824399,0.00001771,0.00001771,0.00001701,0.00001713,811781.00000000
1512824400,1512827999,0.00001758,0.00001803,0.00001688,0.00001723,929344.00000000
1512828000,1512831599,0.00001723,0.00001831,0.00001723,0.00001831,421385.00000000
1512831600,1512835199,0.00001828,0.00001828,0.00001748,0.00001761,562516.00000000
1512835200,1512838799,0.00001772,0.00001840,0.00001720,0.00001720,2067171.00000000
1512838800,1512842399,0.00001741,0.00001749,0.00001700,0.00001713,1083289.00000000
1512842400,1512845999,0.00001720,0.00001800,0.00001705,0.00001800,391301.00000000
1512846000,1512849599,0.00001797,0.00001830,0.00001791,0.00001819,249097.00000000
1512849600,1512853199,0.00001809,0.00001830,0.00001802,0.00001806,53759.00000000
1512853200,1512856799,0.00001800,0.00001800,0.00001775,0.00001800,26840.00000000
1512856800,1512860399,0.00001800,0.00001830,0.00001776,0.00001827,336818.00000000
1512860400,1512863999,0.00001811,0.00001811,0.00001785,0.00001797,193450.00000000
1512864000,1512867599,0.00001796,0.00001829,0.00001729,0.00001770,264076.00000000
1512867600,1512871199,0.00001771,0.00001830,0.00001729,0.00001729,556166.00000000
1512871200,1512874799,0.00001768,0.00001830,0.00001731,0.00001794,430692.00000000
1512874800,1512878399,0.00001779,0.00001779,0.00001725,0.00001725,97068.00000000
1512878400,1512881999,0.00001737,0.00001830,0.00001718,0.00001738,587152.00000000
1512882000,1512885599,0.00001738,0.00001743,0.00001700,0.00001723,968589.00000000
1512885600,1512889199,0.00001735,0.00001751,0.00001731,0.00001731,398455.00000000
1512889200,1512892799,0.00001750,0.00001787,0.00001723,0.00001723,212810.00000000
1512892800,1512896399,0.00001753,0.00001753,0.00001753,0.00001753,2107.00000000
1512896400,1512899999,0.00001753,0.00001753,0.00001723,0.00001723,145662.00000000
1512900000,1512903599,0.00001738,0.00001738,0.00001738,0.00001738,81939.00000000
1512903600,1512907199,0.00001753,0.00001788,0.00001738,0.00001762,162982.00000000
1512907200,1512910799,0.00001784,0.00001999,0.00001784,0.00001962,2911465.00000000
1512910800,1512914399,0.00001970,0.00002128,0.00001943,0.00002075,2897437.00000000
1512914400,1512917999,0.00002075,0.00002075,0.00001919,0.00001951,1654611.00000000
1512918000,1512921599,0.00001957,0.00001990,0.00001899,0.00001935,1196198.00000000
1512921600,1512925199,0.00001935,0.00002005,0.00001935,0.00001977,1052501.00000000
1512925200,1512928799,0.00001979,0.00002200,0.00001979,0.00002016,1595323.00000000
1512928800,1512932399,0.00002062,0.00002143,0.00002024,0.00002024,275167.00000000
1512932400,1512935999,0.00002041,0.00002199,0.00001990,0.00002177,475225.00000000
1512936000,1512939599,0.00002178,0.00002178,0.00001953,0.00001966,210377.00000000
1512939600,1512943199,0.00001988,0.00002028,0.00001950,0.00002003,138238.00000000
1512943200,1512946799,0.00002003,0.00002037,0.00001992,0.00002003,169331.00000000
1512946800,1512950399,0.00002014,0.00002178,0.00001995,0.00002100,964863.00000000
1512950400,1512953999,0.00002100,0.00002119,0.00002020,0.00002075,269188.00000000
1512954000,1512957599,0.00002075,0.00002110,0.00001946,0.00002086,377531.00000000
1512957600,1512961199,0.00002090,0.00002127,0.00002069,0.00002112,874781.00000000
1512961200,1512964799,0.00002112,0.00002127,0.00001900,0.00001911,1120068.00000000
1512964800,1512968399,0.00001906,0.00001906,0.00001894,0.00001906,205928.00000000
1512968400,1512971999,0.00001902,0.00002076,0.00001850,0.00001908,545765.00000000
1512972000,1512975599,0.00001879,0.00002076,0.00001849,0.00001910,797912.00000000
1512975600,1512979199,0.00001902,0.00001902,0.00001888,0.00001899,121683.00000000
1512979200,1512982799,0.00001891,0.00001974,0.00001868,0.00001934,697309.00000000
1512982800,1512986399,0.00001954,0.00002030,0.00001923,0.00001978,489490.00000000
1512986400,1512989999,0.00001993,0.00002030,0.00001979,0.00001999,105001.00000000
1512990000,1512993599,0.00002005,0.00002062,0.00001999,0.00002022,887680.00000000
1512993600,1512997199,0.00002000,0.00002041,0.00001851,0.00001885,671945.00000000
1512997200,1513000799,0.00001893,0.00001966,0.00001846,0.00001899,650999.00000000
1513000800,1513004399,0.00001899,0.00001899,0.00001820,0.00001840,961285.00000000
1513004400,1513007999,0.00001840,0.00001983,0.00001830,0.00001932,3035287.00000000
1513008000,1513011599,0.00001927,0.00001929,0.00001819,0.00001829,681495.00000000
1513011600,1513015199,0.00001864,0.00001950,0.00001864,0.00001885,376130.00000000
1513015200,1513018799,0.00001884,0.00001932,0.00001821,0.00001884,199231.00000000
1513018800,1513022399,0.00001853,0.00001889,0.00001853,0.00001888,50956.00000000
1513022400,1513025999,0.00001888,0.00001950,0.00001856,0.00001922,98761.00000000
1513026000,1513029599,0.00001922,0.00001950,0.00001922,0.00001950,47599.00000000
1513029600,1513033199,0.00001948,0.00001948,0.00001868,0.00001880,87130.00000000
1513033200,1513036799,0.00001890,0.00001890,0.00001751,0.00001751,1382088.00000000
1513036800,1513040399,0.00001720,0.00001814,0.00001718,0.00001745,722942.00000000
1513040400,1513043999,0.00001773,0.00001808,0.00001701,0.00001786,985252.00000000
1513044000,1513047599,0.00001787,0.00001787,0.00001670,0.00001671,469471.00000000
1513047600,1513051199,0.00001671,0.00001809,0.00001565,0.00001649,1093731.00000000
1513051200,1513054799,0.00001636,0.00001800,0.00001570,0.00001717,1674071.00000000
1513054800,1513058399,0.00001665,0.00001688,0.00001620,0.00001654,759907.00000000
1513058400,1513061999,0.00001672,0.00001715,0.00001672,0.00001702,451571.00000000
1513062000,1513065599,0.00001694,0.00001706,0.00001680,0.00001706,950015.00000000
1513065600,1513069199,0.00001706,0.00001715,0.00001660,0.00001697,136194.00000000
1513069200,1513072799,0.00001680,0.00001715,0.00001630,0.00001645,261445.00000000
1513072800,1513076399,0.00001645,0.00001693,0.00001618,0.00001629,547093.00000000
1513076400,1513079999,0.00001629,0.00001670,0.00001629,0.00001667,54591.00000000
1513080000,1513083599,0.00001649,0.00001670,0.00001605,0.00001631,625754.00000000
1513083600,1513087199,0.00001606,0.00001673,0.00001580,0.00001611,414728.00000000
1513087200,1513090799,0.00001596,0.00001596,0.00001416,0.00001440,1457817.00000000
1513090800,1513094399,0.00001440,0.00001510,0.00001389,0.00001412,3896577.00000000
1513094400,1513097999,0.00001406,0.00001490,0.00001396,0.00001438,750085.00000000
1513098000,1513101599,0.00001436,0.00001460,0.00001421,0.00001448,949315.00000000
1513101600,1513105199,0.00001447,0.00001539,0.00001447,0.00001477,833703.00000000
1513105200,1513108799,0.00001480,0.00001539,0.00001421,0.00001421,169190.00000000
1513108800,1513112399,0.00001421,0.00001438,0.00001405,0.00001422,162683.00000000
1513112400,1513115999,0.00001422,0.00001439,0.00001395,0.00001439,203141.00000000
1513116000,1513119599,0.00001439,0.00001439,0.00001439,0.00001439,40581.00000000
1513119600,1513123199,0.00001439,0.00001499,0.00001291,0.00001494,3200270.00000000
1513123200,1513126799,0.00001376,0.00001431,0.00001343,0.00001343,208778.00000000
1513126800,1513130399,0.00001333,0.00001730,0.00001311,0.00001500,10284121.00000000
1513130400,1513133999,0.00001524,0.00001634,0.00001524,0.00001568,83140.00000000
1513134000,1513137599,0.00001585,0.00001586,0.00001500,0.00001549,392951.00000000
1513137600,1513141199,0.00001523,0.00001554,0.00001500,0.00001500,2446158.00000000
1513141200,1513144799,0.00001501,0.00001521,0.00001500,0.00001500,524264.00000000
1513144800,1513148399,0.00001500,0.00001500,0.00001383,0.00001452,1280564.00000000
1513148400,1513151999,0.00001451,0.00001500,0.00001383,0.00001500,1080692.00000000
1513152000,1513155599,0.00001486,0.00001491,0.00001401,0.00001462,648704.00000000
1513155600,1513159199,0.00001472,0.00001472,0.00001453,0.00001465,255701.00000000
1513159200,1513162799,0.00001463,0.00001478,0.00001321,0.00001350,1688389.00000000
1513162800,1513166399,0.00001354,0.00001421,0.00001354,0.00001410,307349.00000000
1513166400,1513169999,0.00001420,0.00001420,0.00001313,0.00001337,725407.00000000
1513170000,1513173599,0.00001322,0.00001331,0.00001278,0.00001323,328916.00000000
1513173600,1513177199,0.00001315,0.00001318,0.00001170,0.00001185,2265783.00000000
1513177200,1513180799,0.00001198,0.00001288,0.00001198,0.00001288,500261.00000000
1513180800,1513184399,0.00001288,0.00001310,0.00001260,0.00001260,489927.00000000
1513184400,1513187999,0.00001261,0.00001286,0.00001260,0.00001286,421204.00000000
1513188000,1513191599,0.00001279,0.00001300,0.00001267,0.00001300,216646.00000000
1513191600,1513195199,0.00001299,0.00001330,0.00001260,0.00001270,288991.00000000
1513195200,1513198799,0.00001267,0.00001366,0.00001260,0.00001311,543879.00000000
1513198800,1513202399,0.00001311,0.00001734,0.00001297,0.00001603,4596228.00000000
1513202400,1513205999,0.00001585,0.00001729,0.00001412,0.00001706,2018363.00000000
1513206000,1513209599,0.00001724,0.00001727,0.00001583,0.00001607,1780313.00000000
1513209600,1513213199,0.00001609,0.00001722,0.00001487,0.00001543,2082778.00000000
1513213200,1513216799,0.00001520,0.00001628,0.00001420,0.00001454,1692331.00000000
1513216800,1513220399,0.00001453,0.00001477,0.00001339,0.00001414,1841998.00000000
1513220400,1513223999,0.00001424,0.00001477,0.00001385,0.00001385,2051294.00000000
1513224000,1513227599,0.00001426,0.00001454,0.00001342,0.00001342,1126738.00000000
1513227600,1513231199,0.00001354,0.00001454,0.00001347,0.00001410,1164764.00000000
1513231200,1513234799,0.00001414,0.00001474,0.00001414,0.00001463,1633236.00000000
1513234800,1513238399,0.00001474,0.00001643,0.00001387,0.00001403,1922153.00000000
1513238400,1513241999,0.00001415,0.00001425,0.00001242,0.00001330,6001527.00000000
1513242000,1513245599,0.00001331,0.00001331,0.00001119,0.00001201,11199167.00000000
1513245600,1513249199,0.00001201,0.00001288,0.00001159,0.00001288,4669202.00000000
1513249200,1513252799,0.00001288,0.00001378,0.00001266,0.00001362,5725317.00000000
1513252800,1513256399,0.00001364,0.00001480,0.00001364,0.00001479,5220322.00000000
1513256400,1513259999,0.00001480,0.00001700,0.00001439,0.00001678,12771599.00000000
1513260000,1513263599,0.00001697,0.00001697,0.00001539,0.00001642,5715374.00000000
1513263600,1513267199,0.00001648,0.00001890,0.00001618,0.00001737,8750122.00000000
1513267200,1513270799,0.00001730,0.00002515,0.00001730,0.00002300,15918995.00000000
1513270800,1513274399,0.00002313,0.00002687,0.00002257,0.00002394,19739199.00000000
1513274400,1513277999,0.00002380,0.00002387,0.00001801,0.00002042,8426766.00000000
1513278000,1513281599,0.00002066,0.00002365,0.00002054,0.00002264,4332616.00000000
1513281600,1513285199,0.00002285,0.00002299,0.00002161,0.00002215,1374144.00000000
1513285200,1513288799,0.00002240,0.00002286,0.00001900,0.00002047,2692478.00000000
1513288800,1513292399,0.00002068,0.00002142,0.00001924,0.00001925,1286639.00000000
1513292400,1513295999,0.00001911,0.00002142,0.00001900,0.00002125,2414596.00000000
1513296000,1513299599,0.00002138,0.00002138,0.00001963,0.00002010,3729243.00000000
1513299600,1513303199,0.00002000,0.00002243,0.00001837,0.00002019,6558340.00000000
1513303200,1513306799,0.00002042,0.00002311,0.00001816,0.00001851,6726320.00000000
1513306800,1513310399,0.00001869,0.00002063,0.00001868,0.00001984,2040567.00000000
1513310400,1513313999,0.00001992,0.00002200,0.00001992,0.00002200,2005091.00000000
1513314000,1513317599,0.00002200,0.00002359,0.00002028,0.00002089,2392671.00000000
1513317600,1513321199,0.00002067,0.00002187,0.00001946,0.00002057,1239970.00000000
1513321200,1513324799,0.00002063,0.00002308,0.00002063,0.00002308,4124396.00000000
1513324800,1513328399,0.00002305,0.00002308,0.00002253,0.00002308,1677949.00000000
1513328400,1513331999,0.00002300,0.00002335,0.00002127,0.00002335,6311482.00000000
1513332000,1513335599,0.00002303,0.00002369,0.00002201,0.00002308,1882140.00000000
1513335600,1513339199,0.00002282,0.00002449,0.00002250,0.00002449,2898775.00000000
1513339200,1513342799,0.00002449,0.00002700,0.00002330,0.00002554,9589010.00000000
1513342800,1513346399,0.00002554,0.00002687,0.00002160,0.00002335,7061674.00000000
1513346400,1513349999,0.00002331,0.00002383,0.00002176,0.00002200,3524697.00000000
1513350000,1513353599,0.00002200,0.00002227,0.00001800,0.00001974,7892046.00000000
1513353600,1513357199,0.00002005,0.00002100,0.00001802,0.00001944,4399916.00000000
1513357200,1513360799,0.00001946,0.00002030,0.00001936,0.00002010,2675528.00000000
1513360800,1513364399,0.00002010,0.00002162,0.00001998,0.00002132,1590804.00000000
1513364400,1513367999,0.00002126,0.00002232,0.00002090,0.00002090,1000216.00000000
1513368000,1513371599,0.00002081,0.00002093,0.00002000,0.00002000,638033.00000000
1513371600,1513375199,0.00002031,0.00002086,0.00001921,0.00001991,2008271.00000000
1513375200,1513378799,0.00001985,0.00002042,0.00001870,0.00001960,1746791.00000000
1513378800,1513382399,0.00001965,0.00002250,0.00001965,0.00002155,3423260.00000000
1513382400,1513385999,0.00002168,0.00002250,0.00001800,0.00002089,8542245.00000000
1513386000,1513389599,0.00002084,0.00002116,0.00001962,0.00002033,3594345.00000000
1513389600,1513393199,0.00002033,0.00002063,0.00001971,0.00002017,2180645.00000000
1513393200,1513396799,0.00002018,0.00002078,0.00001959,0.00002045,3471136.00000000
1513396800,1513400399,0.00002045,0.00002074,0.00002031,0.00002047,1977045.00000000
1513400400,1513403999,0.00002047,0.00002251,0.00002047,0.00002224,1937261.00000000
1513404000,1513407599,0.00002248,0.00002298,0.00002140,0.00002280,3464951.00000000
1513407600,1513411199,0.00002266,0.00002575,0.00002200,0.00002270,6052046.00000000
1513411200,1513414799,0.00002249,0.00002363,0.00002204,0.00002297,2208004.00000000
1513414800,1513418399,0.00002363,0.00002685,0.00002314,0.00002659,3404506.00000000
1513418400,1513421999,0.00002591,0.00002657,0.00002458,0.00002558,2549384.00000000
1513422000,1513425599,0.00002560,0.00002560,0.00002458,0.00002486,2202870.00000000
1513425600,1513429199,0.00002486,0.00002685,0.00002462,0.00002575,1674676.00000000
1513429200,1513432799,0.00002575,0.00002590,0.00002255,0.00002480,3067107.00000000
1513432800,1513436399,0.00002460,0.00002592,0.00002412,0.00002567,3956361.00000000
1513436400,1513439999,0.00002567,0.00002765,0.00002504,0.00002765,4963551.00000000
1513440000,1513443599,0.00002765,0.00002988,0.00002636,0.00002669,9529694.00000000
1513443600,1513447199,0.00002677,0.00002990,0.00002580,0.00002956,4585646.00000000
1513447200,1513450799,0.00002991,0.00003000,0.00002803,0.00002990,2291023.00000000
1513450800,1513454399,0.00002990,0.00003000,0.00002561,0.00002944,3053158.00000000
1513454400,1513457999,0.00002931,0.00002949,0.00002771,0.00002851,1618674.00000000
1513458000,1513461599,0.00002850,0.00003188,0.00002801,0.00003109,4154247.00000000
1513461600,1513465199,0.00003109,0.00003188,0.00002900,0.00003068,2617085.00000000
1513465200,1513468799,0.00003069,0.00003183,0.00002918,0.00003055,2685248.00000000
1513468800,1513472399,0.00003070,0.00003099,0.00002897,0.00003097,4356280.00000000
1513472400,1513475999,0.00003085,0.00003660,0.00002977,0.00003352,12786520.00000000
1513476000,1513479599,0.00003353,0.00004444,0.00003303,0.00004000,17586201.00000000
1513479600,1513483199,0.00004000,0.00004788,0.00003637,0.00004262,18003968.00000000
1513483200,1513486799,0.00004234,0.00004469,0.00003850,0.00003964,13870408.00000000
1513486800,1513490399,0.00003930,0.00004300,0.00003660,0.00003800,5753554.00000000
1513490400,1513493999,0.00003817,0.00004161,0.00003670,0.00004126,5347078.00000000
1513494000,1513497599,0.00004126,0.00004189,0.00003827,0.00004150,3887994.00000000
1513497600,1513501199,0.00004188,0.00004298,0.00004003,0.00004200,3881279.00000000
1513501200,1513504799,0.00004211,0.00004232,0.00003908,0.00004000,3320055.00000000
1513504800,1513508399,0.00003982,0.00004137,0.00003788,0.00003835,2374345.00000000
1513508400,1513511999,0.00003824,0.00003994,0.00003752,0.00003912,2464302.00000000
1513512000,1513515599,0.00003933,0.00003950,0.00003523,0.00003589,3784590.00000000
1513515600,1513519199,0.00003589,0.00003949,0.00003589,0.00003764,2982895.00000000
1513519200,1513522799,0.00003764,0.00003764,0.00003580,0.00003620,3991579.00000000
1513522800,1513526399,0.00003600,0.00003687,0.00003300,0.00003687,4717102.00000000
1513526400,1513529999,0.00003699,0.00004245,0.00003677,0.00003907,5492242.00000000
1513530000,1513533599,0.00003907,0.00004920,0.00003907,0.00004750,5523237.00000000
1513533600,1513537199,0.00004750,0.00004800,0.00004150,0.00004347,2342417.00000000
1513537200,1513540799,0.00004382,0.00005300,0.00004349,0.00004677,8376991.00000000
1513540800,1513544399,0.00004599,0.00005249,0.00004599,0.00005012,3841997.00000000
1513544400,1513547999,0.00005000,0.00005000,0.00004200,0.00004456,4802617.00000000
1513548000,1513551599,0.00004496,0.00004698,0.00004200,0.00004479,3243877.00000000
1513551600,1513555199,0.00004417,0.00004899,0.00004250,0.00004824,2801190.00000000
1513555200,1513558799,0.00004824,0.00005500,0.00004600,0.00004600,7623013.00000000
1513558800,1513562399,0.00004605,0.00004799,0.00004166,0.00004700,6469950.00000000
1513562400,1513565999,0.00004697,0.00004886,0.00004340,0.00004451,3258672.00000000
1513566000,1513569599,0.00004539,0.00004650,0.00004220,0.00004279,3051164.00000000
1513569600,1513573199,0.00004279,0.00004700,0.00004000,0.00004479,3129782.00000000
1513573200,1513576799,0.00004550,0.00004700,0.00004310,0.00004550,2514893.00000000
1513576800,1513580399,0.00004551,0.00004881,0.00004483,0.00004546,3230326.00000000
1513580400,1513583999,0.00004549,0.00004888,0.00004415,0.00004419,2583391.00000000
1513584000,1513587599,0.00004526,0.00004526,0.00004236,0.00004360,3016612.00000000
1513587600,1513591199,0.00004359,0.00004420,0.00004029,0.00004348,3234253.00000000
1513591200,1513594799,0.00004342,0.00004347,0.00003950,0.00003952,2547230.00000000
1513594800,1513598399,0.00003950,0.00004150,0.00003800,0.00003881,3490293.00000000
1513598400,1513600154,0.00003903,0.00003967,0.00003690,0.00003862,1636847.00000000
1513602000,1513605599,0.00003851,0.00003985,0.00003601,0.00003949,3108016.00000000
1513605600,1513609199,0.00003949,0.00004000,0.00003737,0.00003737,2811439.00000000
1513609200,1513612799,0.00003738,0.00004347,0.00003737,0.00004115,3439474.00000000
1513612800,1513616399,0.00004115,0.00004166,0.00003922,0.00004000,1968644.00000000
1513616400,1513619999,0.00004000,0.00004086,0.00003861,0.00003947,824852.00000000
1513620000,1513623599,0.00003946,0.00003953,0.00003702,0.00003705,585789.00000000
1513623600,1513627199,0.00003789,0.00004115,0.00003700,0.00003965,1094459.00000000
1513627200,1513630799,0.00003964,0.00003979,0.00003769,0.00003979,1884831.00000000
1513630800,1513634399,0.00003980,0.00004347,0.00003855,0.00004150,2161871.00000000
1513634400,1513637999,0.00004097,0.00004200,0.00003990,0.00004200,1484633.00000000
1513638000,1513641599,0.00004240,0.00004320,0.00004000,0.00004049,1946115.00000000
1513641600,1513645199,0.00004074,0.00004294,0.00004002,0.00004075,1979689.00000000
1513645200,1513648799,0.00004068,0.00004164,0.00003900,0.00003994,3470678.00000000
1513648800,1513652399,0.00003992,0.00003999,0.00003828,0.00003990,2160876.00000000
1513652400,1513655999,0.00003990,0.00004108,0.00003957,0.00004067,2724766.00000000
1513656000,1513659599,0.00004045,0.00004300,0.00004001,0.00004006,3122418.00000000
1513659600,1513663199,0.00004019,0.00004180,0.00003916,0.00003980,2127091.00000000
1513663200,1513666799,0.00003961,0.00003965,0.00003651,0.00003709,2966570.00000000
1513666800,1513670399,0.00003709,0.00003840,0.00003634,0.00003769,1879615.00000000
1513670400,1513673999,0.00003736,0.00003840,0.00003711,0.00003733,2098186.00000000
1513674000,1513677599,0.00003764,0.00003803,0.00003680,0.00003713,3719389.00000000
1513677600,1513681199,0.00003736,0.00003868,0.00003589,0.00003600,2737241.00000000
1513681200,1513684799,0.00003589,0.00003777,0.00003500,0.00003566,2732617.00000000
1513684800,1513688399,0.00003566,0.00003755,0.00003511,0.00003653,2337450.00000000
1513688400,1513691999,0.00003698,0.00003859,0.00003612,0.00003630,2859503.00000000
1513692000,1513695599,0.00003630,0.00003675,0.00003550,0.00003550,1029300.00000000
1513695600,1513699199,0.00003635,0.00003738,0.00003530,0.00003672,1696123.00000000
1513699200,1513702799,0.00003607,0.00003776,0.00003576,0.00003701,1373100.00000000
1513702800,1513706399,0.00003725,0.00003817,0.00003600,0.00003704,1242498.00000000
1513706400,1513709999,0.00003720,0.00003900,0.00003700,0.00003801,1159790.00000000
1513710000,1513713599,0.00003804,0.00004200,0.00003804,0.00004023,2734670.00000000
1513713600,1513717199,0.00004056,0.00004100,0.00003830,0.00003929,1230498.00000000
1513717200,1513720799,0.00003929,0.00004005,0.00003644,0.00003660,844585.00000000
1513720800,1513724399,0.00003792,0.00003840,0.00003655,0.00003767,823910.00000000
1513724400,1513727999,0.00003759,0.00003799,0.00003600,0.00003710,2014056.00000000
1513728000,1513731599,0.00003709,0.00003799,0.00003403,0.00003419,2396413.00000000
1513731600,1513735199,0.00003500,0.00003732,0.00003135,0.00003136,3133015.00000000
1513735200,1513738799,0.00003136,0.00003550,0.00003001,0.00003549,2138565.00000000
1513738800,1513742399,0.00003675,0.00003675,0.00003333,0.00003386,1544862.00000000
1513742400,1513745999,0.00003474,0.00003490,0.00003245,0.00003323,1487639.00000000
1513746000,1513749599,0.00003323,0.00003488,0.00003223,0.00003268,766119.00000000
1513749600,1513753199,0.00003316,0.00003467,0.00003201,0.00003316,1499981.00000000
1513753200,1513756799,0.00003328,0.00003400,0.00003300,0.00003349,739688.00000000
1513756800,1513760399,0.00003360,0.00003497,0.00003239,0.00003370,879702.00000000
1513760400,1513763999,0.00003397,0.00003482,0.00003200,0.00003330,709303.00000000
1513764000,1513767599,0.00003330,0.00003450,0.00003310,0.00003429,568988.00000000
1513767600,1513771199,0.00003414,0.00003496,0.00003412,0.00003440,1095060.00000000
1513771200,1513774799,0.00003466,0.00003530,0.00003301,0.00003530,2656828.00000000
1513774800,1513778399,0.00003534,0.00003547,0.00003399,0.00003505,1614611.00000000
1513778400,1513781999,0.00003402,0.00003504,0.00003205,0.00003496,896128.00000000
1513782000,1513785599,0.00003496,0.00003496,0.00003280,0.00003346,947953.00000000
1513785600,1513789199,0.00003346,0.00003398,0.00003202,0.00003251,557726.00000000
1513789200,1513792799,0.00003349,0.00003488,0.00003200,0.00003400,470627.00000000
1513792800,1513796399,0.00003399,0.00003409,0.00003271,0.00003356,463689.00000000
1513796400,1513799999,0.00003331,0.00003600,0.00003331,0.00003374,2430186.00000000
1513800000,1513803599,0.00003374,0.00003466,0.00003305,0.00003383,1417800.00000000
1513803600,1513807199,0.00003383,0.00003442,0.00003321,0.00003353,804144.00000000
1513807200,1513810799,0.00003353,0.00003440,0.00003290,0.00003391,1400003.00000000
1513810800,1513814399,0.00003390,0.00003391,0.00003295,0.00003302,1146819.00000000
1513814400,1513817999,0.00003301,0.00003550,0.00003210,0.00003405,3531534.00000000
1513818000,1513821599,0.00003393,0.00004200,0.00003345,0.00004199,5757592.00000000
1513821600,1513825199,0.00004190,0.00005600,0.00003617,0.00005588,17664730.00000000
1513825200,1513828799,0.00005588,0.00006417,0.00004865,0.00005502,31638169.00000000
1513828800,1513832399,0.00005647,0.00005900,0.00005210,0.00005380,10531370.00000000
1513832400,1513835999,0.00005380,0.00005750,0.00004732,0.00005743,6061281.00000000
1513836000,1513839599,0.00005450,0.00005900,0.00005103,0.00005805,5216283.00000000
1513839600,1513843199,0.00005805,0.00005886,0.00005211,0.00005230,5070778.00000000
1513843200,1513846799,0.00005230,0.00005430,0.00004850,0.00005054,4275481.00000000
1513846800,1513850399,0.00005053,0.00005500,0.00005013,0.00005220,2656646.00000000
1513850400,1513853999,0.00005253,0.00005253,0.00005021,0.00005100,2024203.00000000
1513854000,1513857599,0.00005100,0.00005184,0.00004800,0.00004877,6699980.00000000
1513857600,1513861199,0.00004876,0.00005050,0.00004527,0.00004696,3475181.00000000
1513861200,1513864799,0.00004651,0.00005250,0.00004651,0.00005200,2153992.00000000
1513864800,1513868399,0.00005250,0.00005311,0.00004525,0.00004564,4338282.00000000
1513868400,1513871999,0.00004526,0.00004700,0.00003900,0.00004331,9907644.00000000
1513872000,1513875599,0.00004412,0.00004888,0.00004354,0.00004888,2636036.00000000
1513875600,1513879199,0.00004888,0.00005500,0.00004888,0.00005222,6430441.00000000
1513879200,1513882799,0.00005221,0.00005240,0.00004752,0.00004957,2251465.00000000
1513882800,1513886399,0.00004920,0.00004956,0.00004760,0.00004928,1231219.00000000
1513886400,1513889999,0.00004928,0.00004957,0.00004850,0.00004860,1525356.00000000
1513890000,1513893599,0.00004860,0.00005240,0.00004752,0.00004985,2606912.00000000
1513893600,1513897199,0.00004983,0.00005015,0.00004901,0.00004961,1443069.00000000
1513897200,1513900799,0.00004961,0.00005466,0.00004875,0.00005177,3974162.00000000
1513900800,1513904399,0.00005177,0.00006000,0.00005108,0.00005899,6217149.00000000
1513904400,1513907999,0.00005946,0.00005999,0.00005090,0.00005162,7478438.00000000
1513908000,1513911599,0.00005162,0.00005162,0.00004450,0.00004520,6354409.00000000
1513911600,1513915199,0.00004550,0.00004887,0.00004407,0.00004859,4228191.00000000
1513915200,1513918799,0.00004861,0.00005100,0.00004701,0.00005039,5801796.00000000
1513918800,1513922399,0.00005039,0.00005045,0.00004774,0.00004808,1836298.00000000
1513922400,1513925999,0.00004805,0.00004906,0.00004722,0.00004805,1341795.00000000
1513926000,1513929599,0.00004805,0.00004866,0.00004400,0.00004700,3749537.00000000
1513929600,1513933199,0.00004700,0.00004983,0.00004408,0.00004899,3705893.00000000
1513933200,1513936799,0.00004809,0.00004982,0.00004762,0.00004948,1406322.00000000
1513936800,1513940399,0.00004948,0.00005098,0.00004606,0.00004647,679143.00000000
1513940400,1513943999,0.00004650,0.00004811,0.00004596,0.00004700,1500215.00000000
1513944000,1513947599,0.00004700,0.00004720,0.00004448,0.00004560,1451839.00000000
1513947600,1513951199,0.00004560,0.00004609,0.00003500,0.00003947,13744655.00000000
1513951200,1513954799,0.00004021,0.00004220,0.00003607,0.00003950,4110399.00000000
1513954800,1513958399,0.00003999,0.00004469,0.00003801,0.00004150,3947416.00000000
1513958400,1513961999,0.00004150,0.00004498,0.00004000,0.00004250,1896250.00000000
1513962000,1513965599,0.00004270,0.00004330,0.00004100,0.00004250,1306114.00000000
1513965600,1513969199,0.00004250,0.00004750,0.00004250,0.00004456,1476862.00000000
1513969200,1513972799,0.00004456,0.00004896,0.00004456,0.00004863,968881.00000000
1513972800,1513976399,0.00004756,0.00004948,0.00004751,0.00004840,1729441.00000000
1513976400,1513979999,0.00004840,0.00004950,0.00004751,0.00004943,1131117.00000000
1513980000,1513983599,0.00004946,0.00004947,0.00004650,0.00004663,1159580.00000000
1513983600,1513987199,0.00004710,0.00004777,0.00004300,0.00004431,2303527.00000000
1513987200,1513990799,0.00004499,0.00004550,0.00004301,0.00004478,2271669.00000000
1513990800,1513994399,0.00004478,0.00004478,0.00004300,0.00004410,2861311.00000000
1513994400,1513997999,0.00004443,0.00004575,0.00004310,0.00004462,1628507.00000000
1513998000,1514001599,0.00004462,0.00004470,0.00004280,0.00004303,1446908.00000000
1514001600,1514005199,0.00004351,0.00004590,0.00004306,0.00004550,1431545.00000000
1514005200,1514008799,0.00004549,0.00004686,0.00004385,0.00004401,1919247.00000000
1514008800,1514012399,0.00004401,0.00004404,0.00004280,0.00004380,1778996.00000000
1514012400,1514015999,0.00004380,0.00004599,0.00004287,0.00004417,1092834.00000000
1514016000,1514019599,0.00004357,0.00004790,0.00004355,0.00004699,2856364.00000000
1514019600,1514023199,0.00004582,0.00004769,0.00004550,0.00004698,1317236.00000000
1514023200,1514026799,0.00004698,0.00005698,0.00004698,0.00005561,6914355.00000000
1514026800,1514030399,0.00005550,0.00005565,0.00004965,0.00004975,3492907.00000000
1514030400,1514033999,0.00004980,0.00005423,0.00004965,0.00005052,2052656.00000000
1514034000,1514037599,0.00005052,0.00005162,0.00004805,0.00004980,1461320.00000000
1514037600,1514041199,0.00004980,0.00005100,0.00004822,0.00005090,1949788.00000000
1514041200,1514044799,0.00005090,0.00005090,0.00004858,0.00004865,3624340.00000000
1514044800,1514048399,0.00004858,0.00005398,0.00004820,0.00005200,4048601.00000000
1514048400,1514051999,0.00005201,0.00005260,0.00004888,0.00005000,1553396.00000000
1514052000,1514055599,0.00005000,0.00005260,0.00004958,0.00005175,1235422.00000000
1514055600,1514059199,0.00005073,0.00005240,0.00005050,0.00005206,1192307.00000000
1514059200,1514062799,0.00005206,0.00005240,0.00005050,0.00005060,996009.00000000
1514062800,1514066399,0.00005060,0.00005139,0.00004851,0.00005121,1739840.00000000
1514066400,1514069999,0.00005121,0.00005349,0.00005068,0.00005302,1411250.00000000
1514070000,1514073599,0.00005302,0.00005303,0.00004865,0.00004940,1702285.00000000
1514073600,1514077199,0.00004943,0.00005058,0.00004720,0.00004966,1709070.00000000
1514077200,1514080799,0.00004967,0.00005031,0.00004773,0.00005000,2381625.00000000
1514080800,1514084399,0.00005000,0.00005000,0.00004650,0.00004660,3183511.00000000
1514084400,1514087999,0.00004660,0.00004958,0.00004618,0.00004875,1918634.00000000
1514088000,1514091599,0.00004875,0.00004876,0.00004688,0.00004693,1625033.00000000
1514091600,1514095199,0.00004694,0.00004859,0.00004692,0.00004784,1161802.00000000
1514095200,1514098799,0.00004803,0.00004970,0.00004771,0.00004966,884495.00000000
1514098800,1514102399,0.00004915,0.00004966,0.00004806,0.00004944,1079617.00000000
1514102400,1514105999,0.00004944,0.00004944,0.00004840,0.00004850,1261771.00000000
1514106000,1514109599,0.00004850,0.00004850,0.00004800,0.00004812,1092303.00000000
1514109600,1514113199,0.00004802,0.00004821,0.00004654,0.00004800,841019.00000000
1514113200,1514116799,0.00004800,0.00004943,0.00004650,0.00004650,1199872.00000000
1514116800,1514120399,0.00004735,0.00004815,0.00004620,0.00004721,1287256.00000000
1514120400,1514123999,0.00004722,0.00004815,0.00004500,0.00004669,754742.00000000
1514124000,1514127599,0.00004678,0.00004797,0.00004600,0.00004622,733003.00000000
1514127600,1514131199,0.00004660,0.00004797,0.00004620,0.00004691,1080599.00000000
1514131200,1514134799,0.00004697,0.00004880,0.00004670,0.00004733,626139.00000000
1514134800,1514138399,0.00004733,0.00004733,0.00004500,0.00004685,1282322.00000000
1514138400,1514141999,0.00004685,0.00004800,0.00004500,0.00004800,745999.00000000
1514142000,1514145599,0.00004799,0.00004833,0.00004603,0.00004670,592743.00000000
1514145600,1514149199,0.00004670,0.00004750,0.00004502,0.00004750,1125126.00000000
1514149200,1514152799,0.00004750,0.00004750,0.00004557,0.00004597,396618.00000000
1514152800,1514156399,0.00004580,0.00004696,0.00004580,0.00004649,360370.00000000
1514156400,1514159999,0.00004649,0.00004681,0.00004602,0.00004627,721251.00000000
1514160000,1514163599,0.00004627,0.00004953,0.00004602,0.00004854,2436399.00000000
1514163600,1514167199,0.00004854,0.00004936,0.00004550,0.00004560,1729694.00000000
1514167200,1514170799,0.00004541,0.00004630,0.00004372,0.00004400,2033792.00000000
1514170800,1514174399,0.00004408,0.00004484,0.00004394,0.00004435,874304.00000000
1514174400,1514177999,0.00004450,0.00004463,0.00004331,0.00004407,1039115.00000000
1514178000,1514181599,0.00004462,0.00004490,0.00004400,0.00004445,780278.00000000
1514181600,1514185199,0.00004445,0.00004490,0.00004381,0.00004417,1908833.00000000
1514185200,1514188799,0.00004417,0.00004487,0.00004351,0.00004455,1048341.00000000
1514188800,1514192399,0.00004450,0.00004460,0.00004380,0.00004396,856291.00000000
1514192400,1514195999,0.00004380,0.00004445,0.00004300,0.00004364,1072594.00000000
1514196000,1514199599,0.00004364,0.00004490,0.00004305,0.00004484,1295976.00000000
1514199600,1514203199,0.00004447,0.00004483,0.00004301,0.00004315,1378049.00000000
1514203200,1514206799,0.00004366,0.00004506,0.00004314,0.00004443,1365021.00000000
1514206800,1514210399,0.00004455,0.00004455,0.00004353,0.00004405,771219.00000000
1514210400,1514213999,0.00004405,0.00004505,0.00004296,0.00004353,1456239.00000000
1514214000,1514217599,0.00004356,0.00004537,0.00004320,0.00004486,1479422.00000000
1514217600,1514221199,0.00004488,0.00004537,0.00004404,0.00004472,1269288.00000000
1514221200,1514224799,0.00004472,0.00004535,0.00004353,0.00004354,633112.00000000
1514224800,1514228399,0.00004355,0.00004636,0.00004340,0.00004439,972158.00000000
1514228400,1514231999,0.00004439,0.00004600,0.00004429,0.00004456,599465.00000000
1514232000,1514235599,0.00004575,0.00004685,0.00004462,0.00004609,1262900.00000000
1514235600,1514239199,0.00004667,0.00004667,0.00004440,0.00004517,288583.00000000
1514239200,1514242799,0.00004517,0.00004654,0.00004240,0.00004260,1251073.00000000
1514242800,1514246399,0.00004423,0.00004577,0.00004240,0.00004240,1227973.00000000
1514246400,1514249999,0.00004240,0.00004406,0.00004240,0.00004294,1450710.00000000
1514250000,1514253599,0.00004294,0.00004489,0.00004260,0.00004383,1456399.00000000
1514253600,1514257199,0.00004393,0.00004393,0.00004231,0.00004280,885418.00000000
1514257200,1514260799,0.00004280,0.00004297,0.00004209,0.00004251,1957876.00000000
1514260800,1514264399,0.00004297,0.00004297,0.00004049,0.00004117,3262850.00000000
1514264400,1514267999,0.00004116,0.00004272,0.00003929,0.00004060,2638255.00000000
1514268000,1514271599,0.00004060,0.00004134,0.00003903,0.00003951,1079487.00000000
1514271600,1514275199,0.00003956,0.00004033,0.00003901,0.00003920,748599.00000000
1514275200,1514278799,0.00003920,0.00004135,0.00003886,0.00004067,1207719.00000000
1514278800,1514282399,0.00004067,0.00004099,0.00003806,0.00003975,722627.00000000
1514282400,1514285999,0.00003975,0.00004135,0.00003975,0.00004060,961208.00000000
1514286000,1514289599,0.00004060,0.00004089,0.00004034,0.00004052,438109.00000000
1514289600,1514293199,0.00004035,0.00004035,0.00003822,0.00003880,1253427.00000000
1514293200,1514296799,0.00003880,0.00004035,0.00003806,0.00003900,1381360.00000000
1514296800,1514300399,0.00003900,0.00004463,0.00003806,0.00004250,3679770.00000000
1514300400,1514303999,0.00004285,0.00004285,0.00003966,0.00004000,1258351.00000000
1514304000,1514307599,0.00004013,0.00004076,0.00003900,0.00003956,894233.00000000
1514307600,1514311199,0.00003974,0.00004076,0.00003899,0.00004019,476171.00000000
1514311200,1514314799,0.00004004,0.00004004,0.00003920,0.00003950,706881.00000000
1514314800,1514318399,0.00003950,0.00004199,0.00003933,0.00004107,572876.00000000
1514318400,1514321999,0.00004107,0.00004390,0.00004029,0.00004064,1269723.00000000
1514322000,1514325599,0.00004064,0.00004098,0.00004029,0.00004093,558462.00000000
1514325600,1514329199,0.00004093,0.00004121,0.00004022,0.00004121,1445369.00000000
1514329200,1514332799,0.00004100,0.00004121,0.00003640,0.00004014,3499444.00000000
1514332800,1514336399,0.00004013,0.00004100,0.00003600,0.00003939,2655476.00000000
1514336400,1514339999,0.00004020,0.00004020,0.00003600,0.00003965,2139334.00000000
1514340000,1514343599,0.00003966,0.00004011,0.00003760,0.00003969,588116.00000000
1514343600,1514347199,0.00003969,0.00004015,0.00003880,0.00003925,734143.00000000
1514347200,1514350799,0.00003925,0.00004024,0.00003830,0.00003984,1957586.00000000
1514350800,1514354399,0.00003841,0.00004000,0.00003841,0.00003955,695473.00000000
1514354400,1514357999,0.00003955,0.00004015,0.00003857,0.00003909,1657239.00000000
1514358000,1514361599,0.00003909,0.00003921,0.00003834,0.00003872,962670.00000000
1514361600,1514365199,0.00003873,0.00003905,0.00003799,0.00003889,1629382.00000000
1514365200,1514368799,0.00003889,0.00004015,0.00003861,0.00004015,1225662.00000000
1514368800,1514372399,0.00003994,0.00004052,0.00003950,0.00003992,608491.00000000
1514372400,1514375999,0.00003991,0.00003997,0.00003911,0.00003990,606769.00000000
1514376000,1514379599,0.00003999,0.00004440,0.00003977,0.00004400,2144127.00000000
1514379600,1514383199,0.00004400,0.00004588,0.00004157,0.00004304,3676074.00000000
1514383200,1514386799,0.00004284,0.00004369,0.00004110,0.00004251,983394.00000000
1514386800,1514390399,0.00004251,0.00004325,0.00004117,0.00004281,1005924.00000000
1514390400,1514393999,0.00004307,0.00004485,0.00004040,0.00004206,2248999.00000000
1514394000,1514397599,0.00004205,0.00004424,0.00004111,0.00004191,888333.00000000
1514397600,1514401199,0.00004191,0.00004399,0.00004178,0.00004258,628456.00000000
1514401200,1514404799,0.00004234,0.00004270,0.00004115,0.00004133,507760.00000000
1514404800,1514408399,0.00004133,0.00004160,0.00004013,0.00004084,811100.00000000
1514408400,1514411999,0.00004084,0.00004290,0.00004049,0.00004290,1083017.00000000
1514412000,1514415599,0.00004290,0.00004315,0.00004200,0.00004232,691491.00000000
1514415600,1514419199,0.00004242,0.00004265,0.00004151,0.00004175,1263830.00000000
1514419200,1514422799,0.00004175,0.00004300,0.00004151,0.00004282,1982855.00000000
1514422800,1514426399,0.00004300,0.00004396,0.00004194,0.00004206,1763500.00000000
1514426400,1514429999,0.00004210,0.00004470,0.00003940,0.00004020,3610822.00000000
1514430000,1514433599,0.00004019,0.00004034,0.00003925,0.00003951,1724145.00000000
1514433600,1514437199,0.00003987,0.00004112,0.00003960,0.00004005,1203333.00000000
1514437200,1514440799,0.00004064,0.00004197,0.00003960,0.00004032,1024839.00000000
1514440800,1514444399,0.00004032,0.00004242,0.00003922,0.00003988,2868264.00000000
1514444400,1514447999,0.00003988,0.00004339,0.00003988,0.00004293,1386014.00000000
1514448000,1514451599,0.00004293,0.00004338,0.00004140,0.00004170,2131164.00000000
1514451600,1514455199,0.00004150,0.00004198,0.00004088,0.00004125,1029836.00000000
1514455200,1514458799,0.00004105,0.00004125,0.00004000,0.00004040,1048563.00000000
1514458800,1514462399,0.00004040,0.00004096,0.00003989,0.00004016,669213.00000000
1514462400,1514465999,0.00004020,0.00004038,0.00003940,0.00003941,919069.00000000
1514466000,1514469599,0.00003941,0.00004045,0.00003939,0.00003994,575411.00000000
1514469600,1514473199,0.00003960,0.00004000,0.00003921,0.00003972,1326306.00000000
1514473200,1514476799,0.00003972,0.00004125,0.00003800,0.00004065,2184532.00000000
1514476800,1514480399,0.00004065,0.00004077,0.00003986,0.00004074,1006815.00000000
1514480400,1514483999,0.00004070,0.00004165,0.00004030,0.00004155,1147288.00000000
1514484000,1514487599,0.00004155,0.00004299,0.00004107,0.00004240,1530864.00000000
1514487600,1514491199,0.00004285,0.00004705,0.00004243,0.00004691,4664335.00000000
1514491200,1514494799,0.00004691,0.00004977,0.00004302,0.00004721,4562744.00000000
1514494800,1514498399,0.00004700,0.00004969,0.00004600,0.00004764,2963896.00000000
1514498400,1514501999,0.00004764,0.00004803,0.00004523,0.00004730,2216805.00000000
1514502000,1514505599,0.00004730,0.00004734,0.00004435,0.00004533,2347004.00000000
1514505600,1514509199,0.00004533,0.00004790,0.00004506,0.00004668,1796785.00000000
1514509200,1514512799,0.00004668,0.00005050,0.00004601,0.00004999,3520040.00000000
1514512800,1514516399,0.00004999,0.00005000,0.00004564,0.00004757,3934571.00000000
1514516400,1514519999,0.00004757,0.00005011,0.00004757,0.00004980,3219074.00000000
1514520000,1514523599,0.00004993,0.00006100,0.00004988,0.00005890,17526898.00000000
1514523600,1514527199,0.00005890,0.00006500,0.00005555,0.00005700,20345515.00000000
1514527200,1514530799,0.00005700,0.00005840,0.00005300,0.00005527,7235911.00000000
1514530800,1514534399,0.00005500,0.00005624,0.00005100,0.00005247,5712343.00000000
1514534400,1514537999,0.00005250,0.00005793,0.00005171,0.00005494,5136953.00000000
1514538000,1514541599,0.00005513,0.00005640,0.00005302,0.00005438,3470742.00000000
1514541600,1514545199,0.00005477,0.00005478,0.00005255,0.00005255,4311919.00000000
1514545200,1514548799,0.00005255,0.00005780,0.00005206,0.00005704,4408639.00000000
1514548800,1514552399,0.00005718,0.00005718,0.00005301,0.00005560,2885913.00000000
1514552400,1514555999,0.00005552,0.00005700,0.00005359,0.00005473,3024576.00000000
1514556000,1514559599,0.00005473,0.00006249,0.00005407,0.00005825,8508846.00000000
1514559600,1514563199,0.00005825,0.00006350,0.00005655,0.00005660,9697888.00000000
1514563200,1514566799,0.00005703,0.00006110,0.00005660,0.00006075,5727723.00000000
1514566800,1514570399,0.00006075,0.00008798,0.00006075,0.00008179,39310447.00000000
1514570400,1514573999,0.00008313,0.00009497,0.00007649,0.00008416,36305573.00000000
1514574000,1514577599,0.00008469,0.00008575,0.00007200,0.00007746,11826550.00000000
1514577600,1514581199,0.00007691,0.00007745,0.00006850,0.00007340,9466345.00000000
1514581200,1514584799,0.00007378,0.00008981,0.00006891,0.00008355,11636315.00000000
1514584800,1514588399,0.00008355,0.00008888,0.00007721,0.00008649,8393617.00000000
1514588400,1514591999,0.00008590,0.00008650,0.00008000,0.00008144,6832415.00000000
1514592000,1514595599,0.00008001,0.00008199,0.00007500,0.00007798,8365148.00000000
1514595600,1514599199,0.00007798,0.00008125,0.00007230,0.00007241,6695120.00000000
1514599200,1514602799,0.00007244,0.00008500,0.00007020,0.00007888,8054360.00000000
1514602800,1514606399,0.00007887,0.00008600,0.00007578,0.00008428,7453723.00000000
1514606400,1514609999,0.00008428,0.00011000,0.00008243,0.00010098,32805564.00000000
1514610000,1514613599,0.00010098,0.00010600,0.00009500,0.00009633,14084331.00000000
1514613600,1514617199,0.00009616,0.00009900,0.00008881,0.00009371,10097181.00000000
1514617200,1514620799,0.00009371,0.00009394,0.00008850,0.00008982,6876677.00000000
1514620800,1514624399,0.00008984,0.00009600,0.00008780,0.00009019,8308830.00000000
1514624400,1514627999,0.00008986,0.00009159,0.00008005,0.00008400,6513481.00000000
1514628000,1514631599,0.00008420,0.00008650,0.00007926,0.00008200,4051830.00000000
1514631600,1514635199,0.00008200,0.00009380,0.00008100,0.00008729,5095176.00000000
1514635200,1514638799,0.00008850,0.00010700,0.00008501,0.00009890,10234444.00000000
1514638800,1514642399,0.00009890,0.00011444,0.00009531,0.00010143,22771376.00000000
1514642400,1514645999,0.00010143,0.00010240,0.00009204,0.00009599,11728030.00000000
1514646000,1514649599,0.00009598,0.00010400,0.00009200,0.00010400,8352551.00000000
1514649600,1514653199,0.00010410,0.00011803,0.00010300,0.00010860,18412279.00000000
1514653200,1514656799,0.00010860,0.00015500,0.00010422,0.00015199,22045177.00000000
1514656800,1514660399,0.00015199,0.00021980,0.00013333,0.00015799,62089830.00000000
1514660400,1514663999,0.00015878,0.00017308,0.00014000,0.00015600,18860978.00000000
1514664000,1514667599,0.00015600,0.00016400,0.00014108,0.00016370,12302869.00000000
1514667600,1514671199,0.00016370,0.00017552,0.00014875,0.00015390,12426820.00000000
1514671200,1514674799,0.00015390,0.00016300,0.00014900,0.00015550,6114258.00000000
1514674800,1514678399,0.00015550,0.00015703,0.00014110,0.00014615,6307880.00000000
1514678400,1514681999,0.00014600,0.00015077,0.00013400,0.00014800,8010130.00000000
1514682000,1514685599,0.00014801,0.00019300,0.00014217,0.00017700,18904401.00000000
1514685600,1514689199,0.00017499,0.00019000,0.00015900,0.00016899,21677186.00000000
1514689200,1514692799,0.00016708,0.00016948,0.00015000,0.00015153,11021926.00000000
1514692800,1514696399,0.00015450,0.00015755,0.00014667,0.00015191,8530523.00000000
1514696400,1514699999,0.00015318,0.00015899,0.00014125,0.00015409,5602146.00000000
1514700000,1514703599,0.00015420,0.00015800,0.00014300,0.00014809,3685437.00000000
1514703600,1514707199,0.00014809,0.00014910,0.00014340,0.00014679,3860484.00000000
1514707200,1514710799,0.00014679,0.00014887,0.00014101,0.00014357,2576186.00000000
1514710800,1514714399,0.00014357,0.00015200,0.00014103,0.00014911,2887838.00000000
1514714400,1514717999,0.00014909,0.00016120,0.00014700,0.00015168,7335106.00000000
1514718000,1514721599,0.00015158,0.00015285,0.00014272,0.00014568,5672984.00000000
1514721600,1514725199,0.00014569,0.00014796,0.00014300,0.00014426,2369963.00000000
1514725200,1514728799,0.00014369,0.00014428,0.00013200,0.00013682,5619081.00000000
1514728800,1514732399,0.00013682,0.00013890,0.00012952,0.00013151,4733239.00000000
1514732400,1514735999,0.00013189,0.00013350,0.00012010,0.00012010,6638489.00000000
1514736000,1514739599,0.00012011,0.00013716,0.00012002,0.00013264,7235348.00000000
1514739600,1514743199,0.00013220,0.00014450,0.00013000,0.00013025,6434575.00000000
1514743200,1514746799,0.00013025,0.00013588,0.00012914,0.00013488,3449152.00000000
1514746800,1514750399,0.00013488,0.00014000,0.00013350,0.00013580,2927928.00000000
1514750400,1514753999,0.00013579,0.00013700,0.00012800,0.00013017,2687249.00000000
1514754000,1514757599,0.00013017,0.00013200,0.00012504,0.00012700,4383431.00000000
1514757600,1514761199,0.00012700,0.00013581,0.00012631,0.00013190,3237949.00000000
1514761200,1514764799,0.00013150,0.00013292,0.00012600,0.00012801,2243377.00000000
1514764800,1514768399,0.00012801,0.00012910,0.00012467,0.00012720,2317683.00000000
1514768400,1514771999,0.00012751,0.00012800,0.00011800,0.00011800,3265517.00000000
1514772000,1514775599,0.00011801,0.00012800,0.00011186,0.00012569,6600882.00000000
1514775600,1514779199,0.00012502,0.00012800,0.00012000,0.00012484,3567685.00000000
1514779200,1514782799,0.00012470,0.00012668,0.00012001,0.00012110,2160946.00000000
1514782800,1514786399,0.00012065,0.00012290,0.00011801,0.00012193,2036113.00000000
1514786400,1514789999,0.00012193,0.00012400,0.00011415,0.00012192,2127780.00000000
1514790000,1514793599,0.00012163,0.00012700,0.00011760,0.00012218,2329245.00000000
1514793600,1514797199,0.00012281,0.00012400,0.00012102,0.00012102,1101121.00000000
1514797200,1514800799,0.00012198,0.00012386,0.00012000,0.00012386,1119131.00000000
1514800800,1514804399,0.00012320,0.00012378,0.00011716,0.00011880,1134423.00000000
1514804400,1514807999,0.00011882,0.00011997,0.00011500,0.00011650,1532437.00000000
1514808000,1514811599,0.00011650,0.00011890,0.00011500,0.00011550,996577.00000000
1514811600,1514815199,0.00011599,0.00011700,0.00011003,0.00011070,2927380.00000000
1514815200,1514818799,0.00011091,0.00011358,0.00010695,0.00010989,3721184.00000000
1514818800,1514822399,0.00010989,0.00013250,0.00010983,0.00012898,4211929.00000000
1514822400,1514825999,0.00012898,0.00014950,0.00012051,0.00012946,10584369.00000000
1514826000,1514829599,0.00012979,0.00013282,0.00012100,0.00012632,2684950.00000000
1514829600,1514833199,0.00012744,0.00012816,0.00012299,0.00012299,1428617.00000000
1514833200,1514836799,0.00012252,0.00012588,0.00012151,0.00012350,2191829.00000000
1514836800,1514840399,0.00012350,0.00013296,0.00012000,0.00012800,2644902.00000000
1514840400,1514843999,0.00012799,0.00013150,0.00012200,0.00012515,2409285.00000000
1514844000,1514847599,0.00012510,0.00012650,0.00012305,0.00012372,1598378.00000000
1514847600,1514851199,0.00012372,0.00012428,0.00012009,0.00012009,1705833.00000000
1514851200,1514854799,0.00012047,0.00012189,0.00011245,0.00011549,2168328.00000000
1514854800,1514858399,0.00011549,0.00012117,0.00010850,0.00010981,3524636.00000000
1514858400,1514861999,0.00010925,0.00011200,0.00010211,0.00010588,3947660.00000000
1514862000,1514865599,0.00010588,0.00010823,0.00010253,0.00010713,2249904.00000000
1514865600,1514869199,0.00010748,0.00010813,0.00010359,0.00010419,1947304.00000000
1514869200,1514872799,0.00010419,0.00011000,0.00010305,0.00010737,1686373.00000000
1514872800,1514876399,0.00010713,0.00011200,0.00010212,0.00011002,1884479.00000000
1514876400,1514879999,0.00010964,0.00012041,0.00010800,0.00010932,2130684.00000000
1514880000,1514883599,0.00010932,0.00011218,0.00010902,0.00011188,1192656.00000000
1514883600,1514887199,0.00011185,0.00012074,0.00011180,0.00011533,1350381.00000000
1514887200,1514890799,0.00011508,0.00012074,0.00011300,0.00011370,1343611.00000000
1514890800,1514894399,0.00011363,0.00011496,0.00011215,0.00011420,1425960.00000000
1514894400,1514897999,0.00011420,0.00012630,0.00011350,0.00012488,4280134.00000000
1514898000,1514901599,0.00012487,0.00013390,0.00011800,0.00011955,7113026.00000000
1514901600,1514905199,0.00011955,0.00012500,0.00011054,0.00011801,3249590.00000000
1514905200,1514908799,0.00011830,0.00012288,0.00011694,0.00011700,3518050.00000000
1514908800,1514912399,0.00011700,0.00011989,0.00011021,0.00011680,4016032.00000000
1514912400,1514915999,0.00011680,0.00012001,0.00011300,0.00012001,2369785.00000000
1514916000,1514919599,0.00012001,0.00012500,0.00011651,0.00012220,2701970.00000000
1514919600,1514923199,0.00012222,0.00012222,0.00009100,0.00010970,5996067.00000000
1514923200,1514926799,0.00010970,0.00012250,0.00010643,0.00011611,2441235.00000000
1514926800,1514930399,0.00011614,0.00012000,0.00010915,0.00011041,1948863.00000000
1514930400,1514933999,0.00011041,0.00011855,0.00010929,0.00010998,2382135.00000000
1514934000,1514937599,0.00010998,0.00011449,0.00010998,0.00011170,1283858.00000000
1514937600,1514941199,0.00011170,0.00011750,0.00010751,0.00010863,1599974.00000000
1514941200,1514944799,0.00010851,0.00011204,0.00010600,0.00010850,2120376.00000000
1514944800,1514948399,0.00010848,0.00010849,0.00010003,0.00010691,2144927.00000000
1514948400,1514951999,0.00010690,0.00011300,0.00010301,0.00010661,2311895.00000000
1514952000,1514955599,0.00010661,0.00010995,0.00010520,0.00010653,1267032.00000000
1514955600,1514959199,0.00010653,0.00011000,0.00010620,0.00010817,1509730.00000000
1514959200,1514962799,0.00010817,0.00011350,0.00010651,0.00011175,1629528.00000000
1514962800,1514966399,0.00011160,0.00011175,0.00010663,0.00010715,1319997.00000000
1514966400,1514969999,0.00010716,0.00011000,0.00010530,0.00010545,2273856.00000000
1514970000,1514973599,0.00010550,0.00010933,0.00010537,0.00010642,1852187.00000000
1514973600,1514977199,0.00010680,0.00011000,0.00010556,0.00010605,1622877.00000000
1514977200,1514980799,0.00010605,0.00010750,0.00010574,0.00010750,1555213.00000000
1514980800,1514984399,0.00010750,0.00012400,0.00010608,0.00011989,4471349.00000000
1514984400,1514987999,0.00011998,0.00012400,0.00011575,0.00011655,3094501.00000000
1514988000,1514991599,0.00011684,0.00012093,0.00011030,0.00011295,4791535.00000000
1514991600,1514995199,0.00011295,0.00011574,0.00010906,0.00011450,2787388.00000000
1514995200,1514998799,0.00011450,0.00011451,0.00011063,0.00011250,3247885.00000000
1514998800,1515002399,0.00011174,0.00011307,0.00011006,0.00011104,2050991.00000000
1515002400,1515005999,0.00011053,0.00011322,0.00010603,0.00010920,4061349.00000000
1515006000,1515009599,0.00010960,0.00012618,0.00010924,0.00012160,7710190.00000000
1515009600,1515013199,0.00012197,0.00012273,0.00011500,0.00011944,4910155.00000000
1515013200,1515016799,0.00011945,0.00011999,0.00011200,0.00011303,1537685.00000000
1515016800,1515020399,0.00011200,0.00011789,0.00011103,0.00011111,1413210.00000000
1515020400,1515023999,0.00011111,0.00011597,0.00011111,0.00011405,2686430.00000000
1515024000,1515027599,0.00011464,0.00012257,0.00011301,0.00011700,2652681.00000000
1515027600,1515031199,0.00011700,0.00013390,0.00011400,0.00013300,6267162.00000000
1515031200,1515034799,0.00013300,0.00014000,0.00012500,0.00013998,9743058.00000000
1515034800,1515034816,0.00014000,0.00014000,0.00013888,0.00014000,103033.00000000
1515042000,1515045599,0.00013998,0.00014000,0.00012476,0.00013750,7366587.00000000
1515045600,1515049199,0.00013750,0.00015990,0.00013600,0.00014678,13276922.00000000
1515049200,1515052799,0.00014664,0.00016100,0.00014400,0.00015880,8084928.00000000
1515052800,1515056399,0.00015880,0.00016098,0.00014300,0.00014700,7600809.00000000
1515056400,1515059999,0.00014700,0.00014770,0.00013006,0.00013450,5473320.00000000
1515060000,1515063599,0.00013450,0.00014897,0.00013450,0.00014703,4339676.00000000
1515063600,1515067199,0.00014702,0.00015230,0.00014456,0.00014600,3359848.00000000
1515067200,1515070799,0.00014660,0.00015089,0.00013775,0.00014850,3862131.00000000
1515070800,1515074399,0.00014979,0.00015089,0.00014140,0.00014220,4077378.00000000
1515074400,1515077999,0.00014286,0.00015791,0.00014202,0.00015479,5524938.00000000
1515078000,1515081599,0.00015450,0.00017500,0.00014651,0.00015536,11662329.00000000
1515081600,1515085199,0.00015564,0.00017000,0.00015500,0.00016601,6705126.00000000
1515085200,1515088799,0.00016689,0.00021770,0.00016665,0.00021601,18212663.00000000
1515088800,1515092399,0.00021601,0.00023000,0.00019001,0.00021773,22231436.00000000
1515092400,1515095999,0.00021997,0.00022000,0.00016699,0.00017500,10375846.00000000
1515096000,1515099599,0.00017100,0.00019996,0.00016045,0.00018875,9892132.00000000
1515099600,1515103199,0.00018875,0.00020856,0.00017100,0.00019733,8335466.00000000
1515103200,1515106799,0.00019733,0.00021749,0.00019101,0.00020890,7280082.00000000
1515106800,1515110399,0.00020800,0.00021298,0.00019178,0.00019307,7423625.00000000
1515110400,1515113999,0.00019307,0.00020500,0.00019000,0.00019125,7651939.00000000
1515114000,1515117599,0.00019123,0.00019825,0.00017345,0.00019400,8772768.00000000
1515117600,1515121199,0.00019399,0.00020000,0.00017501,0.00018046,8076153.00000000
1515121200,1515124799,0.00018046,0.00019199,0.00017101,0.00017300,7059892.00000000
1515124800,1515128399,0.00017300,0.00018500,0.00017051,0.00017392,4300848.00000000
1515128400,1515131999,0.00017392,0.00018200,0.00017099,0.00018100,4664252.00000000
1515132000,1515135599,0.00018075,0.00021500,0.00018005,0.00019461,8201963.00000000
1515135600,1515139199,0.00019461,0.00020697,0.00018200,0.00018822,3891417.00000000
1515139200,1515142799,0.00018822,0.00020500,0.00018730,0.00018893,3788494.00000000
1515142800,1515146399,0.00018892,0.00019752,0.00015010,0.00017803,6828047.00000000
1515146400,1515149999,0.00018040,0.00018450,0.00016000,0.00017454,3455422.00000000
1515150000,1515153599,0.00017454,0.00018400,0.00016850,0.00018299,3465556.00000000
1515153600,1515157199,0.00018276,0.00022900,0.00018276,0.00022004,8756097.00000000
1515157200,1515160799,0.00022117,0.00024800,0.00020181,0.00024799,7841550.00000000
1515160800,1515164399,0.00024600,0.00028990,0.00023500,0.00025001,24405781.00000000
1515164400,1515167999,0.00025399,0.00026999,0.00022200,0.00022980,10377174.00000000
1515168000,1515171599,0.00022980,0.00023495,0.00021190,0.00021390,7288370.00000000
1515171600,1515175199,0.00021389,0.00023000,0.00020000,0.00021699,7517537.00000000
1515175200,1515178799,0.00021697,0.00022105,0.00019301,0.00020723,4091778.00000000
1515178800,1515182399,0.00020722,0.00026000,0.00020521,0.00023823,6739369.00000000
1515182400,1515185999,0.00023823,0.00025400,0.00022012,0.00023180,5225316.00000000
1515186000,1515189599,0.00023180,0.00024000,0.00021005,0.00021931,4285444.00000000
1515189600,1515193199,0.00021932,0.00023699,0.00021111,0.00021522,3498165.00000000
1515193200,1515196799,0.00021523,0.00023300,0.00020142,0.00021751,3627117.00000000
1515196800,1515200399,0.00021521,0.00023689,0.00021521,0.00022237,3880318.00000000
1515200400,1515203999,0.00022210,0.00022613,0.00020900,0.00021267,3775737.00000000
1515204000,1515207599,0.00021267,0.00022613,0.00020002,0.00020002,4559956.00000000
1515207600,1515211199,0.00020181,0.00021888,0.00018701,0.00021096,5063129.00000000
1515211200,1515214799,0.00021096,0.00021279,0.00020000,0.00020248,2954459.00000000
1515214800,1515218399,0.00020248,0.00025000,0.00020201,0.00022999,7606869.00000000
1515218400,1515221999,0.00022912,0.00024086,0.00021500,0.00022624,4368802.00000000
1515222000,1515225599,0.00022624,0.00023100,0.00020201,0.00022107,3575106.00000000
1515225600,1515229199,0.00022106,0.00023902,0.00021500,0.00022701,2540917.00000000
1515229200,1515232799,0.00022810,0.00024392,0.00022240,0.00023826,3369940.00000000
1515232800,1515236399,0.00023998,0.00024500,0.00022100,0.00022330,3388444.00000000
1515236400,1515239999,0.00022414,0.00023700,0.00022000,0.00022732,2344342.00000000
1515240000,1515243599,0.00022732,0.00022956,0.00021093,0.00021484,2209570.00000000
1515243600,1515247199,0.00021483,0.00021619,0.00020150,0.00021123,3808658.00000000
1515247200,1515250799,0.00021123,0.00021988,0.00020152,0.00020699,3334573.00000000
1515250800,1515254399,0.00020695,0.00020999,0.00020100,0.00020943,2706052.00000000
1515254400,1515257999,0.00020942,0.00022000,0.00020942,0.00021174,3313151.00000000
1515258000,1515261599,0.00021099,0.00022911,0.00020397,0.00021547,3190903.00000000
1515261600,1515265199,0.00021613,0.00022181,0.00021289,0.00021840,2356756.00000000
1515265200,1515268799,0.00021840,0.00022669,0.00021000,0.00021300,3523489.00000000
1515268800,1515272399,0.00021300,0.00021910,0.00021000,0.00021226,2013355.00000000
1515272400,1515275999,0.00021234,0.00021379,0.00020100,0.00020160,2655194.00000000
1515276000,1515279599,0.00020150,0.00020975,0.00019583,0.00020360,3695156.00000000
1515279600,1515283199,0.00020357,0.00022000,0.00019979,0.00021199,2975949.00000000
1515283200,1515286799,0.00021199,0.00021700,0.00020000,0.00020106,3314362.00000000
1515286800,1515290399,0.00020106,0.00020499,0.00019580,0.00020008,2662076.00000000
1515290400,1515293999,0.00020036,0.00020173,0.00019150,0.00019702,2084182.00000000
1515294000,1515297599,0.00019702,0.00019877,0.00018367,0.00018676,2725456.00000000
1515297600,1515301199,0.00018673,0.00020100,0.00018534,0.00018938,2704208.00000000
1515301200,1515304799,0.00018877,0.00019272,0.00017591,0.00017708,4457506.00000000
1515304800,1515308399,0.00017633,0.00019438,0.00017633,0.00019382,3813345.00000000
1515308400,1515311999,0.00019382,0.00019600,0.00018102,0.00018674,2173303.00000000
1515312000,1515315599,0.00018730,0.00019200,0.00018282,0.00018349,1452969.00000000
1515315600,1515319199,0.00018284,0.00019200,0.00017996,0.00018996,2293669.00000000
1515319200,1515322799,0.00019000,0.00019300,0.00018666,0.00018900,1124512.00000000
1515322800,1515326399,0.00018902,0.00019055,0.00018051,0.00018550,1588169.00000000
1515326400,1515329999,0.00018416,0.00018766,0.00018100,0.00018250,1528202.00000000
1515330000,1515333599,0.00018213,0.00019388,0.00018213,0.00018692,2015779.00000000
1515333600,1515337199,0.00018692,0.00018692,0.00018200,0.00018295,1881759.00000000
1515337200,1515340799,0.00018335,0.00018600,0.00017680,0.00017953,2160190.00000000
1515340800,1515344399,0.00017998,0.00017998,0.00016501,0.00016783,2811685.00000000
1515344400,1515347999,0.00016782,0.00017500,0.00016782,0.00017000,1723456.00000000
1515348000,1515351599,0.00017000,0.00017700,0.00016750,0.00017277,2347723.00000000
1515351600,1515355199,0.00017277,0.00017780,0.00016935,0.00017282,1651438.00000000
1515355200,1515358799,0.00017280,0.00017900,0.00017001,0.00017534,2218040.00000000
1515358800,1515362399,0.00017525,0.00019000,0.00017408,0.00018060,1903265.00000000
1515362400,1515365999,0.00018127,0.00018573,0.00017877,0.00018069,1736942.00000000
1515366000,1515369599,0.00018061,0.00018061,0.00016910,0.00016993,2310240.00000000
1515369600,1515373199,0.00016987,0.00017060,0.00015925,0.00015925,3277687.00000000
1515373200,1515376799,0.00015950,0.00017064,0.00015588,0.00016004,2901542.00000000
1515376800,1515380399,0.00016000,0.00016700,0.00015569,0.00016358,2232041.00000000
1515380400,1515383999,0.00016358,0.00016360,0.00015166,0.00015810,2168301.00000000
1515384000,1515387599,0.00015804,0.00015999,0.00015200,0.00015268,2449332.00000000
1515387600,1515391199,0.00015309,0.00016037,0.00015268,0.00015812,1398017.00000000
1515391200,1515394799,0.00015880,0.00016054,0.00015662,0.00015894,1079948.00000000
1515394800,1515398399,0.00015900,0.00017000,0.00015891,0.00016691,1601136.00000000
1515398400,1515401999,0.00016688,0.00016935,0.00016150,0.00016164,1736684.00000000
1515402000,1515405599,0.00016164,0.00016732,0.00015802,0.00016121,2344253.00000000
1515405600,1515409199,0.00016120,0.00016121,0.00015504,0.00015951,1559177.00000000
1515409200,1515412799,0.00015951,0.00016289,0.00015857,0.00016003,907834.00000000
1515412800,1515416399,0.00016002,0.00016018,0.00015701,0.00015750,896637.00000000
1515416400,1515419999,0.00015750,0.00015872,0.00015550,0.00015777,1237819.00000000
1515420000,1515423599,0.00015777,0.00015819,0.00014000,0.00014310,3916106.00000000
1515423600,1515427199,0.00014385,0.00015700,0.00013001,0.00015328,5429719.00000000
1515427200,1515430799,0.00015329,0.00016699,0.00015257,0.00016226,2117003.00000000
1515430800,1515434399,0.00016226,0.00016362,0.00015402,0.00015703,1764231.00000000
1515434400,1515437999,0.00015670,0.00016176,0.00015443,0.00015802,1599548.00000000
1515438000,1515441599,0.00015870,0.00015987,0.00015176,0.00015438,1087822.00000000
1515441600,1515445199,0.00015438,0.00015790,0.00015286,0.00015667,1052226.00000000
1515445200,1515448799,0.00015696,0.00015755,0.00015011,0.00015099,720111.00000000
1515448800,1515452399,0.00015099,0.00015400,0.00015000,0.00015165,1337105.00000000
1515452400,1515455999,0.00015153,0.00016400,0.00015000,0.00016200,2179858.00000000
1515456000,1515459599,0.00016200,0.00016270,0.00015035,0.00015164,1919164.00000000
1515459600,1515463199,0.00015115,0.00015889,0.00014501,0.00014788,2235978.00000000
1515463200,1515466799,0.00014683,0.00015698,0.00014500,0.00015311,2035910.00000000
1515466800,1515470399,0.00015313,0.00015314,0.00014500,0.00014666,2123337.00000000
1515470400,1515473999,0.00014666,0.00014684,0.00014110,0.00014600,2168117.00000000
1515474000,1515477599,0.00014600,0.00014687,0.00014150,0.00014574,1801219.00000000
1515477600,1515481199,0.00014574,0.00014953,0.00014481,0.00014553,1330985.00000000
1515481200,1515484799,0.00014553,0.00014553,0.00014213,0.00014300,1811954.00000000
1515484800,1515488399,0.00014300,0.00014400,0.00014000,0.00014130,1440518.00000000
1515488400,1515491999,0.00014130,0.00014195,0.00013700,0.00013842,1775568.00000000
1515492000,1515495599,0.00013835,0.00014200,0.00013700,0.00013731,1680700.00000000
1515495600,1515499199,0.00013749,0.00014000,0.00013700,0.00013701,1277643.00000000
1515499200,1515502799,0.00013701,0.00013767,0.00013305,0.00013411,2010528.00000000
1515502800,1515506399,0.00013414,0.00013647,0.00013300,0.00013329,2332979.00000000
1515506400,1515509999,0.00013329,0.00013871,0.00013180,0.00013868,2103810.00000000
1515510000,1515513599,0.00013868,0.00014865,0.00013665,0.00014086,3189043.00000000
1515513600,1515517199,0.00014086,0.00014399,0.00013719,0.00013745,1852534.00000000
1515517200,1515520799,0.00013750,0.00014195,0.00013200,0.00013809,2306893.00000000
1515520800,1515524399,0.00013743,0.00014348,0.00013700,0.00014097,1788213.00000000
1515524400,1515527999,0.00014100,0.00014215,0.00013650,0.00013775,1939173.00000000
1515528000,1515531599,0.00013773,0.00013795,0.00013118,0.00013173,1998866.00000000
1515531600,1515535199,0.00013235,0.00013350,0.00012588,0.00012651,2924390.00000000
1515535200,1515538799,0.00012651,0.00012700,0.00011020,0.00011655,4663770.00000000
1515538800,1515542399,0.00011605,0.00012572,0.00011022,0.00012346,4075953.00000000
1515542400,1515545999,0.00012422,0.00013000,0.00011202,0.00011384,3081943.00000000
1515546000,1515549599,0.00011383,0.00012483,0.00011329,0.00011459,3096112.00000000
1515549600,1515553199,0.00011450,0.00011636,0.00011259,0.00011360,2195970.00000000
1515553200,1515556799,0.00011340,0.00011399,0.00010140,0.00010434,2855082.00000000
1515556800,1515560399,0.00010450,0.00010869,0.00009836,0.00009837,3027919.00000000
1515560400,1515563999,0.00009837,0.00010532,0.00009501,0.00010480,4415377.00000000
1515564000,1515567599,0.00010480,0.00011445,0.00010392,0.00010431,3163885.00000000
1515567600,1515571199,0.00010429,0.00010500,0.00009739,0.00009999,3999391.00000000
1515571200,1515574799,0.00009975,0.00009999,0.00009500,0.00009501,3656649.00000000
1515574800,1515578399,0.00009501,0.00011111,0.00009500,0.00010892,2695734.00000000
1515578400,1515581999,0.00010895,0.00011405,0.00010499,0.00010770,1588451.00000000
1515582000,1515585599,0.00010770,0.00011028,0.00010235,0.00010298,1368523.00000000
1515585600,1515589199,0.00010298,0.00010432,0.00009800,0.00010144,1604735.00000000
1515589200,1515592799,0.00010147,0.00010149,0.00009900,0.00010020,1603727.00000000
1515592800,1515596399,0.00009968,0.00010020,0.00009600,0.00009902,1672745.00000000
1515596400,1515599999,0.00009902,0.00010900,0.00009820,0.00010297,1720909.00000000
1515600000,1515603599,0.00010255,0.00010799,0.00010000,0.00010195,2471334.00000000
1515603600,1515607199,0.00010194,0.00010232,0.00009940,0.00010230,1736000.00000000
1515607200,1515610799,0.00010200,0.00011450,0.00010200,0.00010915,2242961.00000000
1515610800,1515614399,0.00010914,0.00012400,0.00010801,0.00011465,3568328.00000000
1515614400,1515617999,0.00011468,0.00013829,0.00011321,0.00012795,4503651.00000000
1515618000,1515621599,0.00012994,0.00015181,0.00012551,0.00012917,12758452.00000000
1515621600,1515625199,0.00012986,0.00014699,0.00012200,0.00013501,7084260.00000000
1515625200,1515628799,0.00013599,0.00014385,0.00013400,0.00013716,3790433.00000000
1515628800,1515632399,0.00013715,0.00014710,0.00013301,0.00014109,5887515.00000000
1515632400,1515635999,0.00014195,0.00014960,0.00013400,0.00013600,5500899.00000000
1515636000,1515639599,0.00013599,0.00014000,0.00012846,0.00013103,3059120.00000000
1515639600,1515643199,0.00013105,0.00013109,0.00011811,0.00011999,4846376.00000000
1515643200,1515646799,0.00011999,0.00013000,0.00011003,0.00012400,7137047.00000000
1515646800,1515650399,0.00012381,0.00013810,0.00012159,0.00012861,6416801.00000000
1515650400,1515653999,0.00012857,0.00013200,0.00012501,0.00012979,2594295.00000000
1515654000,1515657599,0.00012974,0.00013000,0.00012501,0.00012780,1572106.00000000
1515657600,1515661199,0.00012790,0.00014018,0.00012656,0.00013795,3610169.00000000
1515661200,1515664799,0.00013795,0.00014018,0.00013000,0.00013600,2572787.00000000
1515664800,1515668399,0.00013650,0.00013700,0.00012901,0.00013251,1499038.00000000
1515668400,1515671999,0.00013248,0.00013432,0.00012601,0.00013005,1972500.00000000
1515672000,1515675599,0.00013092,0.00013965,0.00013000,0.00013936,3292722.00000000
1515675600,1515679199,0.00013937,0.00014391,0.00013707,0.00013879,4204214.00000000
1515679200,1515682799,0.00013950,0.00013950,0.00012900,0.00013093,3235941.00000000
1515682800,1515686399,0.00013006,0.00013700,0.00012501,0.00013005,3958927.00000000
1515686400,1515689999,0.00013000,0.00013470,0.00012300,0.00013125,2685002.00000000
1515690000,1515693599,0.00013124,0.00013400,0.00012700,0.00013098,2184399.00000000
1515693600,1515697199,0.00013074,0.00013248,0.00012501,0.00013129,2493492.00000000
1515697200,1515700799,0.00013100,0.00013479,0.00013000,0.00013318,1710543.00000000
1515700800,1515704399,0.00013318,0.00013496,0.00012870,0.00013215,1412816.00000000
1515704400,1515707999,0.00013190,0.00013215,0.00012600,0.00012767,1487991.00000000
1515708000,1515711599,0.00012767,0.00013100,0.00012103,0.00012400,2047849.00000000
1515711600,1515715199,0.00012484,0.00012800,0.00012195,0.00012693,1605869.00000000
1515715200,1515718799,0.00012693,0.00013055,0.00012693,0.00012730,1093588.00000000
1515718800,1515722399,0.00012730,0.00012758,0.00012062,0.00012419,2109293.00000000
1515722400,1515725999,0.00012418,0.00012440,0.00012000,0.00012400,1592594.00000000
1515726000,1515729599,0.00012400,0.00012400,0.00011900,0.00011920,1562711.00000000
1515729600,1515733199,0.00011920,0.00012750,0.00011920,0.00012617,1974419.00000000
1515733200,1515736799,0.00012650,0.00012858,0.00012080,0.00012081,1171818.00000000
1515736800,1515740399,0.00012082,0.00012226,0.00011600,0.00011691,2074011.00000000
1515740400,1515743999,0.00011702,0.00012296,0.00011450,0.00011890,2160647.00000000
1515744000,1515747599,0.00011891,0.00012790,0.00011848,0.00012305,1617264.00000000
1515747600,1515751199,0.00012382,0.00012700,0.00012200,0.00012471,1594274.00000000
1515751200,1515754799,0.00012469,0.00012900,0.00012271,0.00012456,1453675.00000000
1515754800,1515758399,0.00012459,0.00012608,0.00012200,0.00012239,1077141.00000000
1515758400,1515761999,0.00012239,0.00012487,0.00012000,0.00012003,1104741.00000000
1515762000,1515765599,0.00012026,0.00012398,0.00012000,0.00012388,1483368.00000000
1515765600,1515769199,0.00012388,0.00012470,0.00012114,0.00012291,1182331.00000000
1515769200,1515772799,0.00012300,0.00012591,0.00012189,0.00012350,1542324.00000000
1515772800,1515776399,0.00012350,0.00012360,0.00011510,0.00012123,1690499.00000000
1515776400,1515779999,0.00012123,0.00012193,0.00012001,0.00012109,958758.00000000
1515780000,1515783599,0.00012109,0.00012117,0.00012000,0.00012074,894231.00000000
1515783600,1515787199,0.00012074,0.00012111,0.00011860,0.00011865,872266.00000000
1515787200,1515790799,0.00011865,0.00012065,0.00011865,0.00012020,642495.00000000
1515790800,1515794399,0.00012020,0.00012073,0.00011900,0.00011930,667203.00000000
1515794400,1515797999,0.00011931,0.00012271,0.00011931,0.00012214,781173.00000000
1515798000,1515801599,0.00012215,0.00012496,0.00012100,0.00012160,766721.00000000
1515801600,1515805199,0.00012160,0.00012332,0.00011999,0.00012224,1188164.00000000
1515805200,1515808799,0.00012224,0.00012270,0.00011967,0.00011967,1556708.00000000
1515808800,1515812399,0.00012000,0.00012203,0.00011950,0.00012109,1963473.00000000
1515812400,1515815999,0.00012120,0.00012197,0.00011903,0.00012023,1004698.00000000
1515816000,1515819599,0.00011966,0.00012041,0.00011765,0.00011811,1452185.00000000
1515819600,1515823199,0.00011884,0.00011959,0.00011335,0.00011442,1658361.00000000
1515823200,1515826799,0.00011500,0.00011759,0.00011257,0.00011477,953535.00000000
1515826800,1515830399,0.00011477,0.00011477,0.00011188,0.00011279,1128541.00000000
1515830400,1515833999,0.00011278,0.00011296,0.00011111,0.00011200,985191.00000000
1515834000,1515837599,0.00011200,0.00011260,0.00011000,0.00011143,1106281.00000000
1515837600,1515841199,0.00011054,0.00011179,0.00010180,0.00010656,1939657.00000000
1515841200,1515844799,0.00010656,0.00011800,0.00010565,0.00010789,2156960.00000000
1515844800,1515848399,0.00010789,0.00010896,0.00010502,0.00010549,1003768.00000000
1515848400,1515851999,0.00010501,0.00010749,0.00010380,0.00010638,1615393.00000000
1515852000,1515855599,0.00010638,0.00010822,0.00010426,0.00010453,1383984.00000000
1515855600,1515859199,0.00010430,0.00010758,0.00010209,0.00010421,2077556.00000000
1515859200,1515862799,0.00010391,0.00010547,0.00010201,0.00010259,1527197.00000000
1515862800,1515866399,0.00010259,0.00010417,0.00007000,0.00009900,2348357.00000000
1515866400,1515869999,0.00009930,0.00009930,0.00009509,0.00009598,1633713.00000000
1515870000,1515873599,0.00009570,0.00009999,0.00009451,0.00009618,1737835.00000000
1515873600,1515877199,0.00009642,0.00009800,0.00009481,0.00009533,1105774.00000000
1515877200,1515880799,0.00009489,0.00009619,0.00008000,0.00009498,1160104.00000000
1515880800,1515884399,0.00009498,0.00009871,0.00009409,0.00009770,1512548.00000000
1515884400,1515887999,0.00009818,0.00010265,0.00009601,0.00010098,1506590.00000000
1515888000,1515891599,0.00009965,0.00010929,0.00009918,0.00010200,1941730.00000000
1515891600,1515895199,0.00010515,0.00010655,0.00009810,0.00009913,1279453.00000000
1515895200,1515898799,0.00009919,0.00010334,0.00009702,0.00009926,1584035.00000000
1515898800,1515902399,0.00009977,0.00010292,0.00009361,0.00009850,1085025.00000000
1515902400,1515905999,0.00009850,0.00010049,0.00009606,0.00009775,977500.00000000
1515906000,1515909599,0.00009775,0.00009836,0.00009361,0.00009462,2228493.00000000
1515909600,1515913199,0.00009365,0.00009700,0.00009110,0.00009475,940573.00000000
1515913200,1515916799,0.00009441,0.00009550,0.00009302,0.00009362,508135.00000000
1515916800,1515920399,0.00009373,0.00009581,0.00009316,0.00009536,520249.00000000
1515920400,1515923999,0.00009536,0.00009829,0.00009300,0.00009800,1481813.00000000
1515924000,1515927599,0.00009757,0.00009855,0.00009409,0.00009423,752728.00000000
1515927600,1515931199,0.00009409,0.00009443,0.00009152,0.00009355,1048285.00000000
1515931200,1515934799,0.00009316,0.00010839,0.00009064,0.00009235,1324628.00000000
1515934800,1515938399,0.00009235,0.00009500,0.00009053,0.00009400,819027.00000000
1515938400,1515941999,0.00009443,0.00009500,0.00009000,0.00009177,1800568.00000000
1515942000,1515945599,0.00009150,0.00009197,0.00008602,0.00009005,2362146.00000000
1515945600,1515949199,0.00009005,0.00009049,0.00008700,0.00008909,1205797.00000000
1515949200,1515952799,0.00008909,0.00009223,0.00008907,0.00009100,2016897.00000000
1515952800,1515956399,0.00009101,0.00009482,0.00009059,0.00009173,960180.00000000
1515956400,1515959999,0.00009217,0.00009317,0.00009050,0.00009117,1010778.00000000
1515960000,1515963599,0.00009117,0.00009163,0.00009010,0.00009061,645165.00000000
1515963600,1515967199,0.00009061,0.00009120,0.00009020,0.00009045,746020.00000000
1515967200,1515970799,0.00009078,0.00009084,0.00008825,0.00008830,1008360.00000000
1515970800,1515974399,0.00008830,0.00008870,0.00008570,0.00008660,946301.00000000
1515974400,1515977999,0.00008656,0.00008879,0.00008601,0.00008771,802605.00000000
1515978000,1515981599,0.00008782,0.00009000,0.00008735,0.00008956,1509841.00000000
1515981600,1515985199,0.00008983,0.00009130,0.00008838,0.00009120,1096075.00000000
1515985200,1515988799,0.00009120,0.00009799,0.00008899,0.00009633,1530321.00000000
1515988800,1515992399,0.00009733,0.00010669,0.00009181,0.00010600,3409364.00000000
1515992400,1515995999,0.00010600,0.00011500,0.00009501,0.00009925,7828407.00000000
1515996000,1515999599,0.00009915,0.00010766,0.00009751,0.00010369,4691107.00000000
1515999600,1516003199,0.00010426,0.00010465,0.00009501,0.00010187,2897723.00000000
1516003200,1516006799,0.00010158,0.00010187,0.00009000,0.00009107,2808239.00000000
1516006800,1516010399,0.00009181,0.00009414,0.00008812,0.00008812,1857450.00000000
1516010400,1516013999,0.00008900,0.00009048,0.00008600,0.00008906,1862855.00000000
1516014000,1516017599,0.00008901,0.00008996,0.00008660,0.00008660,1746142.00000000
1516017600,1516021199,0.00008752,0.00008795,0.00008410,0.00008410,3460172.00000000
1516021200,1516024799,0.00008412,0.00008696,0.00008300,0.00008581,2774171.00000000
1516024800,1516028399,0.00008585,0.00008800,0.00008360,0.00008800,2178416.00000000
1516028400,1516031999,0.00008807,0.00009026,0.00008600,0.00008895,2092242.00000000
1516032000,1516035599,0.00008895,0.00008950,0.00008300,0.00008385,1827467.00000000
1516035600,1516039199,0.00008385,0.00008745,0.00008350,0.00008407,1733753.00000000
1516039200,1516042799,0.00008407,0.00008563,0.00008250,0.00008454,1330406.00000000
1516042800,1516046399,0.00008412,0.00008453,0.00008160,0.00008213,941861.00000000
1516046400,1516049999,0.00008214,0.00008266,0.00007800,0.00007996,2005776.00000000
1516050000,1516053599,0.00007986,0.00008197,0.00007801,0.00008140,1246363.00000000
1516053600,1516057199,0.00008140,0.00008159,0.00007800,0.00008000,1222815.00000000
1516057200,1516060799,0.00008000,0.00008001,0.00007701,0.00007803,1392124.00000000
1516060800,1516064399,0.00007803,0.00007850,0.00007240,0.00007416,2335964.00000000
1516064400,1516067999,0.00007416,0.00007507,0.00006667,0.00007182,4248799.00000000
1516068000,1516071599,0.00007258,0.00007631,0.00007076,0.00007519,1938683.00000000
1516071600,1516075199,0.00007622,0.00007800,0.00007370,0.00007594,2064447.00000000
1516075200,1516078799,0.00007594,0.00007798,0.00007311,0.00007410,1860033.00000000
1516078800,1516082399,0.00007410,0.00007625,0.00007410,0.00007625,1524805.00000000
1516082400,1516085999,0.00007625,0.00007680,0.00006600,0.00007063,3398257.00000000
1516086000,1516089599,0.00007108,0.00007203,0.00006651,0.00006762,1781008.00000000
1516089600,1516093199,0.00006726,0.00007099,0.00006364,0.00006944,5056801.00000000
1516093200,1516096799,0.00006965,0.00007203,0.00006603,0.00006746,2206327.00000000
1516096800,1516100399,0.00006746,0.00007083,0.00006500,0.00007006,2883291.00000000
1516100400,1516103999,0.00007006,0.00007858,0.00006801,0.00007743,2791209.00000000
1516104000,1516107599,0.00007770,0.00008000,0.00007050,0.00007202,2137786.00000000
1516107600,1516111199,0.00007202,0.00007356,0.00006800,0.00006863,2183820.00000000
1516111200,1516114799,0.00006859,0.00007900,0.00006798,0.00006975,2397105.00000000
1516114800,1516118399,0.00006975,0.00007599,0.00006915,0.00007112,1629065.00000000
1516118400,1516121999,0.00007102,0.00008422,0.00007065,0.00007360,2478564.00000000
1516122000,1516125599,0.00007387,0.00007600,0.00007308,0.00007312,1277224.00000000
1516125600,1516129199,0.00007312,0.00007315,0.00006969,0.00007031,1533899.00000000
1516129200,1516132799,0.00007031,0.00007306,0.00007000,0.00007146,1013190.00000000
1516132800,1516136399,0.00007146,0.00007229,0.00007004,0.00007034,853292.00000000
1516136400,1516139999,0.00007030,0.00007209,0.00006611,0.00006761,2377243.00000000
1516140000,1516143599,0.00006726,0.00006780,0.00005800,0.00006411,5420941.00000000
1516143600,1516147199,0.00006411,0.00007100,0.00006207,0.00006903,3505613.00000000
1516147200,1516150799,0.00006905,0.00007174,0.00006501,0.00006750,2728829.00000000
1516150800,1516154399,0.00006713,0.00007000,0.00006590,0.00006882,2035190.00000000
1516154400,1516157999,0.00006936,0.00007100,0.00006680,0.00006813,1621512.00000000
1516158000,1516161599,0.00006763,0.00006945,0.00006423,0.00006851,1697958.00000000
1516161600,1516165199,0.00006864,0.00007060,0.00005200,0.00007008,2459481.00000000
1516165200,1516168799,0.00007000,0.00007086,0.00006837,0.00007085,862497.00000000
1516168800,1516172399,0.00007084,0.00007148,0.00007033,0.00007143,1218118.00000000
1516172400,1516175999,0.00007144,0.00007306,0.00007000,0.00007280,1502373.00000000
1516176000,1516179599,0.00007247,0.00007950,0.00007199,0.00007913,3836421.00000000
1516179600,1516183199,0.00007914,0.00010888,0.00007880,0.00009217,12855685.00000000
1516183200,1516186799,0.00009214,0.00009296,0.00008235,0.00008554,6078724.00000000
1516186800,1516190399,0.00008511,0.00008810,0.00008100,0.00008399,3352868.00000000
1516190400,1516193999,0.00008399,0.00008436,0.00007900,0.00008321,2442726.00000000
1516194000,1516197599,0.00008262,0.00008339,0.00007902,0.00008122,2131731.00000000
1516197600,1516201199,0.00008154,0.00008189,0.00007311,0.00007444,3525805.00000000
1516201200,1516204799,0.00007444,0.00007654,0.00007208,0.00007541,2514610.00000000
1516204800,1516208399,0.00007541,0.00007869,0.00007450,0.00007755,2125215.00000000
1516208400,1516211999,0.00007700,0.00007764,0.00007260,0.00007447,2251672.00000000
1516212000,1516215599,0.00007447,0.00007999,0.00007370,0.00007672,2394451.00000000
1516215600,1516219199,0.00007699,0.00008549,0.00007560,0.00008547,4188866.00000000
1516219200,1516222799,0.00008547,0.00008992,0.00007940,0.00008608,5501057.00000000
1516222800,1516226399,0.00008608,0.00009900,0.00008466,0.00009200,9750208.00000000
1516226400,1516229999,0.00008965,0.00009830,0.00008501,0.00008540,8471053.00000000
1516230000,1516233599,0.00008570,0.00009089,0.00008201,0.00009089,4945786.00000000
1516233600,1516237199,0.00009089,0.00009287,0.00008627,0.00009282,3472884.00000000
1516237200,1516240799,0.00009282,0.00009776,0.00008961,0.00009393,6754158.00000000
1516240800,1516244399,0.00009388,0.00009750,0.00009290,0.00009559,3837924.00000000
1516244400,1516247999,0.00009560,0.00009899,0.00009357,0.00009600,4593432.00000000
1516248000,1516251599,0.00009585,0.00009776,0.00009101,0.00009199,2781636.00000000
1516251600,1516255199,0.00009199,0.00009498,0.00009049,0.00009371,2527873.00000000
1516255200,1516258799,0.00009302,0.00009549,0.00009153,0.00009276,2311109.00000000
1516258800,1516262399,0.00009274,0.00009345,0.00009003,0.00009061,1656353.00000000
1516262400,1516265999,0.00009061,0.00009200,0.00009060,0.00009122,1127103.00000000
1516266000,1516269599,0.00009140,0.00009417,0.00009103,0.00009402,1551221.00000000
1516269600,1516273199,0.00009417,0.00009558,0.00009401,0.00009507,1455326.00000000
1516273200,1516276799,0.00009507,0.00009800,0.00009402,0.00009728,2578627.00000000
1516276800,1516280399,0.00009728,0.00010239,0.00009528,0.00009600,4565799.00000000
1516280400,1516283999,0.00009611,0.00009989,0.00009436,0.00009779,3169799.00000000
1516284000,1516287599,0.00009773,0.00009789,0.00008500,0.00009275,3627839.00000000
1516287600,1516291199,0.00009183,0.00009750,0.00009031,0.00009320,3610074.00000000
1516291200,1516294799,0.00009313,0.00009320,0.00008641,0.00009112,2822872.00000000
1516294800,1516298399,0.00009112,0.00009350,0.00009049,0.00009150,2421362.00000000
1516298400,1516301999,0.00009126,0.00009295,0.00009055,0.00009253,2562858.00000000
1516302000,1516305599,0.00009204,0.00009347,0.00009100,0.00009292,1601795.00000000
1516305600,1516309199,0.00009269,0.00009457,0.00009244,0.00009268,1231436.00000000
1516309200,1516312799,0.00009260,0.00009294,0.00009061,0.00009118,1939766.00000000
1516312800,1516316399,0.00009144,0.00009381,0.00008700,0.00009299,4393323.00000000
1516316400,1516319999,0.00009299,0.00009730,0.00009040,0.00009699,2550534.00000000
1516320000,1516323599,0.00009699,0.00009768,0.00009418,0.00009759,1813321.00000000
1516323600,1516327199,0.00009760,0.00010339,0.00009600,0.00010204,5041117.00000000
1516327200,1516330799,0.00010233,0.00011589,0.00009813,0.00010971,13472536.00000000
1516330800,1516334399,0.00010938,0.00010938,0.00009779,0.00010222,5963463.00000000
1516334400,1516337999,0.00010223,0.00010500,0.00010000,0.00010399,2463575.00000000
1516338000,1516341599,0.00010411,0.00011990,0.00010399,0.00011135,7630509.00000000
1516341600,1516345199,0.00011135,0.00011853,0.00010752,0.00011508,7152357.00000000
1516345200,1516348799,0.00011508,0.00011684,0.00011101,0.00011245,3652779.00000000
1516348800,1516352399,0.00011278,0.00011339,0.00010909,0.00011136,2809970.00000000
1516352400,1516355999,0.00011136,0.00011750,0.00011092,0.00011500,2462747.00000000
1516356000,1516359599,0.00011500,0.00012200,0.00011322,0.00012049,3698026.00000000
1516359600,1516363199,0.00012050,0.00012258,0.00011685,0.00011846,3819144.00000000
1516363200,1516366799,0.00011893,0.00011921,0.00011199,0.00011423,3101209.00000000
1516366800,1516370399,0.00011425,0.00012572,0.00011423,0.00012055,6444551.00000000
1516370400,1516373999,0.00012053,0.00012972,0.00011750,0.00012536,8580423.00000000
1516374000,1516377599,0.00012550,0.00012700,0.00011982,0.00012470,6156137.00000000
1516377600,1516381199,0.00012460,0.00012611,0.00011990,0.00012278,5064797.00000000
1516381200,1516384799,0.00012330,0.00012390,0.00010841,0.00010935,6135020.00000000
1516384800,1516388399,0.00010935,0.00011396,0.00010890,0.00011156,3582103.00000000
1516388400,1516391999,0.00011139,0.00011600,0.00011134,0.00011220,3440017.00000000
1516392000,1516395599,0.00011196,0.00011400,0.00011000,0.00011341,2182540.00000000
1516395600,1516399199,0.00011322,0.00011700,0.00011102,0.00011218,3023054.00000000
1516399200,1516402799,0.00011199,0.00011400,0.00011088,0.00011318,2070440.00000000
1516402800,1516406399,0.00011299,0.00011650,0.00011217,0.00011481,2883380.00000000
1516406400,1516409999,0.00011470,0.00012250,0.00011275,0.00012102,6247192.00000000
1516410000,1516413599,0.00012102,0.00012449,0.00011511,0.00011511,6129915.00000000
1516413600,1516417199,0.00011511,0.00011803,0.00011234,0.00011396,3594150.00000000
1516417200,1516420799,0.00011396,0.00011489,0.00010918,0.00011220,4360639.00000000
1516420800,1516424399,0.00011260,0.00011520,0.00010899,0.00010899,2395205.00000000
1516424400,1516427999,0.00010899,0.00011216,0.00010130,0.00010342,3710983.00000000
1516428000,1516431599,0.00010342,0.00011173,0.00010133,0.00011009,12487499.00000000
1516431600,1516435199,0.00011011,0.00011951,0.00010686,0.00010952,8405748.00000000
1516435200,1516438799,0.00010901,0.00011350,0.00010000,0.00010858,3219066.00000000
1516438800,1516442399,0.00010967,0.00011160,0.00010500,0.00010760,2428326.00000000
1516442400,1516445999,0.00010756,0.00010756,0.00010274,0.00010401,1224142.00000000
1516446000,1516449599,0.00010410,0.00010999,0.00010410,0.00010790,1638529.00000000
1516449600,1516453199,0.00010800,0.00011274,0.00010588,0.00010847,3028470.00000000
1516453200,1516456799,0.00010841,0.00011099,0.00010700,0.00010835,2212829.00000000
1516456800,1516460399,0.00010835,0.00011087,0.00010608,0.00010641,3029183.00000000
1516460400,1516463999,0.00010673,0.00010888,0.00010593,0.00010700,2039186.00000000
1516464000,1516467599,0.00010701,0.00010750,0.00010400,0.00010555,2215012.00000000
1516467600,1516471199,0.00010553,0.00010640,0.00010370,0.00010377,1778274.00000000
1516471200,1516474799,0.00010377,0.00010595,0.00010200,0.00010279,2170850.00000000
1516474800,1516478399,0.00010252,0.00010499,0.00010199,0.00010300,1601174.00000000
1516478400,1516481999,0.00010300,0.00010616,0.00010300,0.00010403,1836981.00000000
1516482000,1516485599,0.00010408,0.00010600,0.00010301,0.00010480,1067021.00000000
1516485600,1516489199,0.00010480,0.00010563,0.00010360,0.00010410,1081487.00000000
1516489200,1516492799,0.00010410,0.00010602,0.00010300,0.00010448,1383799.00000000
1516492800,1516496399,0.00010448,0.00011969,0.00010362,0.00011702,6253356.00000000
1516496400,1516499999,0.00011766,0.00011833,0.00010800,0.00010913,4170574.00000000
1516500000,1516503599,0.00010899,0.00011400,0.00010653,0.00011233,2097736.00000000
1516503600,1516507199,0.00011231,0.00011231,0.00010525,0.00010557,2192543.00000000
1516507200,1516510799,0.00010596,0.00010854,0.00010313,0.00010314,1231431.00000000
1516510800,1516514399,0.00010314,0.00010710,0.00010205,0.00010505,2093581.00000000
1516514400,1516517999,0.00010465,0.00010581,0.00010262,0.00010280,1069781.00000000
1516518000,1516521599,0.00010280,0.00010309,0.00010000,0.00010143,2074907.00000000
1516521600,1516525199,0.00010162,0.00010316,0.00010003,0.00010125,1147720.00000000
1516525200,1516528799,0.00010127,0.00010181,0.00009823,0.00010008,1158685.00000000
1516528800,1516532399,0.00010033,0.00010195,0.00009973,0.00010139,434180.00000000
1516532400,1516535999,0.00010139,0.00010250,0.00010067,0.00010156,834562.00000000
1516536000,1516539599,0.00010157,0.00010195,0.00010039,0.00010073,527181.00000000
1516539600,1516543199,0.00010073,0.00010250,0.00009820,0.00010048,1457282.00000000
1516543200,1516546799,0.00010096,0.00010108,0.00009811,0.00009879,1599212.00000000
1516546800,1516550399,0.00009829,0.00009971,0.00009801,0.00009907,990498.00000000
1516550400,1516553999,0.00009900,0.00009938,0.00009602,0.00009628,1981805.00000000
1516554000,1516557599,0.00009628,0.00009681,0.00009405,0.00009566,2085307.00000000
1516557600,1516561199,0.00009565,0.00009917,0.00009552,0.00009752,1226439.00000000
1516561200,1516564799,0.00009754,0.00009960,0.00009400,0.00009612,934624.00000000
1516564800,1516568399,0.00009628,0.00009680,0.00009300,0.00009306,1058065.00000000
1516568400,1516571999,0.00009300,0.00009636,0.00009206,0.00009528,1048724.00000000
1516572000,1516575599,0.00009528,0.00009750,0.00009528,0.00009617,970694.00000000
1516575600,1516579199,0.00009617,0.00010154,0.00009616,0.00010033,1593953.00000000
1516579200,1516582799,0.00010033,0.00010145,0.00009600,0.00009700,1219232.00000000
1516582800,1516586399,0.00009709,0.00010450,0.00009700,0.00010022,2278589.00000000
1516586400,1516589999,0.00010037,0.00010154,0.00009779,0.00009983,1227070.00000000
1516590000,1516593599,0.00009990,0.00010000,0.00009791,0.00009843,908337.00000000
1516593600,1516597199,0.00009843,0.00010051,0.00009539,0.00009906,1676232.00000000
1516597200,1516600799,0.00009907,0.00010010,0.00009711,0.00009720,1338971.00000000
1516600800,1516604399,0.00009719,0.00010300,0.00009622,0.00009894,1467438.00000000
1516604400,1516607999,0.00009893,0.00010066,0.00009783,0.00009924,1561867.00000000
1516608000,1516611599,0.00009900,0.00010400,0.00009809,0.00010231,1964466.00000000
1516611600,1516615199,0.00010218,0.00010350,0.00009960,0.00010288,1054961.00000000
1516615200,1516618799,0.00010285,0.00010337,0.00009900,0.00009975,1632099.00000000
1516618800,1516622399,0.00009975,0.00010077,0.00009680,0.00009805,1179754.00000000
1516622400,1516625999,0.00009775,0.00009890,0.00009615,0.00009761,1079079.00000000
1516626000,1516629599,0.00009761,0.00009784,0.00009161,0.00009526,2033014.00000000
1516629600,1516633199,0.00009527,0.00009898,0.00009300,0.00009426,1502854.00000000
1516633200,1516636799,0.00009415,0.00009500,0.00009205,0.00009252,2024985.00000000
1516636800,1516640399,0.00009252,0.00009500,0.00009235,0.00009395,1158142.00000000
1516640400,1516643999,0.00009395,0.00009550,0.00009361,0.00009470,841739.00000000
1516644000,1516647599,0.00009470,0.00009600,0.00009386,0.00009546,540922.00000000
1516647600,1516651199,0.00009515,0.00009809,0.00009471,0.00009800,633437.00000000
1516651200,1516654799,0.00009826,0.00009962,0.00009660,0.00009724,947434.00000000
1516654800,1516658399,0.00009715,0.00009846,0.00009500,0.00009599,1270035.00000000
1516658400,1516661999,0.00009600,0.00009800,0.00009344,0.00009587,1068501.00000000
1516662000,1516665599,0.00009587,0.00009799,0.00009551,0.00009617,865660.00000000
1516665600,1516669199,0.00009617,0.00009677,0.00009526,0.00009602,887911.00000000
1516669200,1516672799,0.00009580,0.00009677,0.00009452,0.00009549,727816.00000000
1516672800,1516676399,0.00009548,0.00009548,0.00009355,0.00009453,983437.00000000
1516676400,1516679999,0.00009453,0.00009499,0.00009282,0.00009485,1760248.00000000
1516680000,1516683599,0.00009485,0.00009500,0.00009303,0.00009424,775092.00000000
1516683600,1516687199,0.00009424,0.00009463,0.00009304,0.00009352,832932.00000000
1516687200,1516690799,0.00009352,0.00009536,0.00009336,0.00009391,394014.00000000
1516690800,1516694399,0.00009369,0.00009389,0.00009330,0.00009368,460263.00000000
1516694400,1516697999,0.00009368,0.00009625,0.00009328,0.00009621,540271.00000000
1516698000,1516701599,0.00009621,0.00009624,0.00009434,0.00009488,609013.00000000
1516701600,1516705199,0.00009500,0.00009535,0.00009402,0.00009405,350031.00000000
1516705200,1516708799,0.00009405,0.00009499,0.00009250,0.00009327,659200.00000000
1516708800,1516712399,0.00009343,0.00009415,0.00009215,0.00009317,593778.00000000
1516712400,1516715999,0.00009321,0.00009395,0.00009216,0.00009374,612303.00000000
1516716000,1516719599,0.00009374,0.00009374,0.00009220,0.00009335,734440.00000000
1516719600,1516723199,0.00009335,0.00009948,0.00009267,0.00009948,1740727.00000000
1516723200,1516726799,0.00009950,0.00010500,0.00009775,0.00010140,3653968.00000000
1516726800,1516730399,0.00010111,0.00010394,0.00009757,0.00010121,2470711.00000000
1516730400,1516733999,0.00010121,0.00011305,0.00010121,0.00011305,3771582.00000000
1516734000,1516737599,0.00011299,0.00011800,0.00010501,0.00010660,8235392.00000000
1516737600,1516741199,0.00010660,0.00010839,0.00010121,0.00010456,2022768.00000000
1516741200,1516744799,0.00010457,0.00010457,0.00010130,0.00010430,1205925.00000000
1516744800,1516748399,0.00010400,0.00010865,0.00010200,0.00010450,1835051.00000000
1516748400,1516751999,0.00010449,0.00010600,0.00010200,0.00010240,1105681.00000000
1516752000,1516755599,0.00010267,0.00010336,0.00010060,0.00010119,916757.00000000
1516755600,1516759199,0.00010119,0.00010421,0.00010100,0.00010263,1110511.00000000
1516759200,1516762799,0.00010263,0.00010295,0.00010084,0.00010223,660691.00000000
1516762800,1516766399,0.00010170,0.00011410,0.00010170,0.00011300,5220272.00000000
1516766400,1516769999,0.00011300,0.00011338,0.00010599,0.00010677,3184818.00000000
1516770000,1516773599,0.00010677,0.00011300,0.00010622,0.00010870,2437084.00000000
1516773600,1516777199,0.00010870,0.00011100,0.00010678,0.00010809,2221798.00000000
1516777200,1516780799,0.00010787,0.00010821,0.00010363,0.00010445,1817538.00000000
1516780800,1516784399,0.00010439,0.00010638,0.00010273,0.00010334,839773.00000000
1516784400,1516787999,0.00010334,0.00010500,0.00010333,0.00010428,912877.00000000
1516788000,1516791599,0.00010400,0.00010454,0.00010300,0.00010309,832009.00000000
1516791600,1516795199,0.00010310,0.00010435,0.00010172,0.00010176,750611.00000000
1516795200,1516798799,0.00010176,0.00010300,0.00010050,0.00010261,1068793.00000000
1516798800,1516802399,0.00010282,0.00010427,0.00010075,0.00010159,1770921.00000000
1516802400,1516805999,0.00010120,0.00010215,0.00009656,0.00009676,3373856.00000000
1516806000,1516809599,0.00009678,0.00009997,0.00009620,0.00009779,1460220.00000000
1516809600,1516813199,0.00009787,0.00009844,0.00009651,0.00009783,854355.00000000
1516813200,1516816799,0.00009783,0.00009879,0.00009664,0.00009728,835794.00000000
1516816800,1516820399,0.00009680,0.00009776,0.00009664,0.00009758,683624.00000000
1516820400,1516823999,0.00009758,0.00009911,0.00009655,0.00009834,891250.00000000
1516824000,1516827599,0.00009813,0.00009813,0.00009600,0.00009738,995918.00000000
1516827600,1516831199,0.00009742,0.00010368,0.00009600,0.00009719,1284924.00000000
1516831200,1516834799,0.00009704,0.00009719,0.00009350,0.00009519,1429961.00000000
1516834800,1516838399,0.00009500,0.00009587,0.00009266,0.00009320,1182881.00000000
1516838400,1516841999,0.00009320,0.00010350,0.00009320,0.00009724,2792829.00000000
1516842000,1516845599,0.00009722,0.00009724,0.00009294,0.00009435,1388782.00000000
1516845600,1516849199,0.00009434,0.00009999,0.00009420,0.00009639,2023886.00000000
1516849200,1516852799,0.00009733,0.00009887,0.00009502,0.00009590,1242483.00000000
1516852800,1516856399,0.00009622,0.00009734,0.00009458,0.00009500,1777683.00000000
1516856400,1516859999,0.00009497,0.00009569,0.00009435,0.00009508,822042.00000000
1516860000,1516863599,0.00009505,0.00009562,0.00009455,0.00009500,1114644.00000000
1516863600,1516867199,0.00009500,0.00009568,0.00009500,0.00009543,959872.00000000
1516867200,1516870799,0.00009530,0.00009539,0.00009442,0.00009442,333057.00000000
1516870800,1516874399,0.00009442,0.00009519,0.00009341,0.00009406,1077513.00000000
1516874400,1516877999,0.00009438,0.00009439,0.00009356,0.00009433,582355.00000000
1516878000,1516881599,0.00009427,0.00009436,0.00009303,0.00009386,536453.00000000
1516881600,1516885199,0.00009380,0.00009497,0.00009307,0.00009430,636933.00000000
1516885200,1516888799,0.00009430,0.00009486,0.00009401,0.00009407,836050.00000000
1516888800,1516892399,0.00009407,0.00009458,0.00009264,0.00009353,553923.00000000
1516892400,1516895999,0.00009336,0.00009415,0.00009250,0.00009314,643544.00000000
1516896000,1516899599,0.00009315,0.00009373,0.00009266,0.00009311,681533.00000000
1516899600,1516903199,0.00009311,0.00009311,0.00009169,0.00009180,626935.00000000
1516903200,1516906799,0.00009180,0.00009283,0.00009161,0.00009206,366984.00000000
1516906800,1516910399,0.00009239,0.00009300,0.00009101,0.00009202,1012857.00000000
1516910400,1516913999,0.00009202,0.00009300,0.00009100,0.00009193,720781.00000000
1516914000,1516917599,0.00009193,0.00009276,0.00009154,0.00009160,499723.00000000
1516917600,1516921199,0.00009170,0.00009299,0.00009121,0.00009176,765204.00000000
1516921200,1516924799,0.00009176,0.00009236,0.00009100,0.00009138,459680.00000000
1516924800,1516928399,0.00009139,0.00009288,0.00009139,0.00009229,872163.00000000
1516928400,1516931999,0.00009200,0.00009336,0.00009164,0.00009303,640781.00000000
1516932000,1516935599,0.00009303,0.00009569,0.00009296,0.00009487,3447919.00000000
1516935600,1516939199,0.00009487,0.00009569,0.00009446,0.00009530,2754161.00000000
1516939200,1516942799,0.00009535,0.00009569,0.00009490,0.00009550,1289269.00000000
1516942800,1516946399,0.00009550,0.00009568,0.00009356,0.00009372,857401.00000000
1516946400,1516949999,0.00009409,0.00009499,0.00009364,0.00009421,934791.00000000
1516950000,1516953599,0.00009421,0.00009460,0.00009250,0.00009252,1223080.00000000
1516953600,1516957199,0.00009250,0.00009262,0.00009000,0.00009157,1627809.00000000
1516957200,1516960799,0.00009246,0.00009350,0.00008909,0.00008951,793040.00000000
1516960800,1516964399,0.00008999,0.00009195,0.00008953,0.00009028,823802.00000000
1516964400,1516967999,0.00009055,0.00009072,0.00008903,0.00008983,343505.00000000
1516968000,1516971599,0.00008979,0.00008985,0.00008766,0.00008940,975746.00000000
1516971600,1516975199,0.00008963,0.00008994,0.00008800,0.00008870,1097038.00000000
1516975200,1516978799,0.00008891,0.00009090,0.00008829,0.00009047,510216.00000000
1516978800,1516982399,0.00009087,0.00009569,0.00009087,0.00009468,1559809.00000000
1516982400,1516985999,0.00009480,0.00009569,0.00009310,0.00009484,2335713.00000000
1516986000,1516989599,0.00009451,0.00009569,0.00009326,0.00009447,1975089.00000000
1516989600,1516993199,0.00009450,0.00009478,0.00009200,0.00009301,725963.00000000
1516993200,1516996799,0.00009340,0.00009400,0.00009207,0.00009234,883878.00000000
1516996800,1517000399,0.00009250,0.00009432,0.00009250,0.00009401,708256.00000000
1517000400,1517003999,0.00009347,0.00009391,0.00009201,0.00009238,882112.00000000
1517004000,1517007599,0.00009238,0.00009359,0.00009201,0.00009247,379324.00000000
1517007600,1517011199,0.00009248,0.00009449,0.00009212,0.00009347,536011.00000000
1517011200,1517014799,0.00009334,0.00009479,0.00009258,0.00009285,843463.00000000
1517014800,1517018399,0.00009285,0.00009316,0.00009050,0.00009170,498298.00000000
1517018400,1517021999,0.00009208,0.00009300,0.00009075,0.00009170,480696.00000000
1517022000,1517025599,0.00009197,0.00009299,0.00009165,0.00009225,862316.00000000
1517025600,1517029199,0.00009226,0.00009300,0.00009226,0.00009238,426113.00000000
1517029200,1517032799,0.00009238,0.00009282,0.00009210,0.00009216,321602.00000000
1517032800,1517036399,0.00009219,0.00009250,0.00009143,0.00009191,604438.00000000
1517036400,1517039999,0.00009191,0.00009242,0.00009150,0.00009150,281164.00000000
1517040000,1517043599,0.00009150,0.00009241,0.00009100,0.00009240,778808.00000000
1517043600,1517047199,0.00009235,0.00009243,0.00009152,0.00009214,270498.00000000
1517047200,1517050799,0.00009217,0.00009238,0.00009091,0.00009119,594219.00000000
1517050800,1517054399,0.00009149,0.00009188,0.00009090,0.00009090,232624.00000000
1517054400,1517057999,0.00009090,0.00009114,0.00009000,0.00009032,468108.00000000
1517058000,1517061599,0.00009002,0.00009117,0.00009002,0.00009040,494776.00000000
1517061600,1517065199,0.00009040,0.00009240,0.00009030,0.00009232,466062.00000000
1517065200,1517068799,0.00009193,0.00009378,0.00009139,0.00009227,915219.00000000
1517068800,1517072399,0.00009200,0.00009265,0.00009095,0.00009095,553537.00000000
1517072400,1517075999,0.00009098,0.00009199,0.00009080,0.00009107,632386.00000000
1517076000,1517079599,0.00009107,0.00009154,0.00009069,0.00009106,419090.00000000
1517079600,1517083199,0.00009106,0.00009152,0.00009051,0.00009105,300067.00000000
1517083200,1517086799,0.00009100,0.00009109,0.00009000,0.00009019,642302.00000000
1517086800,1517090399,0.00009019,0.00009020,0.00008934,0.00009009,340748.00000000
1517090400,1517093999,0.00009009,0.00009016,0.00008699,0.00008800,693110.00000000
1517094000,1517097599,0.00008800,0.00008936,0.00008768,0.00008885,607085.00000000
1517097600,1517101199,0.00008900,0.00008900,0.00008767,0.00008815,371205.00000000
1517101200,1517104799,0.00008815,0.00008815,0.00008698,0.00008760,492249.00000000
1517104800,1517108399,0.00008760,0.00008805,0.00008707,0.00008725,738022.00000000
1517108400,1517111999,0.00008711,0.00008825,0.00008665,0.00008665,507791.00000000
1517112000,1517115599,0.00008663,0.00008781,0.00008504,0.00008665,635206.00000000
1517115600,1517119199,0.00008665,0.00008666,0.00008474,0.00008485,972763.00000000
1517119200,1517122799,0.00008489,0.00008544,0.00008240,0.00008300,1101309.00000000
1517122800,1517126399,0.00008306,0.00008525,0.00008131,0.00008496,989330.00000000
1517126400,1517129999,0.00008497,0.00008900,0.00008315,0.00008639,753262.00000000
1517130000,1517133599,0.00008636,0.00008636,0.00008411,0.00008502,361318.00000000
1517133600,1517137199,0.00008502,0.00008502,0.00008060,0.00008201,508109.00000000
1517137200,1517140799,0.00008201,0.00008201,0.00007802,0.00007888,789178.00000000
1517140800,1517144399,0.00007887,0.00008025,0.00007740,0.00007821,1756929.00000000
1517144400,1517147999,0.00007821,0.00007830,0.00007758,0.00007800,942840.00000000
1517148000,1517151599,0.00007785,0.00007986,0.00007785,0.00007861,1116650.00000000
1517151600,1517155199,0.00007861,0.00008000,0.00007740,0.00007877,1804157.00000000
1517155200,1517158799,0.00007877,0.00008298,0.00007800,0.00008209,1254503.00000000
1517158800,1517162399,0.00008245,0.00008271,0.00007920,0.00007950,573331.00000000
1517162400,1517165999,0.00007925,0.00008220,0.00007804,0.00007996,982539.00000000
1517166000,1517169599,0.00007997,0.00008020,0.00007825,0.00007903,1179106.00000000
1517169600,1517173199,0.00007903,0.00008140,0.00007773,0.00007894,843687.00000000
1517173200,1517176799,0.00007885,0.00007939,0.00007783,0.00007878,551716.00000000
1517176800,1517180399,0.00007877,0.00007877,0.00007700,0.00007708,650165.00000000
1517180400,1517183999,0.00007712,0.00007788,0.00007624,0.00007626,665580.00000000
1517184000,1517187599,0.00007625,0.00007709,0.00007545,0.00007576,810683.00000000
1517187600,1517191199,0.00007570,0.00008001,0.00007520,0.00007939,1141869.00000000
1517191200,1517194799,0.00007969,0.00008239,0.00007939,0.00007945,1273448.00000000
1517194800,1517198399,0.00007958,0.00008213,0.00007851,0.00007912,785524.00000000
1517198400,1517201999,0.00007930,0.00008066,0.00007750,0.00007793,630190.00000000
1517202000,1517205599,0.00007750,0.00007853,0.00007644,0.00007758,666357.00000000
1517205600,1517209199,0.00007758,0.00007852,0.00007651,0.00007710,408059.00000000
1517209200,1517212799,0.00007749,0.00007800,0.00007687,0.00007764,356389.00000000
1517212800,1517216399,0.00007760,0.00007844,0.00007681,0.00007681,403841.00000000
1517216400,1517219999,0.00007716,0.00007751,0.00007600,0.00007680,463504.00000000
1517220000,1517223599,0.00007660,0.00007776,0.00007500,0.00007632,2775736.00000000
1517223600,1517227199,0.00007603,0.00007775,0.00007603,0.00007750,706243.00000000
1517227200,1517230799,0.00007774,0.00008007,0.00007702,0.00007852,1226645.00000000
1517230800,1517234399,0.00007852,0.00008030,0.00007707,0.00007812,1630464.00000000
1517234400,1517237999,0.00007812,0.00007978,0.00007700,0.00007741,691750.00000000
1517238000,1517241599,0.00007741,0.00007999,0.00007700,0.00007996,1523854.00000000
1517241600,1517245199,0.00007999,0.00009500,0.00007999,0.00009154,18173982.00000000
1517245200,1517248799,0.00009164,0.00009569,0.00009000,0.00009393,18351141.00000000
1517248800,1517252399,0.00009393,0.00009393,0.00008000,0.00008770,9894968.00000000
1517252400,1517255999,0.00008770,0.00009783,0.00008714,0.00009780,7744485.00000000
1517256000,1517259599,0.00009780,0.00009850,0.00008600,0.00009238,11434571.00000000
1517259600,1517263199,0.00009236,0.00009597,0.00008823,0.00009220,6721380.00000000
1517263200,1517266799,0.00009220,0.00009386,0.00008926,0.00009025,3842095.00000000
1517266800,1517270399,0.00009025,0.00009266,0.00008900,0.00009045,3849318.00000000
1517270400,1517273999,0.00009045,0.00009069,0.00008823,0.00008900,2825043.00000000
1517274000,1517277599,0.00008900,0.00009460,0.00008900,0.00009454,5273386.00000000
1517277600,1517281199,0.00009454,0.00009454,0.00008990,0.00008999,3675406.00000000
1517281200,1517284799,0.00008999,0.00009194,0.00008902,0.00008940,2736665.00000000
1517284800,1517288399,0.00008947,0.00009000,0.00008830,0.00008875,2747574.00000000
1517288400,1517291999,0.00008861,0.00008900,0.00008655,0.00008690,1884698.00000000
1517292000,1517295599,0.00008689,0.00008875,0.00008500,0.00008741,4040469.00000000
1517295600,1517299199,0.00008741,0.00008741,0.00008510,0.00008572,2021093.00000000
1517299200,1517302799,0.00008572,0.00008599,0.00008266,0.00008334,2947494.00000000
1517302800,1517306399,0.00008340,0.00008549,0.00008248,0.00008386,1609340.00000000
1517306400,1517309999,0.00008385,0.00008465,0.00008190,0.00008350,1117159.00000000
1517310000,1517313599,0.00008354,0.00008700,0.00008266,0.00008601,1379744.00000000
1517313600,1517317199,0.00008635,0.00009110,0.00008600,0.00008868,3278926.00000000
1517317200,1517320799,0.00008900,0.00009058,0.00008501,0.00008596,2703917.00000000
1517320800,1517324399,0.00008563,0.00008725,0.00008050,0.00008333,3013386.00000000
1517324400,1517327999,0.00008301,0.00008406,0.00008001,0.00008053,2480746.00000000
1517328000,1517331599,0.00008053,0.00008247,0.00008053,0.00008216,1310837.00000000
1517331600,1517335199,0.00008244,0.00008423,0.00008001,0.00008001,1791063.00000000
1517335200,1517338799,0.00008001,0.00008120,0.00007760,0.00007827,3080120.00000000
1517338800,1517342399,0.00007832,0.00008019,0.00007770,0.00007951,2343999.00000000
1517342400,1517345999,0.00007951,0.00008103,0.00007868,0.00007988,1122694.00000000
1517346000,1517349599,0.00007985,0.00008298,0.00007982,0.00008210,1358632.00000000
1517349600,1517353199,0.00008245,0.00008246,0.00008003,0.00008003,915798.00000000
1517353200,1517356799,0.00008048,0.00008126,0.00007900,0.00007926,858782.00000000
1517356800,1517360399,0.00007950,0.00008040,0.00007701,0.00007720,1128872.00000000
1517360400,1517363999,0.00007742,0.00008000,0.00007687,0.00007900,2140025.00000000
1517364000,1517367599,0.00007938,0.00008091,0.00007896,0.00007996,1268471.00000000
1517367600,1517371199,0.00007996,0.00008083,0.00007984,0.00007997,758175.00000000
1517371200,1517374799,0.00007997,0.00007997,0.00007803,0.00007906,623925.00000000
1517374800,1517378399,0.00007966,0.00007966,0.00007700,0.00007841,790097.00000000
1517378400,1517381999,0.00007790,0.00007841,0.00007707,0.00007756,814210.00000000
1517382000,1517385599,0.00007813,0.00007903,0.00007759,0.00007850,527793.00000000
1517385600,1517389199,0.00007853,0.00007915,0.00007745,0.00007775,556495.00000000
1517389200,1517392799,0.00007823,0.00007908,0.00007750,0.00007758,709756.00000000
1517392800,1517396399,0.00007758,0.00007792,0.00007628,0.00007651,428892.00000000
1517396400,1517399999,0.00007701,0.00007816,0.00007650,0.00007650,648392.00000000
1517400000,1517403599,0.00007650,0.00008100,0.00007635,0.00007734,510500.00000000
1517403600,1517407199,0.00007759,0.00007990,0.00007650,0.00007708,648366.00000000
1517407200,1517410799,0.00007711,0.00007730,0.00007500,0.00007500,582349.00000000
1517410800,1517414399,0.00007526,0.00007557,0.00007420,0.00007540,884461.00000000
1517414400,1517417999,0.00007540,0.00007545,0.00007421,0.00007500,697745.00000000
1517418000,1517421599,0.00007500,0.00007733,0.00007491,0.00007596,768338.00000000
1517421600,1517425199,0.00007615,0.00007689,0.00007391,0.00007507,1408173.00000000
1517425200,1517428799,0.00007507,0.00007623,0.00007370,0.00007623,646174.00000000
1517428800,1517432399,0.00007622,0.00007660,0.00007569,0.00007644,835284.00000000
1517432400,1517435999,0.00007644,0.00007646,0.00007420,0.00007562,639441.00000000
1517436000,1517439599,0.00007555,0.00007562,0.00007435,0.00007547,252369.00000000
1517439600,1517443199,0.00007532,0.00007548,0.00007453,0.00007519,436610.00000000
1517443200,1517446799,0.00007512,0.00007562,0.00007450,0.00007555,1046850.00000000
1517446800,1517450399,0.00007556,0.00007744,0.00007507,0.00007603,797612.00000000
1517450400,1517453999,0.00007635,0.00007850,0.00007600,0.00007690,867670.00000000
1517454000,1517457599,0.00007658,0.00007658,0.00007365,0.00007401,934207.00000000
1517457600,1517461199,0.00007401,0.00007497,0.00007343,0.00007474,392726.00000000
1517461200,1517464799,0.00007472,0.00007492,0.00007350,0.00007443,629184.00000000
1517464800,1517468399,0.00007417,0.00007417,0.00007343,0.00007375,389144.00000000
1517468400,1517471999,0.00007375,0.00007477,0.00007339,0.00007424,453724.00000000
1517472000,1517475599,0.00007435,0.00007475,0.00007244,0.00007300,664056.00000000
1517475600,1517479199,0.00007300,0.00007302,0.00006997,0.00006997,1023966.00000000
1517479200,1517482799,0.00006990,0.00007050,0.00006860,0.00006900,998512.00000000
1517482800,1517486399,0.00006900,0.00006992,0.00006751,0.00006950,1325956.00000000
1517486400,1517489999,0.00006949,0.00006999,0.00006402,0.00006501,2396914.00000000
1517490000,1517493599,0.00006522,0.00006525,0.00006137,0.00006223,2448339.00000000
1517493600,1517497199,0.00006246,0.00006977,0.00006140,0.00006630,2952225.00000000
1517497200,1517500799,0.00006630,0.00006905,0.00006630,0.00006847,1116663.00000000
1517500800,1517504399,0.00006848,0.00006883,0.00006540,0.00006621,1510170.00000000
1517504400,1517507999,0.00006616,0.00006620,0.00006503,0.00006595,1211801.00000000
1517508000,1517511599,0.00006599,0.00006821,0.00006599,0.00006693,1042319.00000000
1517511600,1517515199,0.00006691,0.00006717,0.00006505,0.00006601,1016348.00000000
1517515200,1517518799,0.00006625,0.00007000,0.00006600,0.00006981,1053030.00000000
1517518800,1517522399,0.00006981,0.00007157,0.00006878,0.00007087,927410.00000000
1517522400,1517525999,0.00007106,0.00007185,0.00006930,0.00007058,908070.00000000
1517526000,1517529599,0.00007055,0.00007099,0.00006955,0.00007017,321399.00000000
1517529600,1517533199,0.00007017,0.00007017,0.00006725,0.00006832,870483.00000000
1517533200,1517536799,0.00006841,0.00006841,0.00006652,0.00006741,857833.00000000
1517536800,1517540399,0.00006716,0.00006857,0.00006700,0.00006711,916906.00000000
1517540400,1517543999,0.00006734,0.00006829,0.00006607,0.00006670,855065.00000000
1517544000,1517547599,0.00006669,0.00006673,0.00006457,0.00006503,839104.00000000
1517547600,1517551199,0.00006526,0.00006665,0.00006427,0.00006562,799556.00000000
1517551200,1517554799,0.00006588,0.00006635,0.00006300,0.00006390,2057764.00000000
1517554800,1517558399,0.00006368,0.00006500,0.00006220,0.00006416,1664296.00000000
1517558400,1517561999,0.00006414,0.00006425,0.00005500,0.00006123,2316445.00000000
1517562000,1517565599,0.00006167,0.00006400,0.00005734,0.00006195,2818042.00000000
1517565600,1517569199,0.00006200,0.00006200,0.00006020,0.00006076,1265415.00000000
1517569200,1517572799,0.00006076,0.00006133,0.00005892,0.00006074,1449270.00000000
1517572800,1517576399,0.00006072,0.00006150,0.00005933,0.00005961,2204393.00000000
1517576400,1517579999,0.00005961,0.00006650,0.00005932,0.00006586,2795994.00000000
1517580000,1517583599,0.00006599,0.00006800,0.00006275,0.00006389,2467557.00000000
1517583600,1517587199,0.00006389,0.00007090,0.00006381,0.00006990,2182641.00000000
1517587200,1517590799,0.00006990,0.00007228,0.00006919,0.00007144,3444520.00000000
1517590800,1517594399,0.00007143,0.00007169,0.00006718,0.00006809,2165958.00000000
1517594400,1517597999,0.00006809,0.00006981,0.00006718,0.00006844,1105104.00000000
1517598000,1517601599,0.00006843,0.00006950,0.00006503,0.00006697,1794156.00000000
1517601600,1517605199,0.00006697,0.00006890,0.00006607,0.00006890,742837.00000000
1517605200,1517608799,0.00006890,0.00006896,0.00006620,0.00006715,836142.00000000
1517608800,1517612399,0.00006714,0.00006944,0.00006698,0.00006855,978991.00000000
1517612400,1517615999,0.00006855,0.00006950,0.00006714,0.00006835,1017206.00000000
1517616000,1517619599,0.00006831,0.00006857,0.00006708,0.00006763,746136.00000000
1517619600,1517623199,0.00006737,0.00006763,0.00006650,0.00006688,513808.00000000
1517623200,1517626799,0.00006688,0.00006737,0.00006650,0.00006693,525843.00000000
1517626800,1517630399,0.00006692,0.00006692,0.00006400,0.00006530,1995723.00000000
1517630400,1517633999,0.00006530,0.00006675,0.00006526,0.00006572,622192.00000000
1517634000,1517637599,0.00006589,0.00006609,0.00006452,0.00006516,668648.00000000
1517637600,1517641199,0.00006517,0.00006634,0.00006444,0.00006614,770979.00000000
1517641200,1517644799,0.00006596,0.00006637,0.00006400,0.00006599,400192.00000000
1517644800,1517648399,0.00006599,0.00007230,0.00006569,0.00007025,2599491.00000000
1517648400,1517651999,0.00007024,0.00007080,0.00006924,0.00006929,1055304.00000000
1517652000,1517655599,0.00006941,0.00006966,0.00006835,0.00006893,440884.00000000
1517655600,1517659199,0.00006893,0.00007091,0.00006848,0.00006992,786244.00000000
1517659200,1517662799,0.00006992,0.00007040,0.00006911,0.00006991,926015.00000000
1517662800,1517666399,0.00006991,0.00007225,0.00006950,0.00007200,1090380.00000000
1517666400,1517669999,0.00007221,0.00007248,0.00007060,0.00007220,1179616.00000000
1517670000,1517673599,0.00007223,0.00007278,0.00006976,0.00007016,1173159.00000000
1517673600,1517677199,0.00007015,0.00007149,0.00006821,0.00006969,1265601.00000000
1517677200,1517680799,0.00006969,0.00007096,0.00006833,0.00006974,918508.00000000
1517680800,1517684399,0.00006973,0.00007044,0.00006855,0.00007018,807073.00000000
1517684400,1517687999,0.00007015,0.00007089,0.00006950,0.00006985,662839.00000000
1517688000,1517691599,0.00006983,0.00007086,0.00006949,0.00007010,872649.00000000
1517691600,1517695199,0.00007020,0.00007038,0.00006957,0.00006957,480590.00000000
1517695200,1517698799,0.00006951,0.00006992,0.00006910,0.00006927,367942.00000000
1517698800,1517702399,0.00006927,0.00006930,0.00006867,0.00006899,507499.00000000
1517702400,1517705999,0.00006949,0.00007011,0.00006822,0.00006868,282638.00000000
1517706000,1517709599,0.00006868,0.00006952,0.00006800,0.00006896,312242.00000000
1517709600,1517713199,0.00006895,0.00006930,0.00006863,0.00006930,228832.00000000
1517713200,1517716799,0.00006930,0.00007026,0.00006866,0.00006988,241073.00000000
1517716800,1517720399,0.00006988,0.00007121,0.00006930,0.00007120,701538.00000000
1517720400,1517723999,0.00007085,0.00007340,0.00007085,0.00007320,1066935.00000000
1517724000,1517727599,0.00007319,0.00007331,0.00007100,0.00007257,911777.00000000
1517727600,1517731199,0.00007257,0.00007416,0.00007257,0.00007386,720511.00000000
1517731200,1517734799,0.00007415,0.00007860,0.00007350,0.00007662,1957605.00000000
1517734800,1517738399,0.00007687,0.00007689,0.00007225,0.00007277,1848665.00000000
1517738400,1517741999,0.00007278,0.00007500,0.00007171,0.00007306,660743.00000000
1517742000,1517745599,0.00007318,0.00007490,0.00007271,0.00007322,519979.00000000
1517745600,1517749199,0.00007326,0.00007374,0.00007113,0.00007260,1112314.00000000
1517749200,1517752799,0.00007231,0.00007311,0.00007140,0.00007257,548527.00000000
1517752800,1517756399,0.00007285,0.00007296,0.00007212,0.00007240,277087.00000000
1517756400,1517759999,0.00007233,0.00007278,0.00007085,0.00007088,449530.00000000
1517760000,1517763599,0.00007092,0.00007166,0.00006900,0.00006987,805346.00000000
1517763600,1517767199,0.00006988,0.00007128,0.00006988,0.00007110,637730.00000000
1517767200,1517770799,0.00007128,0.00007310,0.00006961,0.00007074,890640.00000000
1517770800,1517774399,0.00007075,0.00007235,0.00006896,0.00006967,1822775.00000000
1517774400,1517777999,0.00006960,0.00007059,0.00006702,0.00007002,1336333.00000000
1517778000,1517781599,0.00007003,0.00007211,0.00006966,0.00007005,1325160.00000000
1517781600,1517785199,0.00007033,0.00007200,0.00007009,0.00007174,1144558.00000000
1517785200,1517788799,0.00007174,0.00007220,0.00007090,0.00007164,608224.00000000
1517788800,1517792399,0.00007168,0.00007220,0.00007119,0.00007119,267748.00000000
1517792400,1517795999,0.00007111,0.00007111,0.00006930,0.00007102,735141.00000000
1517796000,1517799599,0.00007102,0.00007102,0.00006880,0.00006935,1043791.00000000
1517799600,1517803199,0.00006934,0.00007090,0.00006908,0.00007090,776200.00000000
1517803200,1517806799,0.00007090,0.00007170,0.00006970,0.00007135,678246.00000000
1517806800,1517810399,0.00007136,0.00007202,0.00007010,0.00007053,512031.00000000
1517810400,1517813999,0.00007083,0.00007152,0.00007022,0.00007050,197251.00000000
1517814000,1517817599,0.00007035,0.00007085,0.00006810,0.00006871,659215.00000000
1517817600,1517821199,0.00006870,0.00006971,0.00006739,0.00006800,526165.00000000
1517821200,1517824799,0.00006771,0.00006911,0.00006755,0.00006899,521845.00000000
1517824800,1517828399,0.00006850,0.00006920,0.00006800,0.00006882,309601.00000000
1517828400,1517831999,0.00006900,0.00006900,0.00006700,0.00006809,1101211.00000000
1517832000,1517835599,0.00006806,0.00006941,0.00006770,0.00006819,666408.00000000
1517835600,1517839199,0.00006819,0.00006919,0.00006707,0.00006799,526266.00000000
1517839200,1517842799,0.00006789,0.00006799,0.00006600,0.00006637,1394066.00000000
1517842800,1517846399,0.00006611,0.00006700,0.00006435,0.00006600,2087205.00000000
1517846400,1517849999,0.00006643,0.00006660,0.00006400,0.00006494,1549046.00000000
1517850000,1517853599,0.00006494,0.00006552,0.00006240,0.00006295,558087.00000000
1517853600,1517857199,0.00006294,0.00006487,0.00006235,0.00006317,920710.00000000
1517857200,1517860799,0.00006317,0.00006339,0.00006000,0.00006279,2038481.00000000
1517860800,1517864399,0.00006251,0.00006623,0.00006229,0.00006525,2772637.00000000
1517864400,1517867999,0.00006521,0.00006544,0.00006376,0.00006396,628796.00000000
1517868000,1517871599,0.00006391,0.00006450,0.00006229,0.00006332,778095.00000000
1517871600,1517875199,0.00006290,0.00006318,0.00006175,0.00006200,1305223.00000000
1517875200,1517878799,0.00006200,0.00006397,0.00006200,0.00006350,441807.00000000
1517878800,1517882399,0.00006351,0.00006351,0.00006060,0.00006118,602112.00000000
1517882400,1517885999,0.00006118,0.00006300,0.00006060,0.00006191,903759.00000000
1517886000,1517889599,0.00006191,0.00006250,0.00005911,0.00006008,1741473.00000000
1517889600,1517893199,0.00006008,0.00006008,0.00005820,0.00005881,1045398.00000000
1517893200,1517896799,0.00005850,0.00006074,0.00005740,0.00006001,1629847.00000000
1517896800,1517900399,0.00005997,0.00006055,0.00005805,0.00005948,1313761.00000000
1517900400,1517903999,0.00005916,0.00005980,0.00005850,0.00005850,682365.00000000
1517904000,1517907599,0.00005899,0.00006096,0.00005850,0.00006000,580399.00000000
1517907600,1517911199,0.00005980,0.00006251,0.00005914,0.00006195,1328597.00000000
1517911200,1517914799,0.00006225,0.00006339,0.00006167,0.00006252,792747.00000000
1517914800,1517918399,0.00006252,0.00006290,0.00006051,0.00006212,464345.00000000
1517918400,1517921999,0.00006212,0.00006330,0.00006154,0.00006182,1059370.00000000
1517922000,1517925599,0.00006182,0.00006377,0.00006155,0.00006279,1347362.00000000
1517925600,1517929199,0.00006299,0.00006500,0.00006180,0.00006319,1675474.00000000
1517929200,1517932799,0.00006319,0.00006389,0.00006250,0.00006320,933927.00000000
1517932800,1517936399,0.00006320,0.00006394,0.00006137,0.00006236,1213585.00000000
1517936400,1517939999,0.00006240,0.00006290,0.00006103,0.00006234,738396.00000000
1517940000,1517943599,0.00006250,0.00006393,0.00006210,0.00006373,648715.00000000
1517943600,1517947199,0.00006350,0.00006850,0.00006350,0.00006708,2259437.00000000
1517947200,1517950799,0.00006727,0.00007299,0.00006708,0.00006880,4962825.00000000
1517950800,1517954399,0.00006882,0.00007210,0.00006852,0.00007070,1303589.00000000
1517954400,1517957999,0.00007069,0.00007100,0.00006830,0.00006926,1713314.00000000
1517958000,1517961599,0.00006927,0.00007098,0.00006861,0.00006900,850103.00000000
1517961600,1517965199,0.00006907,0.00006991,0.00006828,0.00006912,1248331.00000000
1517965200,1517968799,0.00006937,0.00006958,0.00006800,0.00006900,802095.00000000
1517968800,1517972399,0.00006877,0.00006932,0.00006540,0.00006600,1197301.00000000
1517972400,1517975999,0.00006615,0.00006746,0.00006541,0.00006627,806626.00000000
1517976000,1517979599,0.00006627,0.00006700,0.00006542,0.00006699,863001.00000000
1517979600,1517983199,0.00006699,0.00006799,0.00006580,0.00006580,1469090.00000000
1517983200,1517986799,0.00006581,0.00006683,0.00006200,0.00006603,1676282.00000000
1517986800,1517990399,0.00006603,0.00006799,0.00006599,0.00006717,697072.00000000
1517990400,1517993999,0.00006710,0.00006997,0.00006701,0.00006935,998927.00000000
1517994000,1517997599,0.00006935,0.00007198,0.00006895,0.00006954,1014654.00000000
1517997600,1518001199,0.00006953,0.00007190,0.00006811,0.00007131,868804.00000000
1518001200,1518004799,0.00007133,0.00007187,0.00006850,0.00007015,1489660.00000000
1518004800,1518008399,0.00006998,0.00007070,0.00006919,0.00007026,624106.00000000
1518008400,1518011999,0.00007026,0.00007140,0.00006900,0.00006900,1471473.00000000
1518012000,1518015599,0.00006900,0.00006945,0.00006550,0.00006885,2162366.00000000
1518015600,1518019199,0.00006882,0.00006971,0.00006674,0.00006760,869733.00000000
1518019200,1518022799,0.00006775,0.00006889,0.00006521,0.00006584,615591.00000000
1518022800,1518026399,0.00006590,0.00006727,0.00006500,0.00006595,1046337.00000000
1518026400,1518029999,0.00006576,0.00006670,0.00006500,0.00006626,1554957.00000000
1518030000,1518033599,0.00006625,0.00006657,0.00006540,0.00006635,552716.00000000
1518033600,1518037199,0.00006634,0.00006696,0.00006506,0.00006692,775316.00000000
1518037200,1518040799,0.00006692,0.00006869,0.00006577,0.00006611,585847.00000000
1518040800,1518044399,0.00006644,0.00006653,0.00006421,0.00006511,921795.00000000
1518044400,1518047999,0.00006510,0.00006551,0.00006350,0.00006443,790722.00000000
1518048000,1518049696,0.00006457,0.00006534,0.00006400,0.00006520,465441.00000000
1518168496,1518172096,0.00006531,0.00007790,0.00006498,0.00007390,3627836.00000000
1518172096,1518175696,0.00007390,0.00007790,0.00007160,0.00007266,3221302.00000000
1518175696,1518179296,0.00007267,0.00007299,0.00007012,0.00007059,1111237.00000000
1518179296,1518182896,0.00007086,0.00007149,0.00006906,0.00006932,1347722.00000000
1518182896,1518186496,0.00006932,0.00007100,0.00006500,0.00007011,1794154.00000000
1518186496,1518190096,0.00007029,0.00007232,0.00006981,0.00007121,1774026.00000000
1518190096,1518193696,0.00007119,0.00007173,0.00007018,0.00007142,894556.00000000
1518193696,1518197296,0.00007141,0.00007361,0.00007100,0.00007354,1285348.00000000
1518197296,1518200896,0.00007332,0.00007397,0.00007201,0.00007388,1521062.00000000
1518200896,1518204496,0.00007362,0.00007394,0.00007256,0.00007318,984539.00000000
1518204496,1518208096,0.00007318,0.00007368,0.00007102,0.00007211,1020777.00000000
1518208096,1518211696,0.00007211,0.00007257,0.00007014,0.00007079,888412.00000000
1518211696,1518215296,0.00007088,0.00007217,0.00007010,0.00007052,652432.00000000
1518215296,1518218896,0.00007052,0.00007149,0.00007031,0.00007086,668531.00000000
1518218896,1518222496,0.00007086,0.00007230,0.00007040,0.00007074,686695.00000000
1518222496,1518226096,0.00007073,0.00007191,0.00006935,0.00007190,2806826.00000000
1518226096,1518229696,0.00007191,0.00007560,0.00007170,0.00007295,3387820.00000000
1518229696,1518233296,0.00007298,0.00007584,0.00007298,0.00007442,1773970.00000000
1518233296,1518236896,0.00007444,0.00007457,0.00007150,0.00007236,1707764.00000000
1518236896,1518240496,0.00007240,0.00007420,0.00007228,0.00007295,1052653.00000000
1518240496,1518244096,0.00007306,0.00007355,0.00007220,0.00007220,703020.00000000
1518244096,1518247696,0.00007246,0.00007339,0.00007210,0.00007254,912449.00000000
1518247696,1518251296,0.00007246,0.00007291,0.00007163,0.00007210,948847.00000000
1518251296,1518254896,0.00007211,0.00007300,0.00007053,0.00007185,1288531.00000000
1518254896,1518258496,0.00007185,0.00007250,0.00007093,0.00007093,560184.00000000
1518258496,1518262096,0.00007094,0.00007108,0.00006984,0.00007031,753329.00000000
1518262096,1518265696,0.00007000,0.00007134,0.00006985,0.00007008,373318.00000000
1518265696,1518269296,0.00007009,0.00007091,0.00006962,0.00007090,490244.00000000
1518269296,1518272896,0.00007095,0.00007189,0.00007001,0.00007131,563601.00000000
1518272896,1518276496,0.00007131,0.00007177,0.00006868,0.00006873,646001.00000000
1518276496,1518280096,0.00006873,0.00006999,0.00006750,0.00006832,1454731.00000000
1518280096,1518283696,0.00006832,0.00006939,0.00006750,0.00006836,845539.00000000
1518283696,1518287296,0.00006837,0.00006900,0.00006757,0.00006809,424959.00000000
1518287296,1518290896,0.00006809,0.00006950,0.00006780,0.00006801,568766.00000000
1518290896,1518294496,0.00006803,0.00006875,0.00006803,0.00006834,259106.00000000
1518294496,1518298096,0.00006834,0.00006848,0.00006708,0.00006720,720250.00000000
1518298096,1518301696,0.00006718,0.00006828,0.00006668,0.00006732,400109.00000000
1518301696,1518305296,0.00006735,0.00006839,0.00006735,0.00006803,582126.00000000
1518305296,1518308896,0.00006817,0.00006900,0.00006740,0.00006846,479792.00000000
1518308896,1518312496,0.00006846,0.00006905,0.00006790,0.00006790,368964.00000000
1518312496,1518316096,0.00006790,0.00006800,0.00006691,0.00006779,552397.00000000
1518316096,1518319696,0.00006795,0.00006808,0.00006578,0.00006578,495773.00000000
1518319696,1518321600,0.00006578,0.00006757,0.00006500,0.00006597,580727.00000000
1518321600,1518325199,0.00006596,0.00006618,0.00006550,0.00006550,331946.00000000
1518325200,1518328799,0.00006551,0.00006750,0.00006507,0.00006750,497704.00000000
1518328800,1518332399,0.00006686,0.00006694,0.00006510,0.00006540,429034.00000000
1518332400,1518335999,0.00006540,0.00006607,0.00006500,0.00006501,335151.00000000
1518336000,1518339599,0.00006500,0.00006571,0.00006438,0.00006520,805164.00000000
1518339600,1518343199,0.00006520,0.00006560,0.00006446,0.00006510,406102.00000000
1518343200,1518346799,0.00006528,0.00006628,0.00006503,0.00006503,563128.00000000
1518346800,1518350399,0.00006503,0.00006592,0.00006418,0.00006520,872602.00000000
1518350400,1518353999,0.00006500,0.00006672,0.00006500,0.00006606,403413.00000000
1518354000,1518357599,0.00006606,0.00006671,0.00006589,0.00006595,536484.00000000
1518357600,1518361199,0.00006597,0.00006625,0.00006532,0.00006578,584022.00000000
1518361200,1518364799,0.00006598,0.00006701,0.00006580,0.00006701,441780.00000000
1518364800,1518368399,0.00006701,0.00007194,0.00006690,0.00007148,2991891.00000000
1518368400,1518371999,0.00007188,0.00008656,0.00007141,0.00007583,23304872.00000000
1518372000,1518375599,0.00007581,0.00008300,0.00007384,0.00007632,9517225.00000000
1518375600,1518379199,0.00007669,0.00007890,0.00007500,0.00007691,5464021.00000000
1518379200,1518382799,0.00007688,0.00007800,0.00007440,0.00007600,2165057.00000000
1518382800,1518386399,0.00007600,0.00007749,0.00007350,0.00007561,2658706.00000000
1518386400,1518389999,0.00007561,0.00007658,0.00007456,0.00007550,1026509.00000000
1518390000,1518393599,0.00007571,0.00007600,0.00007231,0.00007387,1516188.00000000
1518393600,1518397199,0.00007385,0.00007599,0.00007322,0.00007434,1554018.00000000
1518397200,1518400799,0.00007451,0.00007564,0.00007356,0.00007510,1011211.00000000
1518400800,1518404399,0.00007521,0.00007761,0.00007464,0.00007694,3348063.00000000
1518404400,1518407999,0.00007676,0.00007820,0.00007592,0.00007623,3291602.00000000
1518408000,1518411599,0.00007623,0.00007701,0.00007422,0.00007499,1391217.00000000
1518411600,1518415199,0.00007500,0.00007680,0.00007499,0.00007611,844687.00000000
1518415200,1518418799,0.00007620,0.00007683,0.00007552,0.00007614,1170430.00000000
1518418800,1518422399,0.00007614,0.00007984,0.00007592,0.00007953,2642733.00000000
1518422400,1518425999,0.00007953,0.00008236,0.00007678,0.00007880,4912142.00000000
1518426000,1518429599,0.00007880,0.00008179,0.00007812,0.00008150,2515998.00000000
1518429600,1518433199,0.00008135,0.00008494,0.00008039,0.00008331,7245389.00000000
1518433200,1518436799,0.00008312,0.00008388,0.00007912,0.00008055,3695933.00000000
1518436800,1518440399,0.00008048,0.00008300,0.00008032,0.00008160,2501649.00000000
1518440400,1518443999,0.00008160,0.00008250,0.00008015,0.00008117,1958272.00000000
1518444000,1518447599,0.00008142,0.00008360,0.00008007,0.00008052,3755359.00000000
1518447600,1518451199,0.00008052,0.00008155,0.00008040,0.00008090,3274501.00000000
1518451200,1518454799,0.00008090,0.00008143,0.00007807,0.00007839,2436826.00000000
1518454800,1518458399,0.00007821,0.00007899,0.00007661,0.00007789,1941551.00000000
1518458400,1518461999,0.00007799,0.00007810,0.00007663,0.00007700,967823.00000000
1518462000,1518465599,0.00007700,0.00007790,0.00007600,0.00007600,1004477.00000000
1518465600,1518469199,0.00007600,0.00007800,0.00007565,0.00007653,1495581.00000000
1518469200,1518472799,0.00007652,0.00007714,0.00007600,0.00007666,826443.00000000
1518472800,1518476399,0.00007666,0.00007705,0.00007613,0.00007649,949734.00000000
1518476400,1518479999,0.00007648,0.00007924,0.00007559,0.00007801,1308701.00000000
1518480000,1518483599,0.00007804,0.00007924,0.00007688,0.00007829,1370291.00000000
1518483600,1518487199,0.00007820,0.00007829,0.00007703,0.00007713,1221846.00000000
1518487200,1518490799,0.00007714,0.00007873,0.00007687,0.00007872,1252527.00000000
1518490800,1518494399,0.00007855,0.00008222,0.00007772,0.00008026,6622859.00000000
1518494400,1518497999,0.00007989,0.00008148,0.00007893,0.00007966,1923163.00000000
1518498000,1518501599,0.00007966,0.00008200,0.00007920,0.00008040,1772235.00000000
1518501600,1518505199,0.00008039,0.00008050,0.00007886,0.00007960,1081393.00000000
1518505200,1518508799,0.00007960,0.00008010,0.00007900,0.00007984,1459119.00000000
1518508800,1518512399,0.00007954,0.00008019,0.00007680,0.00007731,1352586.00000000
1518512400,1518515999,0.00007731,0.00007771,0.00007616,0.00007701,948043.00000000
1518516000,1518519599,0.00007693,0.00007764,0.00007651,0.00007689,628074.00000000
1518519600,1518523199,0.00007688,0.00007747,0.00007569,0.00007674,1156228.00000000
1518523200,1518526799,0.00007670,0.00007771,0.00007614,0.00007765,870405.00000000
1518526800,1518530399,0.00007765,0.00007999,0.00007721,0.00007961,1845285.00000000
1518530400,1518533999,0.00007983,0.00008100,0.00007778,0.00008078,4221735.00000000
1518534000,1518537599,0.00008079,0.00008079,0.00007851,0.00007878,1780041.00000000
1518537600,1518541199,0.00007862,0.00008013,0.00007855,0.00007881,1595389.00000000
1518541200,1518544799,0.00007881,0.00007973,0.00007857,0.00007927,1779024.00000000
1518544800,1518548399,0.00007945,0.00008056,0.00007913,0.00007932,1928563.00000000
1518548400,1518551999,0.00007931,0.00008002,0.00007901,0.00008002,733536.00000000
1518552000,1518555599,0.00008002,0.00008050,0.00007978,0.00008047,676165.00000000
1518555600,1518559199,0.00008047,0.00008070,0.00007968,0.00007981,1046680.00000000
1518559200,1518562799,0.00008001,0.00008001,0.00007905,0.00007916,604931.00000000
1518562800,1518566399,0.00007916,0.00007998,0.00007782,0.00007824,838005.00000000
1518566400,1518569999,0.00007797,0.00007986,0.00007796,0.00007950,583464.00000000
1518570000,1518573599,0.00007933,0.00008021,0.00007789,0.00007851,546622.00000000
1518573600,1518577199,0.00007851,0.00007964,0.00007782,0.00007803,858064.00000000
1518577200,1518580799,0.00007804,0.00007848,0.00007750,0.00007773,632339.00000000
1518580800,1518584399,0.00007761,0.00007841,0.00007737,0.00007816,494481.00000000
1518584400,1518587999,0.00007816,0.00007816,0.00007715,0.00007752,549207.00000000
1518588000,1518591599,0.00007752,0.00007787,0.00007601,0.00007674,936051.00000000
1518591600,1518595199,0.00007672,0.00007764,0.00007655,0.00007712,535655.00000000
1518595200,1518598799,0.00007712,0.00007819,0.00007660,0.00007819,385242.00000000
1518598800,1518602399,0.00007816,0.00007896,0.00007709,0.00007747,266864.00000000
1518602400,1518605999,0.00007737,0.00007888,0.00007701,0.00007702,897008.00000000
1518606000,1518609599,0.00007702,0.00007828,0.00007700,0.00007743,405615.00000000
1518609600,1518613199,0.00007712,0.00007890,0.00007702,0.00007815,714669.00000000
1518613200,1518616799,0.00007843,0.00007950,0.00007690,0.00007691,1341355.00000000
1518616800,1518620399,0.00007691,0.00007910,0.00007601,0.00007810,1646281.00000000
1518620400,1518623999,0.00007810,0.00007819,0.00007689,0.00007721,1076025.00000000
1518624000,1518627599,0.00007721,0.00007819,0.00007580,0.00007680,1121874.00000000
1518627600,1518631199,0.00007676,0.00007791,0.00007603,0.00007650,1163395.00000000
1518631200,1518634799,0.00007668,0.00008089,0.00007600,0.00007855,4814274.00000000
1518634800,1518638399,0.00007880,0.00008677,0.00007855,0.00008296,6938942.00000000
1518638400,1518641999,0.00008244,0.00008469,0.00008051,0.00008169,3000019.00000000
1518642000,1518645599,0.00008166,0.00008181,0.00007900,0.00008099,1783211.00000000
1518645600,1518649199,0.00008099,0.00008350,0.00008031,0.00008104,2706341.00000000
1518649200,1518652799,0.00008104,0.00008309,0.00008041,0.00008188,1847563.00000000
1518652800,1518656399,0.00008188,0.00008344,0.00008113,0.00008151,935847.00000000
1518656400,1518659999,0.00008152,0.00008242,0.00008059,0.00008130,949804.00000000
1518660000,1518663599,0.00008143,0.00008180,0.00008022,0.00008090,1216878.00000000
1518663600,1518667199,0.00008090,0.00008396,0.00008055,0.00008307,1526974.00000000
1518667200,1518670799,0.00008312,0.00008780,0.00008312,0.00008360,4681260.00000000
1518670800,1518674399,0.00008372,0.00008497,0.00008148,0.00008333,1577154.00000000
1518674400,1518677999,0.00008335,0.00008480,0.00008330,0.00008395,938156.00000000
1518678000,1518681599,0.00008396,0.00008600,0.00008396,0.00008455,1269520.00000000
1518681600,1518685199,0.00008457,0.00008596,0.00008302,0.00008357,2834217.00000000
1518685200,1518688799,0.00008357,0.00008400,0.00008303,0.00008303,1035766.00000000
1518688800,1518692399,0.00008303,0.00008344,0.00008142,0.00008304,1161822.00000000
1518692400,1518695999,0.00008328,0.00008385,0.00008271,0.00008317,470642.00000000
1518696000,1518699599,0.00008332,0.00008554,0.00008317,0.00008437,4999877.00000000
1518699600,1518703199,0.00008443,0.00008452,0.00008321,0.00008328,987618.00000000
1518703200,1518706799,0.00008359,0.00008522,0.00008359,0.00008450,1047389.00000000
1518706800,1518710399,0.00008456,0.00008566,0.00008400,0.00008563,1621617.00000000
1518710400,1518713999,0.00008562,0.00009200,0.00008518,0.00009157,8463020.00000000
1518714000,1518717599,0.00009157,0.00009600,0.00008818,0.00009490,7889819.00000000
1518717600,1518721199,0.00009490,0.00009559,0.00009150,0.00009202,7111033.00000000
1518721200,1518724799,0.00009210,0.00009399,0.00009000,0.00009290,5910520.00000000
1518724800,1518728399,0.00009289,0.00009291,0.00008755,0.00009086,3604925.00000000
1518728400,1518731999,0.00009039,0.00009140,0.00008690,0.00008900,3148644.00000000
1518732000,1518735599,0.00008909,0.00008995,0.00008730,0.00008804,1744155.00000000
1518735600,1518739199,0.00008804,0.00009050,0.00008784,0.00008925,3322739.00000000
1518739200,1518742799,0.00008916,0.00009020,0.00008653,0.00008717,2178806.00000000
1518742800,1518746399,0.00008702,0.00008947,0.00008520,0.00008554,2312177.00000000
1518746400,1518749999,0.00008554,0.00008852,0.00008544,0.00008833,1318719.00000000
1518750000,1518753599,0.00008828,0.00008980,0.00008689,0.00008737,788395.00000000
1518753600,1518757199,0.00008737,0.00008819,0.00008557,0.00008557,999163.00000000
1518757200,1518760799,0.00008557,0.00008769,0.00008556,0.00008691,627890.00000000
1518760800,1518764399,0.00008690,0.00008711,0.00008500,0.00008500,777190.00000000
1518764400,1518767999,0.00008500,0.00008568,0.00008372,0.00008421,1670595.00000000
1518768000,1518771599,0.00008411,0.00008480,0.00008329,0.00008456,1509809.00000000
1518771600,1518775199,0.00008472,0.00008510,0.00008407,0.00008475,1542324.00000000
1518775200,1518778799,0.00008501,0.00008587,0.00008439,0.00008494,460190.00000000
1518778800,1518782399,0.00008498,0.00008538,0.00008427,0.00008451,282493.00000000
1518782400,1518785999,0.00008451,0.00008493,0.00008390,0.00008413,674210.00000000
1518786000,1518789599,0.00008412,0.00008600,0.00008401,0.00008460,1138557.00000000
1518789600,1518793199,0.00008473,0.00008599,0.00008430,0.00008569,778298.00000000
1518793200,1518796799,0.00008550,0.00008600,0.00008476,0.00008551,1269257.00000000
1518796800,1518800399,0.00008540,0.00008850,0.00008513,0.00008676,2359154.00000000
1518800400,1518803999,0.00008692,0.00008799,0.00008635,0.00008771,803921.00000000
1518804000,1518807599,0.00008745,0.00008999,0.00008650,0.00008675,1858528.00000000
1518807600,1518811199,0.00008688,0.00008735,0.00008532,0.00008675,863685.00000000
1518811200,1518814799,0.00008704,0.00008792,0.00008601,0.00008689,510989.00000000
1518814800,1518818399,0.00008690,0.00008801,0.00008551,0.00008670,1200094.00000000
1518818400,1518821999,0.00008648,0.00008753,0.00008550,0.00008721,1020136.00000000
1518822000,1518825599,0.00008720,0.00008721,0.00008619,0.00008699,458635.00000000
1518825600,1518829199,0.00008699,0.00008797,0.00008602,0.00008694,545622.00000000
1518829200,1518832799,0.00008706,0.00008797,0.00008686,0.00008757,798756.00000000
1518832800,1518836399,0.00008758,0.00008788,0.00008703,0.00008783,541166.00000000
1518836400,1518839999,0.00008783,0.00008788,0.00008675,0.00008766,766755.00000000
1518840000,1518843599,0.00008766,0.00008766,0.00008631,0.00008641,556015.00000000
1518843600,1518847199,0.00008641,0.00008729,0.00008612,0.00008701,833460.00000000
1518847200,1518850799,0.00008701,0.00008895,0.00008701,0.00008860,734043.00000000
1518850800,1518854399,0.00008861,0.00009240,0.00008844,0.00008899,4967248.00000000
1518854400,1518857999,0.00008899,0.00008900,0.00008835,0.00008899,1440494.00000000
1518858000,1518861599,0.00008877,0.00008900,0.00008723,0.00008749,1131823.00000000
1518861600,1518865199,0.00008781,0.00008928,0.00008717,0.00008770,766943.00000000
1518865200,1518868799,0.00008791,0.00008821,0.00008672,0.00008672,925907.00000000
1518868800,1518872399,0.00008703,0.00008759,0.00008550,0.00008716,1048784.00000000
1518872400,1518875999,0.00008706,0.00008845,0.00008603,0.00008742,1331570.00000000
1518876000,1518879599,0.00008719,0.00008925,0.00008689,0.00008795,1040895.00000000
1518879600,1518883199,0.00008767,0.00008887,0.00008767,0.00008780,739792.00000000
1518883200,1518886799,0.00008801,0.00008900,0.00008780,0.00008845,884732.00000000
1518886800,1518890399,0.00008845,0.00008890,0.00008713,0.00008733,983206.00000000
1518890400,1518893999,0.00008733,0.00008816,0.00008701,0.00008749,920024.00000000
1518894000,1518897599,0.00008749,0.00008780,0.00008700,0.00008749,763148.00000000
1518897600,1518901199,0.00008775,0.00008780,0.00008632,0.00008737,777991.00000000
1518901200,1518904799,0.00008737,0.00008750,0.00008690,0.00008719,456691.00000000
1518904800,1518908399,0.00008717,0.00008779,0.00008661,0.00008756,504256.00000000
1518908400,1518911999,0.00008762,0.00008838,0.00008740,0.00008818,667545.00000000
1518912000,1518915599,0.00008829,0.00008950,0.00008821,0.00008880,1695709.00000000
1518915600,1518919199,0.00008880,0.00008932,0.00008786,0.00008866,1372602.00000000
1518919200,1518922799,0.00008850,0.00008851,0.00008650,0.00008673,1191625.00000000
1518922800,1518926399,0.00008673,0.00008688,0.00008355,0.00008355,2275597.00000000
1518926400,1518929999,0.00008355,0.00008496,0.00008287,0.00008371,1455533.00000000
1518930000,1518933599,0.00008371,0.00008468,0.00008100,0.00008243,1651728.00000000
1518933600,1518937199,0.00008244,0.00008382,0.00008143,0.00008221,729420.00000000
1518937200,1518940799,0.00008221,0.00008400,0.00008205,0.00008391,570592.00000000
1518940800,1518944399,0.00008391,0.00008456,0.00008243,0.00008243,582140.00000000
1518944400,1518947999,0.00008230,0.00008370,0.00008100,0.00008100,543914.00000000
1518948000,1518951599,0.00008100,0.00008319,0.00008100,0.00008319,309212.00000000
1518951600,1518955199,0.00008337,0.00008349,0.00008200,0.00008222,553138.00000000
1518955200,1518958799,0.00008254,0.00008303,0.00008205,0.00008292,543728.00000000
1518958800,1518962399,0.00008292,0.00008500,0.00008244,0.00008491,407650.00000000
1518962400,1518965999,0.00008487,0.00008500,0.00008259,0.00008259,407840.00000000
1518966000,1518969599,0.00008328,0.00008461,0.00008259,0.00008260,834152.00000000
1518969600,1518973199,0.00008290,0.00008325,0.00008160,0.00008250,586968.00000000
1518973200,1518976799,0.00008250,0.00008400,0.00008214,0.00008273,295157.00000000
1518976800,1518980399,0.00008301,0.00008330,0.00008249,0.00008264,163559.00000000
1518980400,1518983999,0.00008265,0.00008280,0.00008205,0.00008215,310700.00000000
1518984000,1518987599,0.00008256,0.00008257,0.00008108,0.00008222,672660.00000000
1518987600,1518991199,0.00008225,0.00008345,0.00008059,0.00008060,727515.00000000
1518991200,1518994799,0.00008107,0.00008323,0.00008014,0.00008216,825404.00000000
1518994800,1518998399,0.00008196,0.00008200,0.00008030,0.00008077,533702.00000000
1518998400,1519001999,0.00008064,0.00008300,0.00008012,0.00008220,671802.00000000
1519002000,1519005599,0.00008220,0.00008234,0.00008127,0.00008196,273392.00000000
1519005600,1519009199,0.00008214,0.00008444,0.00008190,0.00008215,877999.00000000
1519009200,1519012799,0.00008197,0.00008331,0.00008156,0.00008165,363962.00000000
1519012800,1519016399,0.00008165,0.00008219,0.00008037,0.00008083,549962.00000000
1519016400,1519019999,0.00008083,0.00008170,0.00008059,0.00008100,460952.00000000
1519020000,1519023599,0.00008101,0.00008221,0.00008101,0.00008155,197985.00000000
1519023600,1519027199,0.00008155,0.00008240,0.00008130,0.00008139,330323.00000000
1519027200,1519030799,0.00008190,0.00008444,0.00008120,0.00008227,450062.00000000
1519030800,1519034399,0.00008227,0.00008316,0.00008123,0.00008233,346775.00000000
1519034400,1519037999,0.00008236,0.00008389,0.00008172,0.00008214,453332.00000000
1519038000,1519041599,0.00008215,0.00008329,0.00008215,0.00008282,166975.00000000
1519041600,1519045199,0.00008287,0.00008287,0.00008200,0.00008204,141919.00000000
1519045200,1519048799,0.00008217,0.00008274,0.00008203,0.00008244,362886.00000000
1519048800,1519052399,0.00008271,0.00008291,0.00008150,0.00008151,709355.00000000
1519052400,1519055999,0.00008192,0.00008239,0.00008034,0.00008128,545826.00000000
1519056000,1519059599,0.00008128,0.00008260,0.00008020,0.00008120,800563.00000000
1519059600,1519063199,0.00008120,0.00008310,0.00008058,0.00008300,940674.00000000
1519063200,1519066799,0.00008300,0.00008300,0.00008122,0.00008196,877961.00000000
1519066800,1519070399,0.00008204,0.00008239,0.00008096,0.00008160,471552.00000000
1519070400,1519073999,0.00008160,0.00008181,0.00008094,0.00008134,717811.00000000
1519074000,1519077599,0.00008135,0.00008196,0.00008083,0.00008122,563847.00000000
1519077600,1519081199,0.00008120,0.00008185,0.00008088,0.00008089,531516.00000000
1519081200,1519084799,0.00008112,0.00008150,0.00008066,0.00008140,323290.00000000
1519084800,1519088399,0.00008140,0.00008210,0.00008065,0.00008142,397108.00000000
1519088400,1519091999,0.00008125,0.00008166,0.00008052,0.00008136,478759.00000000
1519092000,1519095599,0.00008136,0.00008147,0.00007948,0.00007990,672247.00000000
1519095600,1519099199,0.00007990,0.00008020,0.00007900,0.00007934,410959.00000000
1519099200,1519102799,0.00007927,0.00008010,0.00007631,0.00007764,1754830.00000000
1519102800,1519106399,0.00007807,0.00007832,0.00007702,0.00007824,534949.00000000
1519106400,1519109999,0.00007793,0.00007849,0.00007702,0.00007730,753119.00000000
1519110000,1519113599,0.00007744,0.00007744,0.00007622,0.00007690,562445.00000000
1519113600,1519117199,0.00007668,0.00007700,0.00007620,0.00007624,319231.00000000
1519117200,1519120799,0.00007625,0.00007845,0.00007457,0.00007827,2071690.00000000
1519120800,1519124399,0.00007820,0.00007913,0.00007678,0.00007892,392442.00000000
1519124400,1519127999,0.00007889,0.00007989,0.00007839,0.00007857,407691.00000000
1519128000,1519131599,0.00007839,0.00007907,0.00007776,0.00007860,483045.00000000
1519131600,1519135199,0.00007860,0.00007873,0.00007653,0.00007785,600518.00000000
1519135200,1519138799,0.00007739,0.00007820,0.00007612,0.00007782,781500.00000000
1519138800,1519142399,0.00007783,0.00008079,0.00007727,0.00007727,570331.00000000
1519142400,1519145999,0.00007721,0.00007800,0.00007668,0.00007668,400830.00000000
1519146000,1519149599,0.00007703,0.00007748,0.00007625,0.00007709,550613.00000000
1519149600,1519153199,0.00007709,0.00007715,0.00007554,0.00007621,931747.00000000
1519153200,1519156799,0.00007621,0.00007944,0.00007511,0.00007723,1203181.00000000
1519156800,1519160399,0.00007712,0.00007885,0.00007622,0.00007693,553671.00000000
1519160400,1519163999,0.00007692,0.00007741,0.00007580,0.00007619,324566.00000000
1519164000,1519167599,0.00007672,0.00007672,0.00007458,0.00007582,662227.00000000
1519167600,1519171199,0.00007518,0.00007945,0.00007458,0.00007646,1233938.00000000
1519171200,1519174799,0.00007645,0.00007704,0.00007401,0.00007403,1565094.00000000
1519174800,1519178399,0.00007403,0.00007628,0.00007329,0.00007444,787485.00000000
1519178400,1519181999,0.00007444,0.00007718,0.00007408,0.00007540,729994.00000000
1519182000,1519185599,0.00007540,0.00007555,0.00007360,0.00007395,435273.00000000
1519185600,1519189199,0.00007395,0.00007474,0.00007328,0.00007365,504670.00000000
1519189200,1519192799,0.00007365,0.00007422,0.00007328,0.00007414,167734.00000000
1519192800,1519196399,0.00007411,0.00007485,0.00007354,0.00007431,331186.00000000
1519196400,1519199999,0.00007431,0.00007750,0.00007423,0.00007663,595718.00000000
1519200000,1519203599,0.00007663,0.00007728,0.00007590,0.00007699,755291.00000000
1519203600,1519207199,0.00007699,0.00008400,0.00007699,0.00007870,5113924.00000000
1519207200,1519210799,0.00007870,0.00008070,0.00007808,0.00007981,802820.00000000
1519210800,1519214399,0.00007936,0.00008051,0.00007777,0.00007931,649643.00000000
1519214400,1519217999,0.00007893,0.00008296,0.00007801,0.00008204,1402545.00000000
1519218000,1519221599,0.00008204,0.00008319,0.00008000,0.00008101,2232005.00000000
1519221600,1519225199,0.00008105,0.00008145,0.00007808,0.00007844,1838815.00000000
1519225200,1519228799,0.00007872,0.00007978,0.00007670,0.00007800,1668463.00000000
1519228800,1519232399,0.00007788,0.00007812,0.00007463,0.00007696,2704041.00000000
1519232400,1519235999,0.00007685,0.00007800,0.00007631,0.00007751,599562.00000000
1519236000,1519239599,0.00007776,0.00007985,0.00007631,0.00007808,2495855.00000000
1519239600,1519243199,0.00007810,0.00007934,0.00007711,0.00007739,575065.00000000
1519243200,1519246799,0.00007741,0.00007857,0.00007700,0.00007711,736130.00000000
1519246800,1519250399,0.00007730,0.00007795,0.00007700,0.00007719,677084.00000000
1519250400,1519253999,0.00007700,0.00007760,0.00007664,0.00007690,677055.00000000
1519254000,1519257599,0.00007691,0.00007758,0.00007600,0.00007697,557925.00000000
1519257600,1519261199,0.00007672,0.00007709,0.00007600,0.00007647,350215.00000000
1519261200,1519264799,0.00007679,0.00007702,0.00007501,0.00007615,654294.00000000
1519264800,1519268399,0.00007600,0.00007722,0.00007544,0.00007712,521500.00000000
1519268400,1519271999,0.00007712,0.00007773,0.00007702,0.00007726,252262.00000000
1519272000,1519275599,0.00007726,0.00007900,0.00007680,0.00007882,875382.00000000
1519275600,1519279199,0.00007900,0.00007932,0.00007716,0.00007759,486794.00000000
1519279200,1519282799,0.00007800,0.00007826,0.00007709,0.00007752,1075102.00000000
1519282800,1519286399,0.00007739,0.00007752,0.00007631,0.00007682,430301.00000000
1519286400,1519289999,0.00007644,0.00007724,0.00007601,0.00007601,351722.00000000
1519290000,1519293599,0.00007602,0.00007740,0.00007602,0.00007631,355067.00000000
1519293600,1519297199,0.00007603,0.00007629,0.00007501,0.00007528,572769.00000000
1519297200,1519300799,0.00007528,0.00007629,0.00007513,0.00007558,540226.00000000
1519300800,1519304399,0.00007555,0.00007600,0.00007403,0.00007432,1057192.00000000
1519304400,1519307999,0.00007430,0.00007474,0.00007300,0.00007376,1204071.00000000
1519308000,1519311599,0.00007401,0.00007473,0.00007299,0.00007388,923294.00000000
1519311600,1519315199,0.00007430,0.00007459,0.00007370,0.00007422,246772.00000000
1519315200,1519318799,0.00007422,0.00007480,0.00007390,0.00007420,235273.00000000
1519318800,1519322399,0.00007420,0.00007431,0.00007310,0.00007320,307897.00000000
1519322400,1519325999,0.00007320,0.00007399,0.00007275,0.00007312,336150.00000000
1519326000,1519329599,0.00007359,0.00007415,0.00007300,0.00007412,394950.00000000
1519329600,1519333199,0.00007389,0.00007435,0.00007379,0.00007379,315653.00000000
1519333200,1519336799,0.00007420,0.00007470,0.00007367,0.00007399,171340.00000000
1519336800,1519340399,0.00007368,0.00007391,0.00007350,0.00007370,136915.00000000
1519340400,1519343999,0.00007351,0.00007378,0.00007316,0.00007365,174322.00000000
1519344000,1519347599,0.00007365,0.00007365,0.00007199,0.00007200,648503.00000000
1519347600,1519351199,0.00007200,0.00007258,0.00007101,0.00007240,437736.00000000
1519351200,1519354799,0.00007189,0.00007243,0.00007119,0.00007138,356158.00000000
1519354800,1519358399,0.00007141,0.00007519,0.00007050,0.00007074,765033.00000000
1519358400,1519361999,0.00007075,0.00007147,0.00007049,0.00007123,394313.00000000
1519362000,1519365599,0.00007092,0.00007187,0.00007092,0.00007142,236930.00000000
1519365600,1519369199,0.00007186,0.00007187,0.00007110,0.00007148,151700.00000000
1519369200,1519372799,0.00007149,0.00007296,0.00007100,0.00007217,199473.00000000
1519372800,1519376399,0.00007213,0.00007320,0.00007120,0.00007123,582007.00000000
1519376400,1519379999,0.00007124,0.00007212,0.00007124,0.00007178,134578.00000000
1519380000,1519383599,0.00007177,0.00007249,0.00007092,0.00007156,832838.00000000
1519383600,1519387199,0.00007107,0.00007185,0.00007107,0.00007183,238208.00000000
1519387200,1519390799,0.00007178,0.00007208,0.00007159,0.00007195,182800.00000000
1519390800,1519394399,0.00007166,0.00007222,0.00007166,0.00007166,406377.00000000
1519394400,1519397999,0.00007166,0.00007250,0.00007158,0.00007250,380965.00000000
1519398000,1519401599,0.00007241,0.00007256,0.00007167,0.00007167,301223.00000000
1519401600,1519405199,0.00007194,0.00007277,0.00007092,0.00007190,816778.00000000
1519405200,1519408799,0.00007170,0.00007223,0.00007150,0.00007193,307881.00000000
1519408800,1519412399,0.00007160,0.00007595,0.00007160,0.00007256,454865.00000000
1519412400,1519415999,0.00007289,0.00007289,0.00007200,0.00007248,388966.00000000
1519416000,1519419599,0.00007227,0.00007271,0.00007126,0.00007191,419734.00000000
1519419600,1519423199,0.00007198,0.00007285,0.00007100,0.00007160,407516.00000000
1519423200,1519426799,0.00007160,0.00007225,0.00007125,0.00007182,280348.00000000
1519426800,1519430399,0.00007185,0.00007218,0.00007100,0.00007189,343688.00000000
1519430400,1519433999,0.00007164,0.00007218,0.00007154,0.00007195,186363.00000000
1519434000,1519437599,0.00007191,0.00007301,0.00007163,0.00007220,144256.00000000
1519437600,1519441199,0.00007220,0.00007331,0.00007220,0.00007296,242802.00000000
1519441200,1519444799,0.00007288,0.00007490,0.00007267,0.00007286,1071151.00000000
1519444800,1519448399,0.00007309,0.00007313,0.00007267,0.00007271,207770.00000000
1519448400,1519451999,0.00007288,0.00007313,0.00007238,0.00007258,289400.00000000
1519452000,1519455599,0.00007298,0.00007314,0.00007156,0.00007177,384931.00000000
1519455600,1519459199,0.00007178,0.00007284,0.00007001,0.00007145,575895.00000000
1519459200,1519462799,0.00007145,0.00007145,0.00007000,0.00007129,181491.00000000
1519462800,1519466399,0.00007123,0.00007222,0.00007051,0.00007095,177160.00000000
1519466400,1519469999,0.00007094,0.00007094,0.00007004,0.00007054,162847.00000000
1519470000,1519473599,0.00007041,0.00007107,0.00007002,0.00007002,253500.00000000
1519473600,1519477199,0.00007002,0.00007035,0.00006914,0.00007022,379589.00000000
1519477200,1519480799,0.00006986,0.00007003,0.00006876,0.00006918,372436.00000000
1519480800,1519484399,0.00006886,0.00007000,0.00006886,0.00006948,600622.00000000
1519484400,1519487999,0.00006946,0.00007021,0.00006908,0.00006989,336706.00000000
1519488000,1519491599,0.00006992,0.00007011,0.00006946,0.00006988,166523.00000000
1519491600,1519495199,0.00007000,0.00007020,0.00006939,0.00006939,286768.00000000
1519495200,1519498799,0.00006939,0.00006967,0.00006900,0.00006900,245218.00000000
1519498800,1519502399,0.00006906,0.00006976,0.00006900,0.00006924,200263.00000000
1519502400,1519505999,0.00006924,0.00006974,0.00006690,0.00006945,928172.00000000
1519506000,1519509599,0.00006902,0.00006923,0.00006797,0.00006854,148194.00000000
1519509600,1519513199,0.00006853,0.00006946,0.00006845,0.00006874,143910.00000000
1519513200,1519516799,0.00006895,0.00006901,0.00006862,0.00006900,273972.00000000
1519516800,1519520399,0.00006894,0.00006919,0.00006867,0.00006919,219865.00000000
1519520400,1519523999,0.00006933,0.00006964,0.00006867,0.00006964,135561.00000000
1519524000,1519527599,0.00006937,0.00007090,0.00006886,0.00006994,624118.00000000
1519527600,1519531199,0.00006994,0.00006994,0.00006867,0.00006867,161579.00000000
1519531200,1519534799,0.00006857,0.00006914,0.00006857,0.00006894,65659.00000000
1519534800,1519538399,0.00006871,0.00006904,0.00006857,0.00006863,123568.00000000
1519538400,1519541999,0.00006911,0.00006911,0.00006865,0.00006880,136570.00000000
1519542000,1519545599,0.00006895,0.00006921,0.00006875,0.00006875,75993.00000000
1519545600,1519549199,0.00006875,0.00006877,0.00006837,0.00006873,91354.00000000
1519549200,1519552799,0.00006837,0.00006869,0.00006800,0.00006837,108124.00000000
1519552800,1519556399,0.00006836,0.00006939,0.00006795,0.00006939,282859.00000000
1519556400,1519559999,0.00006939,0.00007081,0.00006939,0.00006994,478467.00000000
1519560000,1519563599,0.00006999,0.00007034,0.00006900,0.00006969,311002.00000000
1519563600,1519567199,0.00006932,0.00006986,0.00006845,0.00006901,188390.00000000
1519567200,1519570799,0.00006901,0.00007000,0.00006848,0.00006863,159990.00000000
1519570800,1519574399,0.00006855,0.00006885,0.00006805,0.00006840,228379.00000000
1519574400,1519577999,0.00006876,0.00006876,0.00006771,0.00006805,130130.00000000
1519578000,1519581599,0.00006800,0.00006862,0.00006700,0.00006728,342778.00000000
1519581600,1519585199,0.00006728,0.00006829,0.00006702,0.00006818,298611.00000000
1519585200,1519588799,0.00006834,0.00006875,0.00006773,0.00006783,232740.00000000
1519588800,1519592399,0.00006811,0.00006918,0.00006810,0.00006905,499907.00000000
1519592400,1519595999,0.00006876,0.00006904,0.00006851,0.00006851,206494.00000000
1519596000,1519599599,0.00006850,0.00006851,0.00006769,0.00006820,202138.00000000
1519599600,1519603199,0.00006818,0.00006855,0.00006778,0.00006839,191419.00000000
1519603200,1519606799,0.00006839,0.00006852,0.00006759,0.00006801,92006.00000000
1519606800,1519610399,0.00006805,0.00006971,0.00006775,0.00006876,233262.00000000
1519610400,1519613999,0.00006842,0.00006882,0.00006810,0.00006838,149826.00000000
1519614000,1519617599,0.00006837,0.00006863,0.00006829,0.00006855,182368.00000000
1519617600,1519621199,0.00006855,0.00006972,0.00006829,0.00006940,349295.00000000
1519621200,1519624799,0.00006965,0.00006978,0.00006825,0.00006944,356978.00000000
1519624800,1519628399,0.00006956,0.00006999,0.00006896,0.00006986,349807.00000000
1519628400,1519631999,0.00006962,0.00006973,0.00006850,0.00006850,211352.00000000
1519632000,1519635599,0.00006849,0.00006901,0.00006732,0.00006839,452097.00000000
1519635600,1519639199,0.00006882,0.00006882,0.00006779,0.00006797,194029.00000000
1519639200,1519642799,0.00006812,0.00006816,0.00006790,0.00006790,472250.00000000
1519642800,1519646399,0.00006790,0.00006849,0.00006721,0.00006766,541534.00000000
1519646400,1519649999,0.00006796,0.00006824,0.00006766,0.00006804,225506.00000000
1519650000,1519653599,0.00006804,0.00006994,0.00006804,0.00006926,426450.00000000
1519653600,1519657199,0.00006926,0.00007080,0.00006915,0.00006996,688600.00000000
1519657200,1519660799,0.00006996,0.00007072,0.00006858,0.00007072,724723.00000000
1519660800,1519664399,0.00007072,0.00007085,0.00006960,0.00007020,376717.00000000
1519664400,1519667999,0.00007020,0.00007049,0.00006929,0.00006999,279209.00000000
1519668000,1519671599,0.00006999,0.00007068,0.00006936,0.00007011,315484.00000000
1519671600,1519675199,0.00007040,0.00007069,0.00006981,0.00007026,522883.00000000
1519675200,1519678799,0.00007032,0.00007150,0.00007003,0.00007099,309148.00000000
1519678800,1519682399,0.00007095,0.00007095,0.00007042,0.00007059,474009.00000000
1519682400,1519685999,0.00007078,0.00007079,0.00006950,0.00006980,373357.00000000
1519686000,1519689599,0.00006992,0.00007018,0.00006950,0.00006952,126343.00000000
1519689600,1519693199,0.00006969,0.00006996,0.00006919,0.00006932,209341.00000000
1519693200,1519696799,0.00006968,0.00007022,0.00006903,0.00007017,210151.00000000
1519696800,1519700399,0.00006994,0.00007008,0.00006863,0.00006863,269990.00000000
1519700400,1519703999,0.00006867,0.00007083,0.00006845,0.00006942,337852.00000000
1519704000,1519707599,0.00006942,0.00007075,0.00006851,0.00006909,514781.00000000
1519707600,1519711199,0.00006902,0.00006963,0.00006812,0.00006884,299466.00000000
1519711200,1519714799,0.00006908,0.00006909,0.00006780,0.00006853,1016836.00000000
1519714800,1519718399,0.00006822,0.00006880,0.00006780,0.00006840,367085.00000000
1519718400,1519721999,0.00006840,0.00006982,0.00006786,0.00006888,402005.00000000
1519722000,1519725599,0.00006888,0.00006995,0.00006839,0.00006970,214894.00000000
1519725600,1519729199,0.00006969,0.00006994,0.00006841,0.00006915,178332.00000000
1519729200,1519732799,0.00006915,0.00006935,0.00006851,0.00006932,242313.00000000
1519732800,1519736399,0.00006902,0.00006924,0.00006714,0.00006762,838828.00000000
1519736400,1519739999,0.00006762,0.00006836,0.00006714,0.00006769,438336.00000000
1519740000,1519743599,0.00006769,0.00006822,0.00006723,0.00006757,386840.00000000
1519743600,1519747199,0.00006755,0.00006887,0.00006750,0.00006818,492622.00000000
1519747200,1519750799,0.00006773,0.00006817,0.00006713,0.00006744,461394.00000000
1519750800,1519754399,0.00006744,0.00006830,0.00006744,0.00006757,631248.00000000
1519754400,1519757999,0.00006778,0.00006858,0.00006750,0.00006808,241456.00000000
1519758000,1519761599,0.00006808,0.00006858,0.00006763,0.00006852,297593.00000000
1519761600,1519765199,0.00006852,0.00006937,0.00006851,0.00006925,407357.00000000
1519765200,1519768799,0.00006923,0.00006924,0.00006863,0.00006921,256941.00000000
1519768800,1519772399,0.00006887,0.00006924,0.00006852,0.00006858,368749.00000000
1519772400,1519775999,0.00006892,0.00006937,0.00006880,0.00006937,402576.00000000
1519776000,1519779599,0.00006920,0.00006943,0.00006827,0.00006872,843579.00000000
1519779600,1519783199,0.00006848,0.00006884,0.00006800,0.00006800,128617.00000000
1519783200,1519786799,0.00006820,0.00006845,0.00006751,0.00006760,239964.00000000
1519786800,1519790399,0.00006751,0.00006947,0.00006728,0.00006850,382400.00000000
1519790400,1519793999,0.00006850,0.00006850,0.00006762,0.00006785,288734.00000000
1519794000,1519797599,0.00006785,0.00006799,0.00006765,0.00006787,251662.00000000
1519797600,1519801199,0.00006787,0.00006814,0.00006659,0.00006706,893529.00000000
1519801200,1519804799,0.00006722,0.00006756,0.00006490,0.00006635,934679.00000000
1519804800,1519808399,0.00006609,0.00006699,0.00006400,0.00006433,691322.00000000
1519808400,1519811999,0.00006434,0.00006568,0.00006433,0.00006500,290690.00000000
1519812000,1519815599,0.00006500,0.00006541,0.00006360,0.00006457,420360.00000000
1519815600,1519819199,0.00006440,0.00006583,0.00006401,0.00006408,197288.00000000
1519819200,1519822799,0.00006401,0.00006486,0.00006317,0.00006317,481455.00000000
1519822800,1519826399,0.00006316,0.00006398,0.00006316,0.00006369,327345.00000000
1519826400,1519829999,0.00006406,0.00006595,0.00006341,0.00006591,927138.00000000
1519830000,1519833599,0.00006591,0.00006606,0.00006385,0.00006423,378826.00000000
1519833600,1519837199,0.00006422,0.00006423,0.00006273,0.00006322,470181.00000000
1519837200,1519840799,0.00006322,0.00006371,0.00006273,0.00006277,188190.00000000
1519840800,1519844399,0.00006277,0.00006358,0.00006243,0.00006284,374368.00000000
1519844400,1519847999,0.00006281,0.00006341,0.00006265,0.00006310,512431.00000000
1519848000,1519851599,0.00006295,0.00006505,0.00006273,0.00006467,711371.00000000
1519851600,1519855199,0.00006479,0.00006500,0.00006353,0.00006382,290605.00000000
1519855200,1519858799,0.00006398,0.00006491,0.00006319,0.00006332,199956.00000000
1519858800,1519862399,0.00006312,0.00006400,0.00006270,0.00006354,271259.00000000
1519862400,1519865999,0.00006331,0.00006366,0.00006273,0.00006318,110339.00000000
1519866000,1519869599,0.00006318,0.00006370,0.00006301,0.00006317,167369.00000000
1519869600,1519873199,0.00006306,0.00006354,0.00006265,0.00006292,334866.00000000
1519873200,1519876799,0.00006318,0.00006333,0.00006000,0.00006198,1209573.00000000
1519876800,1519880399,0.00006198,0.00006321,0.00006158,0.00006233,1234425.00000000
1519880400,1519883999,0.00006235,0.00006312,0.00006210,0.00006248,398717.00000000
1519884000,1519887599,0.00006245,0.00006274,0.00006166,0.00006213,204176.00000000
1519887600,1519891199,0.00006213,0.00006368,0.00006176,0.00006316,248009.00000000
1519891200,1519894799,0.00006327,0.00006349,0.00006208,0.00006208,163498.00000000
1519894800,1519898399,0.00006211,0.00006345,0.00006211,0.00006318,239169.00000000
1519898400,1519901999,0.00006320,0.00006371,0.00006217,0.00006350,330635.00000000
1519902000,1519905599,0.00006349,0.00006380,0.00006300,0.00006300,73844.00000000
1519905600,1519909199,0.00006328,0.00006397,0.00006286,0.00006370,78502.00000000
1519909200,1519912799,0.00006370,0.00006699,0.00006369,0.00006576,1092788.00000000
1519912800,1519916399,0.00006571,0.00006720,0.00006508,0.00006568,646769.00000000
1519916400,1519919999,0.00006606,0.00006987,0.00006517,0.00006898,1731980.00000000
1519920000,1519923599,0.00006898,0.00006948,0.00006623,0.00006627,840338.00000000
1519923600,1519927199,0.00006644,0.00006856,0.00006636,0.00006641,560730.00000000
1519927200,1519930799,0.00006661,0.00006662,0.00006443,0.00006483,603810.00000000
1519930800,1519934399,0.00006483,0.00006628,0.00006482,0.00006616,682856.00000000
1519934400,1519937999,0.00006615,0.00006620,0.00006441,0.00006535,455852.00000000
1519938000,1519941599,0.00006489,0.00006612,0.00006429,0.00006518,517839.00000000
1519941600,1519945199,0.00006522,0.00006631,0.00006522,0.00006563,522570.00000000
1519945200,1519948799,0.00006565,0.00006575,0.00006388,0.00006469,676211.00000000
1519948800,1519952399,0.00006469,0.00006620,0.00006456,0.00006585,333691.00000000
1519952400,1519955999,0.00006607,0.00006657,0.00006509,0.00006560,447609.00000000
1519956000,1519959599,0.00006560,0.00006600,0.00006503,0.00006526,732313.00000000
1519959600,1519963199,0.00006526,0.00006586,0.00006501,0.00006515,440278.00000000
1519963200,1519966799,0.00006549,0.00006662,0.00006454,0.00006500,421511.00000000
1519966800,1519970399,0.00006500,0.00006577,0.00006467,0.00006534,300037.00000000
1519970400,1519973999,0.00006536,0.00006647,0.00006530,0.00006566,569517.00000000
1519974000,1519977599,0.00006566,0.00006566,0.00006527,0.00006535,379994.00000000
1519977600,1519981199,0.00006556,0.00006649,0.00006527,0.00006598,557625.00000000
1519981200,1519984799,0.00006604,0.00006803,0.00006603,0.00006686,452720.00000000
1519984800,1519988399,0.00006680,0.00006707,0.00006537,0.00006571,292156.00000000
1519988400,1519991999,0.00006571,0.00006620,0.00006547,0.00006618,308393.00000000
1519992000,1519995599,0.00006618,0.00006641,0.00006545,0.00006597,346357.00000000
1519995600,1519999199,0.00006577,0.00006620,0.00006542,0.00006611,494883.00000000
1519999200,1520002799,0.00006620,0.00006771,0.00006540,0.00006674,676466.00000000
1520002800,1520006399,0.00006674,0.00006770,0.00006591,0.00006609,264902.00000000
1520006400,1520009999,0.00006609,0.00006656,0.00006560,0.00006570,181375.00000000
1520010000,1520013599,0.00006591,0.00006637,0.00006560,0.00006563,562019.00000000
1520013600,1520017199,0.00006612,0.00006637,0.00006569,0.00006619,86508.00000000
1520017200,1520020799,0.00006619,0.00006630,0.00006575,0.00006604,174305.00000000
1520020800,1520024399,0.00006639,0.00006770,0.00006602,0.00006733,326419.00000000
1520024400,1520027999,0.00006737,0.00006770,0.00006625,0.00006628,486038.00000000
1520028000,1520031599,0.00006668,0.00006721,0.00006612,0.00006721,1182121.00000000
1520031600,1520035199,0.00006690,0.00006719,0.00006670,0.00006699,268398.00000000
1520035200,1520038799,0.00006694,0.00006695,0.00006589,0.00006622,206135.00000000
1520038800,1520042399,0.00006601,0.00006684,0.00006561,0.00006570,271079.00000000
1520042400,1520045999,0.00006561,0.00006602,0.00006507,0.00006551,759065.00000000
1520046000,1520049599,0.00006573,0.00006629,0.00006500,0.00006500,560420.00000000
1520049600,1520053199,0.00006505,0.00006605,0.00006286,0.00006370,959448.00000000
1520053200,1520056799,0.00006370,0.00006420,0.00006312,0.00006349,510841.00000000
1520056800,1520060399,0.00006349,0.00006450,0.00006325,0.00006388,217572.00000000
1520060400,1520063999,0.00006400,0.00006606,0.00006400,0.00006479,253989.00000000
1520064000,1520067599,0.00006440,0.00006456,0.00006400,0.00006400,76356.00000000
1520067600,1520071199,0.00006446,0.00006455,0.00006364,0.00006405,162484.00000000
1520071200,1520074799,0.00006432,0.00006449,0.00006400,0.00006430,190392.00000000
1520074800,1520078399,0.00006430,0.00006454,0.00006306,0.00006350,328602.00000000
1520078400,1520081999,0.00006348,0.00006364,0.00006235,0.00006295,719879.00000000
1520082000,1520085599,0.00006295,0.00006365,0.00006256,0.00006352,291893.00000000
1520085600,1520089199,0.00006326,0.00006353,0.00006260,0.00006323,626672.00000000
1520089200,1520092799,0.00006332,0.00006400,0.00006277,0.00006310,242644.00000000
1520092800,1520096399,0.00006311,0.00006335,0.00006235,0.00006268,231933.00000000
1520096400,1520099999,0.00006269,0.00006303,0.00006263,0.00006290,404669.00000000
1520100000,1520103599,0.00006290,0.00006322,0.00006270,0.00006322,233071.00000000
1520103600,1520107199,0.00006322,0.00006408,0.00006265,0.00006328,707865.00000000
1520107200,1520110799,0.00006288,0.00006327,0.00006202,0.00006319,438899.00000000
1520110800,1520114399,0.00006289,0.00006365,0.00006229,0.00006337,276413.00000000
1520114400,1520117999,0.00006302,0.00006375,0.00006301,0.00006337,128020.00000000
1520118000,1520121599,0.00006381,0.00006410,0.00006327,0.00006327,291650.00000000
1520121600,1520125199,0.00006327,0.00006336,0.00006204,0.00006204,379893.00000000
1520125200,1520128799,0.00006229,0.00006240,0.00006210,0.00006212,255607.00000000
1520128800,1520132399,0.00006212,0.00006237,0.00006204,0.00006204,226455.00000000
1520132400,1520135999,0.00006205,0.00006253,0.00006139,0.00006214,295519.00000000
1520136000,1520139599,0.00006216,0.00006257,0.00006161,0.00006216,105077.00000000
1520139600,1520143199,0.00006217,0.00006261,0.00006139,0.00006139,178893.00000000
1520143200,1520146799,0.00006149,0.00006211,0.00006111,0.00006172,169888.00000000
1520146800,1520150399,0.00006141,0.00006184,0.00006077,0.00006155,240472.00000000
1520150400,1520153999,0.00006147,0.00006153,0.00006110,0.00006113,106629.00000000
1520154000,1520157599,0.00006126,0.00006202,0.00006112,0.00006162,190209.00000000
1520157600,1520161199,0.00006162,0.00006192,0.00006120,0.00006140,111959.00000000
1520161200,1520164799,0.00006119,0.00006153,0.00006107,0.00006117,98003.00000000
1520164800,1520168399,0.00006116,0.00006153,0.00006107,0.00006153,167157.00000000
1520168400,1520171999,0.00006146,0.00006200,0.00006115,0.00006149,382504.00000000
1520172000,1520175599,0.00006140,0.00006161,0.00006140,0.00006141,240768.00000000
1520175600,1520179199,0.00006141,0.00006410,0.00006125,0.00006310,976460.00000000
1520179200,1520182799,0.00006302,0.00006378,0.00006154,0.00006301,330646.00000000
1520182800,1520186399,0.00006308,0.00006350,0.00006121,0.00006148,258229.00000000
1520186400,1520189999,0.00006150,0.00006253,0.00006124,0.00006176,220152.00000000
1520190000,1520193599,0.00006150,0.00006229,0.00006150,0.00006164,184520.00000000
1520193600,1520197199,0.00006188,0.00006222,0.00006110,0.00006166,372759.00000000
1520197200,1520200799,0.00006165,0.00006199,0.00006100,0.00006102,419113.00000000
1520200800,1520204399,0.00006136,0.00006154,0.00006033,0.00006092,714221.00000000
1520204400,1520207999,0.00006092,0.00006140,0.00006023,0.00006065,325480.00000000
1520208000,1520211599,0.00006066,0.00006154,0.00006040,0.00006050,242550.00000000
1520211600,1520215199,0.00006075,0.00006156,0.00006051,0.00006079,364168.00000000
1520215200,1520218799,0.00006052,0.00006099,0.00006030,0.00006088,281449.00000000
1520218800,1520222399,0.00006055,0.00006088,0.00006046,0.00006047,399606.00000000
1520222400,1520225999,0.00006069,0.00006082,0.00006030,0.00006080,406372.00000000
1520226000,1520229599,0.00006051,0.00006099,0.00006051,0.00006098,315442.00000000
1520229600,1520233199,0.00006071,0.00006124,0.00006058,0.00006070,403032.00000000
1520233200,1520236799,0.00006101,0.00006101,0.00006000,0.00006015,575454.00000000
1520236800,1520240399,0.00006015,0.00006035,0.00006004,0.00006006,116570.00000000
1520240400,1520243999,0.00006006,0.00006021,0.00006000,0.00006005,145688.00000000
1520244000,1520247599,0.00006005,0.00006051,0.00005957,0.00005971,195777.00000000
1520247600,1520251199,0.00005971,0.00006000,0.00005911,0.00005985,572904.00000000
1520251200,1520254799,0.00005952,0.00005978,0.00005802,0.00005886,756514.00000000
1520254800,1520258399,0.00005898,0.00005959,0.00005801,0.00005801,788348.00000000
1520258400,1520261999,0.00005802,0.00005958,0.00005801,0.00005856,721000.00000000
1520262000,1520265599,0.00005856,0.00005948,0.00005837,0.00005902,497190.00000000
1520265600,1520269199,0.00005908,0.00005943,0.00005878,0.00005898,323468.00000000
1520269200,1520272799,0.00005877,0.00005919,0.00005856,0.00005907,406536.00000000
1520272800,1520276399,0.00005881,0.00005950,0.00005878,0.00005900,385826.00000000
1520276400,1520279999,0.00005900,0.00005920,0.00005820,0.00005827,445974.00000000
1520280000,1520283599,0.00005825,0.00005865,0.00005782,0.00005800,682113.00000000
1520283600,1520287199,0.00005809,0.00005916,0.00005785,0.00005916,497056.00000000
1520287200,1520290799,0.00005916,0.00005949,0.00005850,0.00005850,971458.00000000
1520290800,1520294399,0.00005850,0.00005999,0.00005800,0.00005987,592603.00000000
1520294400,1520297999,0.00005976,0.00005976,0.00005750,0.00005786,949460.00000000
1520298000,1520301599,0.00005786,0.00005807,0.00005731,0.00005737,318058.00000000
1520301600,1520305199,0.00005776,0.00005788,0.00005700,0.00005713,411797.00000000
1520305200,1520308799,0.00005733,0.00005864,0.00005703,0.00005821,696969.00000000
1520308800,1520312399,0.00005836,0.00005836,0.00005739,0.00005752,329771.00000000
1520312400,1520315999,0.00005739,0.00005764,0.00005606,0.00005695,1065666.00000000
1520316000,1520319599,0.00005695,0.00005735,0.00005692,0.00005703,114068.00000000
1520319600,1520323199,0.00005703,0.00005729,0.00005659,0.00005659,290327.00000000
1520323200,1520326799,0.00005650,0.00005700,0.00005600,0.00005660,550199.00000000
1520326800,1520330399,0.00005621,0.00005654,0.00005601,0.00005635,289933.00000000
1520330400,1520333999,0.00005635,0.00005635,0.00005521,0.00005578,770315.00000000
1520334000,1520337599,0.00005578,0.00005596,0.00005480,0.00005480,693063.00000000
1520337600,1520341199,0.00005475,0.00005539,0.00005401,0.00005440,551160.00000000
1520341200,1520344799,0.00005449,0.00005514,0.00005409,0.00005437,515849.00000000
1520344800,1520348399,0.00005428,0.00005507,0.00005402,0.00005460,413683.00000000
1520348400,1520351999,0.00005440,0.00005525,0.00005437,0.00005468,524974.00000000
1520352000,1520355599,0.00005468,0.00005496,0.00005425,0.00005431,519658.00000000
1520355600,1520359199,0.00005431,0.00005999,0.00005400,0.00005436,1408584.00000000
1520359200,1520362799,0.00005410,0.00005610,0.00005405,0.00005485,528452.00000000
1520362800,1520366399,0.00005486,0.00005513,0.00005431,0.00005479,512312.00000000
1520366400,1520369999,0.00005479,0.00005599,0.00005431,0.00005455,394915.00000000
1520370000,1520373599,0.00005477,0.00005865,0.00005453,0.00005748,1599631.00000000
1520373600,1520377199,0.00005748,0.00005800,0.00005613,0.00005697,491640.00000000
1520377200,1520380799,0.00005647,0.00005664,0.00005500,0.00005664,325965.00000000
1520380800,1520384399,0.00005650,0.00005650,0.00005502,0.00005556,240125.00000000
1520384400,1520387999,0.00005556,0.00005670,0.00005483,0.00005530,761607.00000000
1520388000,1520391599,0.00005546,0.00005625,0.00005500,0.00005500,165319.00000000
1520391600,1520395199,0.00005510,0.00005546,0.00005476,0.00005476,205174.00000000
1520395200,1520398799,0.00005499,0.00005539,0.00005423,0.00005524,1087829.00000000
1520398800,1520402399,0.00005518,0.00005534,0.00005462,0.00005468,252785.00000000
1520402400,1520405999,0.00005468,0.00005620,0.00005431,0.00005507,289721.00000000
1520406000,1520409599,0.00005504,0.00005561,0.00005463,0.00005515,210184.00000000
1520409600,1520413199,0.00005523,0.00005563,0.00005489,0.00005504,199091.00000000
1520413200,1520416799,0.00005539,0.00005539,0.00005463,0.00005491,155477.00000000
1520416800,1520420399,0.00005500,0.00005550,0.00005500,0.00005526,215012.00000000
1520420400,1520423999,0.00005525,0.00005525,0.00005435,0.00005439,274062.00000000
1520424000,1520427599,0.00005439,0.00005546,0.00005435,0.00005441,175570.00000000
1520427600,1520431199,0.00005440,0.00005521,0.00005400,0.00005412,331496.00000000
1520431200,1520434799,0.00005424,0.00005436,0.00005129,0.00005264,1626982.00000000
1520434800,1520438399,0.00005267,0.00005280,0.00005040,0.00005159,1093170.00000000
1520438400,1520441999,0.00005193,0.00005207,0.00004825,0.00004841,2276945.00000000
1520442000,1520445599,0.00004833,0.00004947,0.00004698,0.00004942,2694475.00000000
1520445600,1520449199,0.00004947,0.00005087,0.00004861,0.00005018,1142358.00000000
1520449200,1520452799,0.00004983,0.00005095,0.00004980,0.00005045,549070.00000000
1520452800,1520456399,0.00005028,0.00005177,0.00005001,0.00005140,669959.00000000
1520456400,1520459999,0.00005104,0.00005288,0.00005060,0.00005177,828599.00000000
1520460000,1520463599,0.00005140,0.00005347,0.00005105,0.00005222,584571.00000000
1520463600,1520467199,0.00005194,0.00005250,0.00005090,0.00005099,418801.00000000
1520467200,1520470799,0.00005107,0.00005149,0.00005060,0.00005106,239292.00000000
1520470800,1520474399,0.00005084,0.00005221,0.00005084,0.00005171,680922.00000000
1520474400,1520477999,0.00005136,0.00005169,0.00004900,0.00004931,1115642.00000000
1520478000,1520481599,0.00004930,0.00004957,0.00004876,0.00004918,489051.00000000
1520481600,1520485199,0.00004918,0.00005152,0.00004886,0.00005028,910010.00000000
1520485200,1520488799,0.00005028,0.00005145,0.00004946,0.00005014,571524.00000000
1520488800,1520492399,0.00005014,0.00005035,0.00004875,0.00004893,558934.00000000
1520492400,1520495999,0.00004908,0.00004996,0.00004880,0.00004989,245450.00000000
1520496000,1520499599,0.00004958,0.00004991,0.00004851,0.00004975,511563.00000000
1520499600,1520503199,0.00004975,0.00004998,0.00004950,0.00004977,189894.00000000
1520503200,1520506799,0.00004977,0.00005119,0.00004850,0.00004951,518652.00000000
1520506800,1520510399,0.00004929,0.00004981,0.00004927,0.00004961,302582.00000000
1520510400,1520513999,0.00004979,0.00005012,0.00004875,0.00004972,299217.00000000
1520514000,1520517599,0.00004972,0.00005024,0.00004960,0.00005001,266013.00000000
1520517600,1520521199,0.00004996,0.00005011,0.00004963,0.00004974,75167.00000000
1520521200,1520524799,0.00004974,0.00005068,0.00004971,0.00004982,205807.00000000
1520524800,1520528399,0.00004977,0.00005315,0.00004977,0.00005114,867107.00000000
1520528400,1520531999,0.00005116,0.00005165,0.00004920,0.00004922,721872.00000000
1520532000,1520535599,0.00004922,0.00005014,0.00004920,0.00004927,408889.00000000
1520535600,1520539199,0.00004930,0.00004964,0.00004911,0.00004930,1205385.00000000
1520539200,1520542799,0.00004930,0.00005050,0.00004819,0.00004866,414398.00000000
1520542800,1520546399,0.00004866,0.00004903,0.00004865,0.00004880,241875.00000000
1520546400,1520549999,0.00004878,0.00005023,0.00004865,0.00004954,448141.00000000
1520550000,1520553599,0.00004953,0.00004953,0.00004895,0.00004922,184474.00000000
1520553600,1520557199,0.00004922,0.00005199,0.00004921,0.00005045,944921.00000000
1520557200,1520560799,0.00005045,0.00005071,0.00004973,0.00005045,390116.00000000
1520560800,1520564399,0.00005048,0.00005048,0.00004890,0.00004904,683538.00000000
1520564400,1520567999,0.00004904,0.00005077,0.00004899,0.00005016,893099.00000000
1520568000,1520571599,0.00005016,0.00005035,0.00004850,0.00004851,607575.00000000
1520571600,1520575199,0.00004851,0.00004870,0.00004666,0.00004717,953572.00000000
1520575200,1520578799,0.00004693,0.00004693,0.00004567,0.00004618,1047099.00000000
1520578800,1520582399,0.00004600,0.00004810,0.00004500,0.00004603,1803223.00000000
1520582400,1520585999,0.00004603,0.00004746,0.00004532,0.00004620,288538.00000000
1520586000,1520589599,0.00004631,0.00004652,0.00004533,0.00004560,557549.00000000
1520589600,1520593199,0.00004560,0.00004617,0.00004541,0.00004601,289629.00000000
1520593200,1520596799,0.00004624,0.00004637,0.00004586,0.00004630,190113.00000000
1520596800,1520600399,0.00004636,0.00004636,0.00004590,0.00004600,258244.00000000
1520600400,1520603999,0.00004600,0.00004646,0.00004597,0.00004616,351713.00000000
1520604000,1520607599,0.00004637,0.00004657,0.00004534,0.00004620,509229.00000000
1520607600,1520611199,0.00004639,0.00004728,0.00004592,0.00004646,428397.00000000
1520611200,1520614799,0.00004623,0.00004683,0.00004534,0.00004572,456114.00000000
1520614800,1520618399,0.00004579,0.00004648,0.00004511,0.00004638,686674.00000000
1520618400,1520621999,0.00004635,0.00004682,0.00004601,0.00004668,155865.00000000
1520622000,1520625599,0.00004662,0.00004672,0.00004625,0.00004632,141414.00000000
1520625600,1520629199,0.00004636,0.00004675,0.00004617,0.00004672,210503.00000000
1520629200,1520632799,0.00004674,0.00004739,0.00004635,0.00004704,308137.00000000
1520632800,1520636399,0.00004693,0.00004739,0.00004680,0.00004734,179085.00000000
1520636400,1520639999,0.00004737,0.00004849,0.00004700,0.00004758,233977.00000000
1520640000,1520643599,0.00004765,0.00004784,0.00004647,0.00004723,336559.00000000
1520643600,1520647199,0.00004730,0.00004837,0.00004701,0.00004764,446176.00000000
1520647200,1520650799,0.00004799,0.00004848,0.00004772,0.00004821,219640.00000000
1520650800,1520654399,0.00004833,0.00004947,0.00004633,0.00004920,832872.00000000
1520654400,1520657999,0.00004920,0.00004991,0.00004848,0.00004948,197421.00000000
1520658000,1520661599,0.00004949,0.00005000,0.00004850,0.00004860,555812.00000000
1520661600,1520665199,0.00004860,0.00004942,0.00004860,0.00004927,209919.00000000
1520665200,1520668799,0.00004941,0.00004993,0.00004878,0.00004943,286132.00000000
1520668800,1520672399,0.00004950,0.00004951,0.00004856,0.00004884,159976.00000000
1520672400,1520675999,0.00004868,0.00004909,0.00004841,0.00004909,272710.00000000
1520676000,1520679599,0.00004903,0.00004956,0.00004880,0.00004906,87290.00000000
1520679600,1520683199,0.00004924,0.00005100,0.00004905,0.00005032,488273.00000000
1520683200,1520686799,0.00005052,0.00005097,0.00004945,0.00004971,417689.00000000
1520686800,1520690399,0.00004971,0.00005072,0.00004937,0.00005010,150977.00000000
1520690400,1520693999,0.00005010,0.00005049,0.00004941,0.00004970,313982.00000000
1520694000,1520697599,0.00004940,0.00005004,0.00004929,0.00004961,184514.00000000
1520697600,1520701199,0.00004961,0.00004961,0.00004850,0.00004888,282906.00000000
1520701200,1520704799,0.00004888,0.00004946,0.00004839,0.00004839,323571.00000000
1520704800,1520708399,0.00004830,0.00004917,0.00004780,0.00004780,689177.00000000
1520708400,1520711999,0.00004780,0.00004826,0.00004724,0.00004774,374586.00000000
1520712000,1520715599,0.00004767,0.00004770,0.00004601,0.00004659,819629.00000000
1520715600,1520719199,0.00004682,0.00004694,0.00004411,0.00004640,1190054.00000000
1520719200,1520722799,0.00004640,0.00004694,0.00004595,0.00004662,219369.00000000
1520722800,1520726399,0.00004651,0.00004686,0.00004595,0.00004623,220160.00000000
1520726400,1520729999,0.00004640,0.00004645,0.00004541,0.00004545,349753.00000000
1520730000,1520733599,0.00004545,0.00004595,0.00004492,0.00004558,270268.00000000
1520733600,1520737199,0.00004563,0.00004626,0.00004519,0.00004607,200144.00000000
1520737200,1520740799,0.00004617,0.00004619,0.00004550,0.00004590,78209.00000000
1520740800,1520744399,0.00004590,0.00005000,0.00004563,0.00004682,709120.00000000
1520744400,1520747999,0.00004705,0.00004810,0.00004675,0.00004694,352907.00000000
1520748000,1520751599,0.00004685,0.00004710,0.00004657,0.00004710,227288.00000000
1520751600,1520755199,0.00004710,0.00004720,0.00004577,0.00004626,300882.00000000
1520755200,1520758799,0.00004634,0.00004663,0.00004600,0.00004617,152346.00000000
1520758800,1520762399,0.00004634,0.00004634,0.00004584,0.00004592,57882.00000000
1520762400,1520765999,0.00004588,0.00004632,0.00004576,0.00004632,65469.00000000
1520766000,1520769599,0.00004632,0.00004684,0.00004600,0.00004684,169417.00000000
1520769600,1520773199,0.00004676,0.00004850,0.00004666,0.00004773,381325.00000000
1520773200,1520776799,0.00004769,0.00004811,0.00004752,0.00004800,225595.00000000
1520776800,1520780399,0.00004800,0.00004800,0.00004742,0.00004746,80937.00000000
1520780400,1520783999,0.00004765,0.00004794,0.00004742,0.00004794,108991.00000000
1520784000,1520787599,0.00004800,0.00004844,0.00004772,0.00004797,192015.00000000
1520787600,1520791199,0.00004816,0.00004898,0.00004803,0.00004898,230348.00000000
1520791200,1520794799,0.00004886,0.00004898,0.00004801,0.00004868,268414.00000000
1520794800,1520798399,0.00004869,0.00004990,0.00004868,0.00004934,313221.00000000
1520798400,1520801999,0.00004919,0.00004919,0.00004883,0.00004899,276898.00000000
1520802000,1520805599,0.00004899,0.00004918,0.00004890,0.00004890,363579.00000000
1520805600,1520809199,0.00004890,0.00004916,0.00004801,0.00004815,262931.00000000
1520809200,1520812799,0.00004815,0.00004896,0.00004773,0.00004875,200484.00000000
1520812800,1520816399,0.00004875,0.00004895,0.00004848,0.00004848,67103.00000000
1520816400,1520819999,0.00004820,0.00005033,0.00004800,0.00005033,662557.00000000
1520820000,1520823599,0.00005016,0.00005033,0.00004904,0.00004946,137319.00000000
1520823600,1520827199,0.00004980,0.00005015,0.00004892,0.00004892,228352.00000000
1520827200,1520830799,0.00004904,0.00004914,0.00004860,0.00004888,74113.00000000
1520830800,1520834399,0.00004888,0.00004938,0.00004800,0.00004854,498534.00000000
1520834400,1520837999,0.00004855,0.00004929,0.00004763,0.00004763,293114.00000000
1520838000,1520841599,0.00004764,0.00004930,0.00004764,0.00004813,212229.00000000
1520841600,1520845199,0.00004803,0.00004904,0.00004765,0.00004850,205053.00000000
1520845200,1520848799,0.00004872,0.00004930,0.00004868,0.00004911,379324.00000000
1520848800,1520852399,0.00004905,0.00004920,0.00004858,0.00004884,167506.00000000
1520852400,1520855999,0.00004886,0.00004976,0.00004885,0.00004931,254889.00000000
1520856000,1520859599,0.00004903,0.00004950,0.00004858,0.00004895,274267.00000000
1520859600,1520863199,0.00004895,0.00004899,0.00004816,0.00004847,384683.00000000
1520863200,1520866799,0.00004876,0.00004876,0.00004801,0.00004801,411417.00000000
1520866800,1520870399,0.00004803,0.00004848,0.00004776,0.00004776,441711.00000000
1520870400,1520873999,0.00004776,0.00004776,0.00004706,0.00004761,274121.00000000
1520874000,1520877599,0.00004755,0.00004760,0.00004680,0.00004722,156795.00000000
1520877600,1520881199,0.00004731,0.00004750,0.00004686,0.00004748,246118.00000000
1520881200,1520884799,0.00004726,0.00004748,0.00004638,0.00004655,244978.00000000
1520884800,1520888399,0.00004675,0.00004708,0.00004652,0.00004707,140037.00000000
1520888400,1520891999,0.00004709,0.00004732,0.00004691,0.00004717,228306.00000000
1520892000,1520895599,0.00004717,0.00004731,0.00004717,0.00004725,197188.00000000
1520895600,1520899199,0.00004729,0.00004781,0.00004725,0.00004775,126685.00000000
1520899200,1520902799,0.00004751,0.00004796,0.00004733,0.00004768,156383.00000000
1520902800,1520906399,0.00004797,0.00004867,0.00004797,0.00004867,116895.00000000
1520906400,1520909999,0.00004867,0.00004889,0.00004811,0.00004830,266428.00000000
1520910000,1520913599,0.00004850,0.00004930,0.00004820,0.00004900,1953531.00000000
1520913600,1520917199,0.00004900,0.00005000,0.00004900,0.00004946,723444.00000000
1520917200,1520920799,0.00004956,0.00005099,0.00004930,0.00005088,790118.00000000
1520920800,1520924399,0.00005063,0.00005100,0.00004984,0.00005018,926150.00000000
1520924400,1520927999,0.00005018,0.00005018,0.00004937,0.00004945,206589.00000000
1520928000,1520931599,0.00004947,0.00004947,0.00004812,0.00004838,539160.00000000
1520931600,1520935199,0.00004838,0.00004871,0.00004750,0.00004759,150102.00000000
1520935200,1520938799,0.00004757,0.00004821,0.00004735,0.00004821,249495.00000000
1520938800,1520942399,0.00004800,0.00004814,0.00004770,0.00004770,364656.00000000
1520942400,1520945999,0.00004770,0.00004991,0.00004750,0.00004750,926282.00000000
1520946000,1520949599,0.00004749,0.00004825,0.00004729,0.00004794,186684.00000000
1520949600,1520953199,0.00004784,0.00004800,0.00004743,0.00004763,165860.00000000
1520953200,1520956799,0.00004763,0.00004764,0.00004736,0.00004740,115424.00000000
1520956800,1520960399,0.00004760,0.00004894,0.00004743,0.00004894,619109.00000000
1520960400,1520963999,0.00004869,0.00004883,0.00004813,0.00004841,463182.00000000
1520964000,1520967599,0.00004841,0.00004991,0.00004841,0.00004978,692713.00000000
1520967600,1520971199,0.00004969,0.00005050,0.00004867,0.00004890,750318.00000000
1520971200,1520974799,0.00004890,0.00005017,0.00004859,0.00004924,296051.00000000
1520974800,1520978399,0.00004914,0.00005023,0.00004914,0.00005022,477089.00000000
1520978400,1520981999,0.00005013,0.00005050,0.00004964,0.00005010,350553.00000000
1520982000,1520985599,0.00005017,0.00005071,0.00004977,0.00004981,509732.00000000
1520985600,1520989199,0.00005024,0.00005896,0.00004974,0.00005558,3564369.00000000
1520989200,1520992799,0.00005533,0.00005615,0.00005299,0.00005433,2107098.00000000
1520992800,1520996399,0.00005411,0.00005600,0.00005297,0.00005375,1569088.00000000
1520996400,1520999999,0.00005384,0.00005499,0.00005301,0.00005449,1288851.00000000
1521000000,1521003599,0.00005449,0.00005481,0.00005155,0.00005272,694781.00000000
1521003600,1521007199,0.00005292,0.00005356,0.00005174,0.00005205,341607.00000000
1521007200,1521010799,0.00005205,0.00005375,0.00005169,0.00005305,582072.00000000
1521010800,1521014399,0.00005299,0.00005299,0.00005141,0.00005223,287729.00000000
1521014400,1521017999,0.00005234,0.00005250,0.00005144,0.00005161,296539.00000000
1521018000,1521021599,0.00005161,0.00005237,0.00005072,0.00005087,412454.00000000
1521021600,1521025199,0.00005086,0.00005151,0.00005000,0.00005000,834717.00000000
1521025200,1521028799,0.00005003,0.00005039,0.00004911,0.00005016,689512.00000000
1521028800,1521032399,0.00005028,0.00005043,0.00004951,0.00005026,326829.00000000
1521032400,1521035999,0.00005009,0.00005040,0.00004911,0.00004961,301880.00000000
1521036000,1521039599,0.00004961,0.00005440,0.00004900,0.00005230,1504384.00000000
1521039600,1521043199,0.00005225,0.00005416,0.00005055,0.00005260,2044883.00000000
1521043200,1521046799,0.00005238,0.00005245,0.00005028,0.00005058,1067224.00000000
1521046800,1521050399,0.00005057,0.00005109,0.00005040,0.00005086,667737.00000000
1521050400,1521053999,0.00005092,0.00005133,0.00005050,0.00005098,483080.00000000
1521054000,1521057599,0.00005098,0.00005127,0.00005050,0.00005108,671382.00000000
1521057600,1521061199,0.00005102,0.00005280,0.00005097,0.00005111,856501.00000000
1521061200,1521064799,0.00005111,0.00005155,0.00005030,0.00005055,806584.00000000
1521064800,1521068399,0.00005055,0.00005131,0.00005036,0.00005061,367683.00000000
1521068400,1521071999,0.00005075,0.00005075,0.00004978,0.00004998,455629.00000000
1521072000,1521075599,0.00005003,0.00005003,0.00004832,0.00004913,585495.00000000
1521075600,1521079199,0.00004916,0.00004939,0.00004859,0.00004924,301526.00000000
1521079200,1521082799,0.00004910,0.00004932,0.00004795,0.00004811,584935.00000000
1521082800,1521086399,0.00004809,0.00004881,0.00004800,0.00004825,776356.00000000
1521086400,1521089999,0.00004842,0.00004882,0.00004795,0.00004813,195963.00000000
1521090000,1521093599,0.00004810,0.00004869,0.00004744,0.00004760,540284.00000000
1521093600,1521097199,0.00004772,0.00005200,0.00004738,0.00004885,635216.00000000
1521097200,1521100799,0.00004886,0.00004993,0.00004848,0.00004906,472201.00000000
1521100800,1521104399,0.00004873,0.00004919,0.00004811,0.00004901,156792.00000000
1521104400,1521107999,0.00004894,0.00004970,0.00004839,0.00004936,135035.00000000
1521108000,1521111599,0.00004949,0.00004996,0.00004883,0.00004888,129861.00000000
1521111600,1521115199,0.00004879,0.00004966,0.00004869,0.00004958,146957.00000000
1521115200,1521118799,0.00004949,0.00004969,0.00004910,0.00004942,215165.00000000
1521118800,1521122399,0.00004950,0.00005050,0.00004893,0.00004956,316048.00000000
1521122400,1521125999,0.00004938,0.00004956,0.00004900,0.00004931,221751.00000000
1521126000,1521129599,0.00004928,0.00004934,0.00004820,0.00004860,511931.00000000
1521129600,1521133199,0.00004860,0.00004865,0.00004781,0.00004809,431836.00000000
1521133200,1521136799,0.00004808,0.00005036,0.00004808,0.00004945,525325.00000000
1521136800,1521140399,0.00004949,0.00005035,0.00004938,0.00004938,156604.00000000
1521140400,1521143999,0.00004938,0.00005004,0.00004916,0.00004945,314573.00000000
1521144000,1521147599,0.00004945,0.00005023,0.00004910,0.00004931,217047.00000000
1521147600,1521151199,0.00004948,0.00005090,0.00004856,0.00005079,541826.00000000
1521151200,1521154799,0.00005079,0.00005090,0.00004950,0.00004987,349539.00000000
1521154800,1521158399,0.00004982,0.00005180,0.00004861,0.00005144,703023.00000000
1521158400,1521161999,0.00005108,0.00005318,0.00004953,0.00005048,768526.00000000
1521162000,1521165599,0.00005033,0.00005092,0.00004971,0.00004983,307276.00000000
1521165600,1521169199,0.00004983,0.00005196,0.00004983,0.00005086,518486.00000000
1521169200,1521172799,0.00005145,0.00005186,0.00005070,0.00005151,240157.00000000
1521172800,1521176399,0.00005151,0.00005199,0.00005059,0.00005096,434855.00000000
1521176400,1521179999,0.00005098,0.00005168,0.00005088,0.00005103,406215.00000000
1521180000,1521183599,0.00005067,0.00005102,0.00005013,0.00005030,154623.00000000
1521183600,1521187199,0.00005031,0.00005068,0.00004978,0.00005047,171102.00000000
1521187200,1521190799,0.00005050,0.00005103,0.00005009,0.00005053,158047.00000000
1521190800,1521194399,0.00005041,0.00005060,0.00005004,0.00005059,354843.00000000
1521194400,1521197999,0.00005058,0.00005059,0.00004983,0.00004995,130012.00000000
1521198000,1521201599,0.00005002,0.00005017,0.00004981,0.00005015,250882.00000000
1521201600,1521205199,0.00005013,0.00005015,0.00004955,0.00004985,278656.00000000
1521205200,1521208799,0.00004985,0.00005097,0.00004985,0.00005060,233025.00000000
1521208800,1521212399,0.00005060,0.00005125,0.00005047,0.00005099,334094.00000000
1521212400,1521215999,0.00005099,0.00005122,0.00005067,0.00005099,201083.00000000
1521216000,1521219599,0.00005103,0.00005133,0.00005084,0.00005133,384845.00000000
1521219600,1521223199,0.00005132,0.00005145,0.00005074,0.00005092,201297.00000000
1521223200,1521226799,0.00005090,0.00005092,0.00005060,0.00005071,89192.00000000
1521226800,1521230399,0.00005084,0.00005199,0.00005048,0.00005084,652554.00000000
1521230400,1521233999,0.00005084,0.00005124,0.00005079,0.00005082,136994.00000000
1521234000,1521237599,0.00005079,0.00005096,0.00005062,0.00005096,120762.00000000
1521237600,1521241199,0.00005096,0.00005157,0.00005062,0.00005108,132325.00000000
1521241200,1521244799,0.00005115,0.00005136,0.00005071,0.00005071,156564.00000000
1521244800,1521248399,0.00005066,0.00005100,0.00005048,0.00005091,298170.00000000
1521248400,1521251999,0.00005091,0.00005106,0.00005071,0.00005071,161488.00000000
1521252000,1521255599,0.00005071,0.00005136,0.00005049,0.00005097,74300.00000000
1521255600,1521259199,0.00005097,0.00005136,0.00005071,0.00005102,109880.00000000
1521259200,1521262799,0.00005072,0.00005095,0.00005026,0.00005047,386943.00000000
1521262800,1521266399,0.00005030,0.00005056,0.00005001,0.00005017,128773.00000000
1521266400,1521269999,0.00005011,0.00005029,0.00004971,0.00005017,109765.00000000
1521270000,1521273599,0.00004985,0.00005027,0.00004930,0.00004997,155346.00000000
1521273600,1521277199,0.00004997,0.00005030,0.00004970,0.00005013,78758.00000000
1521277200,1521280799,0.00005014,0.00005014,0.00004978,0.00004985,22116.00000000
1521280800,1521284399,0.00005000,0.00005027,0.00004985,0.00005000,106559.00000000
1521284400,1521287999,0.00005000,0.00005016,0.00004978,0.00004994,65580.00000000
1521288000,1521291599,0.00004994,0.00005003,0.00004951,0.00004951,87661.00000000
1521291600,1521295199,0.00004953,0.00004992,0.00004945,0.00004945,82688.00000000
1521295200,1521298799,0.00004978,0.00004989,0.00004909,0.00004909,183537.00000000
1521298800,1521302399,0.00004933,0.00004933,0.00004816,0.00004850,727807.00000000
1521302400,1521305999,0.00004850,0.00004948,0.00004829,0.00004878,324618.00000000
1521306000,1521309599,0.00004902,0.00004972,0.00004830,0.00004962,273440.00000000
1521309600,1521313199,0.00004962,0.00004989,0.00004901,0.00004971,232200.00000000
1521313200,1521316799,0.00004947,0.00004999,0.00004933,0.00004988,77851.00000000
1521316800,1521320399,0.00004988,0.00005020,0.00004883,0.00004978,393645.00000000
1521320400,1521323999,0.00005013,0.00005221,0.00004995,0.00005111,940043.00000000
1521324000,1521327599,0.00005108,0.00005147,0.00005027,0.00005086,141238.00000000
1521327600,1521331199,0.00005086,0.00005086,0.00004988,0.00005012,59705.00000000
1521331200,1521334799,0.00005037,0.00005158,0.00005023,0.00005129,83432.00000000
1521334800,1521338399,0.00005098,0.00005248,0.00004978,0.00005096,705745.00000000
1521338400,1521341999,0.00005109,0.00005183,0.00005096,0.00005122,302284.00000000
1521342000,1521345599,0.00005120,0.00005145,0.00005082,0.00005097,71735.00000000
1521345600,1521349199,0.00005097,0.00005133,0.00005062,0.00005125,108133.00000000
1521349200,1521352799,0.00005100,0.00005130,0.00005055,0.00005101,96385.00000000
1521352800,1521356399,0.00005075,0.00005101,0.00005041,0.00005063,271383.00000000
1521356400,1521359999,0.00005063,0.00005078,0.00005040,0.00005078,84024.00000000
1521360000,1521363599,0.00005078,0.00005130,0.00005055,0.00005130,169990.00000000
1521363600,1521367199,0.00005122,0.00005122,0.00005055,0.00005055,80056.00000000
1521367200,1521370799,0.00005055,0.00005115,0.00005002,0.00005065,199964.00000000
1521370800,1521374399,0.00005065,0.00005078,0.00004982,0.00005029,268176.00000000
1521374400,1521377999,0.00004992,0.00005073,0.00004936,0.00004999,241128.00000000
1521378000,1521381599,0.00004999,0.00005081,0.00004910,0.00004910,780770.00000000
1521381600,1521385199,0.00004940,0.00005011,0.00004870,0.00004870,1051413.00000000
1521385200,1521388799,0.00004866,0.00004976,0.00004822,0.00004976,775390.00000000
1521388800,1521392399,0.00004966,0.00005027,0.00004820,0.00004858,681922.00000000
1521392400,1521395999,0.00004858,0.00004907,0.00004820,0.00004859,309128.00000000
1521396000,1521399599,0.00004859,0.00005129,0.00004840,0.00005012,1314024.00000000
1521399600,1521403199,0.00005014,0.00005066,0.00004881,0.00004909,350357.00000000
1521403200,1521406799,0.00004906,0.00005001,0.00004882,0.00004973,456580.00000000
1521406800,1521410399,0.00004953,0.00005190,0.00004851,0.00005164,1155763.00000000
1521410400,1521413999,0.00005134,0.00005148,0.00004994,0.00005119,533834.00000000
1521414000,1521417599,0.00005070,0.00005200,0.00005040,0.00005119,679637.00000000
1521417600,1521421199,0.00005091,0.00005182,0.00005068,0.00005172,341103.00000000
1521421200,1521424799,0.00005160,0.00005273,0.00005108,0.00005199,464488.00000000
1521424800,1521428399,0.00005200,0.00005215,0.00005087,0.00005129,365371.00000000
1521428400,1521431999,0.00005105,0.00005212,0.00005105,0.00005212,158550.00000000
1521432000,1521435599,0.00005211,0.00005216,0.00005111,0.00005199,352307.00000000
1521435600,1521439199,0.00005199,0.00005248,0.00005130,0.00005130,311255.00000000
1521439200,1521442799,0.00005153,0.00005182,0.00005092,0.00005142,203668.00000000
1521442800,1521446399,0.00005114,0.00005159,0.00005081,0.00005090,327238.00000000
1521446400,1521449999,0.00005097,0.00005249,0.00005086,0.00005247,453776.00000000
1521450000,1521453599,0.00005218,0.00005275,0.00005196,0.00005248,437914.00000000
1521453600,1521457199,0.00005226,0.00005227,0.00005151,0.00005222,387125.00000000
1521457200,1521460799,0.00005225,0.00005226,0.00005172,0.00005210,94237.00000000
1521460800,1521464399,0.00005212,0.00005286,0.00005212,0.00005286,242016.00000000
1521464400,1521467999,0.00005252,0.00005280,0.00005243,0.00005265,239836.00000000
1521468000,1521471599,0.00005287,0.00005300,0.00005244,0.00005259,315131.00000000
1521471600,1521475199,0.00005246,0.00005452,0.00005228,0.00005305,1340042.00000000
1521475200,1521478799,0.00005305,0.00005420,0.00005280,0.00005403,995443.00000000
1521478800,1521482399,0.00005405,0.00005405,0.00005230,0.00005230,674090.00000000
1521482400,1521485999,0.00005230,0.00005309,0.00005157,0.00005239,891181.00000000
1521486000,1521489599,0.00005239,0.00005304,0.00005239,0.00005280,161090.00000000
1521489600,1521493199,0.00005280,0.00005304,0.00005200,0.00005277,527447.00000000
1521493200,1521496799,0.00005265,0.00005304,0.00005185,0.00005231,356254.00000000
1521496800,1521500399,0.00005235,0.00005400,0.00005200,0.00005338,287521.00000000
1521500400,1521503999,0.00005354,0.00005354,0.00005227,0.00005272,282360.00000000
1521504000,1521507599,0.00005287,0.00005366,0.00005280,0.00005323,201734.00000000
1521507600,1521511199,0.00005323,0.00005359,0.00005268,0.00005330,337551.00000000
1521511200,1521514799,0.00005330,0.00005435,0.00005313,0.00005326,220511.00000000
1521514800,1521518399,0.00005355,0.00005403,0.00005312,0.00005334,296945.00000000
1521518400,1521521999,0.00005334,0.00005465,0.00005334,0.00005441,208730.00000000
1521522000,1521525599,0.00005418,0.00005492,0.00005399,0.00005445,172929.00000000
1521525600,1521529199,0.00005445,0.00005483,0.00005254,0.00005356,804312.00000000
1521529200,1521532799,0.00005377,0.00005383,0.00005275,0.00005330,259215.00000000
1521532800,1521536399,0.00005331,0.00005372,0.00005252,0.00005316,176174.00000000
1521536400,1521539999,0.00005333,0.00005368,0.00005300,0.00005330,136312.00000000
1521540000,1521543599,0.00005330,0.00005390,0.00005311,0.00005389,114934.00000000
1521543600,1521547199,0.00005376,0.00005426,0.00005349,0.00005380,158752.00000000
1521547200,1521550799,0.00005387,0.00005440,0.00005331,0.00005331,302359.00000000
1521550800,1521554399,0.00005350,0.00005403,0.00005331,0.00005400,121860.00000000
1521554400,1521557999,0.00005400,0.00005412,0.00005342,0.00005342,202984.00000000
1521558000,1521561599,0.00005344,0.00005364,0.00005294,0.00005352,236016.00000000
1521561600,1521565199,0.00005352,0.00005488,0.00005330,0.00005455,476005.00000000
1521565200,1521568799,0.00005433,0.00005506,0.00005420,0.00005490,1099795.00000000
1521568800,1521572399,0.00005490,0.00005500,0.00005441,0.00005459,452878.00000000
1521572400,1521575999,0.00005464,0.00005725,0.00005444,0.00005616,942065.00000000
1521576000,1521579599,0.00005631,0.00005673,0.00005554,0.00005606,600988.00000000
1521579600,1521583199,0.00005640,0.00005750,0.00005640,0.00005684,702863.00000000
1521583200,1521586799,0.00005685,0.00005734,0.00005636,0.00005690,1413601.00000000
1521586800,1521590399,0.00005690,0.00005720,0.00005608,0.00005681,850140.00000000
1521590400,1521593999,0.00005708,0.00005709,0.00005615,0.00005650,284835.00000000
1521594000,1521597599,0.00005650,0.00005689,0.00005595,0.00005602,881711.00000000
1521597600,1521601199,0.00005600,0.00005651,0.00005530,0.00005582,356689.00000000
1521601200,1521604799,0.00005582,0.00005720,0.00005521,0.00005561,1009760.00000000
1521604800,1521608399,0.00005597,0.00005597,0.00005446,0.00005538,641925.00000000
1521608400,1521611999,0.00005538,0.00005968,0.00005501,0.00005626,1252364.00000000
1521612000,1521615599,0.00005602,0.00005689,0.00005559,0.00005606,358458.00000000
1521615600,1521619199,0.00005606,0.00005640,0.00005550,0.00005584,403575.00000000
1521619200,1521622799,0.00005584,0.00005593,0.00005530,0.00005576,196281.00000000
1521622800,1521626399,0.00005576,0.00005700,0.00005576,0.00005626,340355.00000000
1521626400,1521629999,0.00005623,0.00005694,0.00005587,0.00005667,479099.00000000
1521630000,1521633599,0.00005637,0.00005911,0.00005572,0.00005879,1538652.00000000
1521633600,1521637199,0.00005872,0.00006165,0.00005855,0.00006094,3051676.00000000
1521637200,1521640799,0.00006095,0.00006189,0.00005848,0.00005991,2151828.00000000
1521640800,1521644399,0.00005991,0.00006100,0.00005918,0.00005998,1567525.00000000
1521644400,1521647999,0.00005998,0.00006071,0.00005900,0.00005965,1763495.00000000
1521648000,1521651599,0.00005984,0.00005984,0.00005729,0.00005808,1681252.00000000
1521651600,1521655199,0.00005832,0.00005920,0.00005700,0.00005799,1176249.00000000
1521655200,1521658799,0.00005799,0.00006046,0.00005757,0.00005897,641403.00000000
1521658800,1521662399,0.00005948,0.00005996,0.00005828,0.00005876,484891.00000000
1521662400,1521665999,0.00005850,0.00005877,0.00005828,0.00005850,153059.00000000
1521666000,1521669599,0.00005870,0.00006050,0.00005853,0.00006016,577904.00000000
1521669600,1521673199,0.00006008,0.00006017,0.00005864,0.00005900,1042647.00000000
1521673200,1521676799,0.00005897,0.00006058,0.00005864,0.00005908,681352.00000000
1521676800,1521680399,0.00005913,0.00005936,0.00005757,0.00005838,627101.00000000
1521680400,1521683999,0.00005879,0.00005986,0.00005850,0.00005880,460451.00000000
1521684000,1521687599,0.00005898,0.00005898,0.00005808,0.00005825,246408.00000000
1521687600,1521691199,0.00005825,0.00005986,0.00005825,0.00005986,747387.00000000
1521691200,1521694799,0.00005958,0.00006092,0.00005931,0.00006047,498285.00000000
1521694800,1521698399,0.00006047,0.00006079,0.00005944,0.00005990,285763.00000000
1521698400,1521701999,0.00005990,0.00006172,0.00005990,0.00006103,793858.00000000
1521702000,1521705599,0.00006120,0.00006211,0.00006070,0.00006078,646606.00000000
1521705600,1521709199,0.00006132,0.00006237,0.00005992,0.00006197,2035197.00000000
1521709200,1521712799,0.00006201,0.00006201,0.00006064,0.00006064,644283.00000000
1521712800,1521716399,0.00006106,0.00006120,0.00005980,0.00006103,689694.00000000
1521716400,1521719999,0.00006119,0.00006141,0.00005990,0.00006037,305418.00000000
1521720000,1521723599,0.00006035,0.00006079,0.00005973,0.00005974,395747.00000000
1521723600,1521727199,0.00005999,0.00006028,0.00005914,0.00005939,604653.00000000
1521727200,1521730799,0.00005943,0.00005952,0.00005914,0.00005915,1578595.00000000
1521730800,1521734399,0.00005915,0.00005949,0.00005914,0.00005926,925027.00000000
1521734400,1521737999,0.00005949,0.00006034,0.00005948,0.00005975,816358.00000000
1521738000,1521741599,0.00005973,0.00006025,0.00005938,0.00006025,223303.00000000
1521741600,1521745199,0.00006025,0.00006031,0.00005974,0.00006015,154531.00000000
1521745200,1521748799,0.00006015,0.00006031,0.00005960,0.00005991,190041.00000000
1521748800,1521752399,0.00005991,0.00006013,0.00005968,0.00005975,123820.00000000
1521752400,1521755999,0.00005971,0.00006050,0.00005960,0.00006050,232400.00000000
1521756000,1521759599,0.00006050,0.00006310,0.00006008,0.00006199,2400050.00000000
1521759600,1521763199,0.00006200,0.00006271,0.00006154,0.00006181,702585.00000000
1521763200,1521766799,0.00006181,0.00006278,0.00006122,0.00006183,851832.00000000
1521766800,1521770399,0.00006182,0.00006196,0.00006128,0.00006145,269586.00000000
1521770400,1521773999,0.00006178,0.00006247,0.00005950,0.00006004,956267.00000000
1521774000,1521777599,0.00006014,0.00006070,0.00006005,0.00006049,179915.00000000
1521777600,1521781199,0.00006049,0.00006097,0.00006002,0.00006014,520106.00000000
1521781200,1521784799,0.00006014,0.00006043,0.00005955,0.00005964,244584.00000000
1521784800,1521788399,0.00005988,0.00005988,0.00005914,0.00005924,551424.00000000
1521788400,1521791999,0.00005924,0.00006001,0.00005914,0.00005969,400008.00000000
1521792000,1521795599,0.00005926,0.00006024,0.00005926,0.00005980,306851.00000000
1521795600,1521799199,0.00005980,0.00006064,0.00005944,0.00006064,201166.00000000
1521799200,1521802799,0.00006065,0.00006085,0.00006004,0.00006053,279804.00000000
1521802800,1521806399,0.00006050,0.00006050,0.00006004,0.00006004,244846.00000000
1521806400,1521809999,0.00006010,0.00006055,0.00006000,0.00006028,81867.00000000
1521810000,1521813599,0.00006000,0.00006000,0.00005934,0.00005952,257032.00000000
1521813600,1521817199,0.00005985,0.00006239,0.00005953,0.00006176,703640.00000000
1521817200,1521820799,0.00006137,0.00006250,0.00006104,0.00006197,709311.00000000
1521820800,1521824399,0.00006176,0.00006385,0.00006167,0.00006324,1251008.00000000
1521824400,1521827999,0.00006322,0.00007314,0.00006301,0.00007302,7226637.00000000
1521828000,1521831599,0.00007322,0.00007530,0.00006401,0.00006729,8481730.00000000
1521831600,1521835199,0.00006728,0.00006864,0.00006500,0.00006770,1400290.00000000
1521835200,1521838799,0.00006799,0.00006830,0.00006505,0.00006626,1321306.00000000
1521838800,1521842399,0.00006621,0.00006700,0.00006500,0.00006601,902493.00000000
1521842400,1521845999,0.00006583,0.00006720,0.00006571,0.00006612,681809.00000000
1521846000,1521849599,0.00006612,0.00006669,0.00006500,0.00006562,571204.00000000
1521849600,1521853199,0.00006575,0.00007108,0.00006550,0.00007025,1979179.00000000
1521853200,1521856799,0.00007025,0.00007195,0.00006698,0.00006811,2660123.00000000
1521856800,1521860399,0.00006839,0.00006900,0.00006779,0.00006900,592728.00000000
1521860400,1521863999,0.00006900,0.00006911,0.00006743,0.00006879,764632.00000000
1521864000,1521867599,0.00006903,0.00007172,0.00006879,0.00007079,1373790.00000000
1521867600,1521871199,0.00007066,0.00007179,0.00006918,0.00007179,982055.00000000
1521871200,1521874799,0.00007179,0.00007500,0.00007004,0.00007484,2944515.00000000
1521874800,1521878399,0.00007499,0.00007780,0.00007250,0.00007350,5062764.00000000
1521878400,1521881999,0.00007322,0.00007398,0.00007110,0.00007369,1895147.00000000
1521882000,1521885599,0.00007369,0.00007500,0.00007200,0.00007472,1477829.00000000
1521885600,1521889199,0.00007500,0.00007638,0.00007150,0.00007200,1645657.00000000
1521889200,1521892799,0.00007200,0.00007371,0.00007200,0.00007271,585295.00000000
1521892800,1521896399,0.00007240,0.00007240,0.00006977,0.00007124,1422537.00000000
1521896400,1521899999,0.00007124,0.00007156,0.00006993,0.00007079,893951.00000000
1521900000,1521903599,0.00007102,0.00007500,0.00007068,0.00007353,2807669.00000000
1521903600,1521907199,0.00007353,0.00007430,0.00007130,0.00007260,818931.00000000
1521907200,1521910799,0.00007293,0.00007311,0.00007033,0.00007127,777141.00000000
1521910800,1521914399,0.00007129,0.00007171,0.00006845,0.00007002,1388753.00000000
1521914400,1521917999,0.00007002,0.00007108,0.00006968,0.00007053,794456.00000000
1521918000,1521921599,0.00007067,0.00007227,0.00007023,0.00007199,892880.00000000
1521921600,1521925199,0.00007199,0.00007224,0.00007044,0.00007049,918198.00000000
1521925200,1521928799,0.00007064,0.00007161,0.00006799,0.00006841,1865256.00000000
1521928800,1521932399,0.00006868,0.00006923,0.00006748,0.00006854,851586.00000000
1521932400,1521935999,0.00006804,0.00006888,0.00006748,0.00006848,377444.00000000
1521936000,1521939599,0.00006848,0.00006986,0.00006809,0.00006922,259023.00000000
1521939600,1521943199,0.00006926,0.00006944,0.00006857,0.00006920,206471.00000000
1521943200,1521946799,0.00006920,0.00007000,0.00006882,0.00006899,255975.00000000
1521946800,1521950399,0.00006883,0.00006933,0.00006800,0.00006808,393862.00000000
1521950400,1521953999,0.00006808,0.00006858,0.00006743,0.00006769,404900.00000000
1521954000,1521957599,0.00006766,0.00006903,0.00006600,0.00006831,633246.00000000
1521957600,1521961199,0.00006831,0.00006899,0.00006788,0.00006848,196939.00000000
1521961200,1521964799,0.00006789,0.00006831,0.00006626,0.00006749,552371.00000000
1521964800,1521968399,0.00006777,0.00006863,0.00006750,0.00006863,289188.00000000
1521968400,1521971999,0.00006863,0.00006928,0.00006824,0.00006864,298805.00000000
1521972000,1521975599,0.00006884,0.00006914,0.00006816,0.00006821,436599.00000000
1521975600,1521979199,0.00006821,0.00006843,0.00006784,0.00006825,95583.00000000
1521979200,1521982799,0.00006807,0.00006848,0.00006773,0.00006826,180630.00000000
1521982800,1521986399,0.00006847,0.00007084,0.00006825,0.00006993,533950.00000000
1521986400,1521989999,0.00006994,0.00007170,0.00006947,0.00007167,1396413.00000000
1521990000,1521993599,0.00007149,0.00007198,0.00006958,0.00006986,721286.00000000
1521993600,1521997199,0.00006961,0.00007027,0.00006913,0.00006991,216133.00000000
1521997200,1522000799,0.00006961,0.00007198,0.00006910,0.00007198,517289.00000000
1522000800,1522004399,0.00007180,0.00007180,0.00007060,0.00007100,450561.00000000
1522004400,1522007999,0.00007080,0.00007124,0.00007021,0.00007064,321704.00000000
1522008000,1522011599,0.00007065,0.00007100,0.00006911,0.00007010,363481.00000000
1522011600,1522015199,0.00007031,0.00007088,0.00007002,0.00007019,199836.00000000
1522015200,1522018799,0.00007044,0.00007350,0.00006989,0.00007072,1017705.00000000
1522018800,1522022399,0.00007090,0.00007197,0.00006985,0.00007082,341962.00000000
1522022400,1522025999,0.00007119,0.00007125,0.00006992,0.00007058,304079.00000000
1522026000,1522029599,0.00007057,0.00007057,0.00006980,0.00006999,445552.00000000
1522029600,1522033199,0.00006980,0.00007031,0.00006905,0.00006925,139895.00000000
1522033200,1522036799,0.00006911,0.00007000,0.00006835,0.00006980,1250691.00000000
1522036800,1522040399,0.00006995,0.00007141,0.00006965,0.00007067,603829.00000000
1522040400,1522043999,0.00007093,0.00007153,0.00007044,0.00007098,147582.00000000
1522044000,1522047599,0.00007098,0.00007114,0.00007000,0.00007045,276504.00000000
1522047600,1522051199,0.00007055,0.00007074,0.00007022,0.00007035,113410.00000000
1522051200,1522054799,0.00007036,0.00007170,0.00007019,0.00007019,363595.00000000
1522054800,1522058399,0.00007016,0.00007022,0.00006808,0.00006900,507078.00000000
1522058400,1522061999,0.00006851,0.00007100,0.00006800,0.00007100,1140205.00000000
1522062000,1522065599,0.00007041,0.00007112,0.00006652,0.00006798,1554510.00000000
1522065600,1522069199,0.00006798,0.00006843,0.00006660,0.00006762,659863.00000000
1522069200,1522072799,0.00006763,0.00006799,0.00006660,0.00006690,404380.00000000
1522072800,1522076399,0.00006712,0.00006743,0.00006500,0.00006596,485063.00000000
1522076400,1522079999,0.00006596,0.00006649,0.00006500,0.00006600,747259.00000000
1522080000,1522083599,0.00006582,0.00006600,0.00006523,0.00006586,128334.00000000
1522083600,1522087199,0.00006586,0.00006596,0.00006418,0.00006501,659795.00000000
1522087200,1522090799,0.00006501,0.00006579,0.00006419,0.00006546,342158.00000000
1522090800,1522094399,0.00006535,0.00006624,0.00006401,0.00006495,983101.00000000
1522094400,1522097999,0.00006531,0.00006620,0.00006464,0.00006557,321541.00000000
1522098000,1522101599,0.00006532,0.00006688,0.00006489,0.00006643,331172.00000000
1522101600,1522105199,0.00006617,0.00006947,0.00006559,0.00006907,692152.00000000
1522105200,1522108799,0.00006929,0.00006999,0.00006805,0.00006870,512071.00000000
1522108800,1522112399,0.00006868,0.00006919,0.00006747,0.00006885,326505.00000000
1522112400,1522115999,0.00006900,0.00006950,0.00006800,0.00006892,353774.00000000
1522116000,1522119599,0.00006850,0.00006850,0.00006620,0.00006747,304322.00000000
1522119600,1522123199,0.00006786,0.00006825,0.00006674,0.00006825,122524.00000000
1522123200,1522126799,0.00006824,0.00006850,0.00006710,0.00006785,185408.00000000
1522126800,1522130399,0.00006785,0.00006841,0.00006659,0.00006829,301104.00000000
1522130400,1522133999,0.00006845,0.00006851,0.00006761,0.00006770,172318.00000000
1522134000,1522137599,0.00006808,0.00006878,0.00006761,0.00006838,169576.00000000
1522137600,1522141199,0.00006803,0.00006831,0.00006637,0.00006831,363516.00000000
1522141200,1522144799,0.00006843,0.00006900,0.00006823,0.00006865,171953.00000000
1522144800,1522148399,0.00006878,0.00006910,0.00006786,0.00006850,282631.00000000
1522148400,1522151999,0.00006854,0.00006900,0.00006766,0.00006814,158754.00000000
1522152000,1522155599,0.00006819,0.00007110,0.00006785,0.00007106,586377.00000000
1522155600,1522159199,0.00007111,0.00007214,0.00007036,0.00007089,815463.00000000
1522159200,1522162799,0.00007089,0.00007555,0.00007046,0.00007333,2720515.00000000
1522162800,1522166399,0.00007348,0.00007500,0.00007196,0.00007292,696192.00000000
1522166400,1522169999,0.00007272,0.00007321,0.00007049,0.00007227,835028.00000000
1522170000,1522173599,0.00007223,0.00007300,0.00007068,0.00007195,608312.00000000
1522173600,1522177199,0.00007265,0.00007450,0.00007070,0.00007160,1102572.00000000
1522177200,1522180799,0.00007127,0.00007232,0.00007000,0.00007085,888630.00000000
1522180800,1522184399,0.00007015,0.00007230,0.00007014,0.00007182,361684.00000000
1522184400,1522187999,0.00007192,0.00007224,0.00007112,0.00007201,382985.00000000
1522188000,1522191599,0.00007227,0.00007235,0.00007109,0.00007114,361695.00000000
1522191600,1522195199,0.00007113,0.00007154,0.00007041,0.00007041,282473.00000000
1522195200,1522198799,0.00007066,0.00007097,0.00006928,0.00007041,467263.00000000
1522198800,1522202399,0.00007017,0.00007100,0.00007009,0.00007065,305428.00000000
1522202400,1522205999,0.00007059,0.00007185,0.00007059,0.00007141,391718.00000000
1522206000,1522209599,0.00007115,0.00007148,0.00007048,0.00007075,442871.00000000
1522209600,1522213199,0.00007069,0.00007140,0.00007000,0.00007095,412836.00000000
1522213200,1522216799,0.00007095,0.00007229,0.00007081,0.00007159,622156.00000000
1522216800,1522220399,0.00007147,0.00007154,0.00007076,0.00007124,227478.00000000
1522220400,1522223999,0.00007124,0.00007133,0.00007025,0.00007064,373823.00000000
1522224000,1522227599,0.00007070,0.00007128,0.00007061,0.00007090,474386.00000000
1522227600,1522231199,0.00007093,0.00007280,0.00007088,0.00007190,615488.00000000
1522231200,1522234799,0.00007201,0.00007275,0.00007145,0.00007219,403594.00000000
1522234800,1522238399,0.00007224,0.00007299,0.00007188,0.00007258,318602.00000000
1522238400,1522241999,0.00007266,0.00007332,0.00007188,0.00007263,376769.00000000
1522242000,1522245599,0.00007287,0.00007329,0.00007188,0.00007250,344960.00000000
1522245600,1522249199,0.00007237,0.00007250,0.00007131,0.00007220,491746.00000000
1522249200,1522252799,0.00007216,0.00007317,0.00007194,0.00007261,672050.00000000
1522252800,1522256399,0.00007253,0.00007263,0.00007120,0.00007240,494278.00000000
1522256400,1522259999,0.00007213,0.00007264,0.00007195,0.00007250,555095.00000000
1522260000,1522263599,0.00007251,0.00007330,0.00007150,0.00007268,1163572.00000000
1522263600,1522267199,0.00007281,0.00007447,0.00007267,0.00007385,479714.00000000
1522267200,1522270799,0.00007367,0.00007420,0.00007281,0.00007385,367989.00000000
1522270800,1522274399,0.00007370,0.00007404,0.00007303,0.00007374,247124.00000000
1522274400,1522277999,0.00007373,0.00007498,0.00007340,0.00007413,547556.00000000
1522278000,1522281599,0.00007415,0.00007499,0.00007406,0.00007473,536148.00000000
1522281600,1522285199,0.00007465,0.00007566,0.00007418,0.00007499,679096.00000000
1522285200,1522288799,0.00007496,0.00007500,0.00007460,0.00007478,207522.00000000
1522288800,1522292399,0.00007487,0.00007512,0.00007422,0.00007422,183871.00000000
1522292400,1522295999,0.00007421,0.00007479,0.00007332,0.00007463,447673.00000000
1522296000,1522299599,0.00007461,0.00007543,0.00007298,0.00007327,717235.00000000
1522299600,1522303199,0.00007346,0.00007427,0.00007305,0.00007374,354180.00000000
1522303200,1522306799,0.00007394,0.00007500,0.00007338,0.00007470,519686.00000000
1522306800,1522310399,0.00007464,0.00007483,0.00007321,0.00007361,348131.00000000
1522310400,1522313999,0.00007361,0.00007426,0.00007315,0.00007339,393838.00000000
1522314000,1522317599,0.00007360,0.00007427,0.00007324,0.00007418,294608.00000000
1522317600,1522321199,0.00007415,0.00007450,0.00007360,0.00007373,308979.00000000
1522321200,1522324799,0.00007363,0.00007433,0.00007252,0.00007267,433748.00000000
1522324800,1522328399,0.00007250,0.00007396,0.00007189,0.00007356,345148.00000000
1522328400,1522331999,0.00007367,0.00007545,0.00007351,0.00007387,595204.00000000
1522332000,1522335599,0.00007386,0.00007448,0.00007244,0.00007298,909477.00000000
1522335600,1522339199,0.00007284,0.00007489,0.00007268,0.00007454,672752.00000000
1522339200,1522342799,0.00007470,0.00007575,0.00007290,0.00007483,965000.00000000
1522342800,1522346399,0.00007465,0.00007594,0.00007359,0.00007465,721574.00000000
1522346400,1522349999,0.00007489,0.00007550,0.00007428,0.00007430,317430.00000000
1522350000,1522353599,0.00007431,0.00007530,0.00007354,0.00007386,296160.00000000
1522353600,1522357199,0.00007357,0.00007386,0.00007280,0.00007301,394103.00000000
1522357200,1522360799,0.00007300,0.00007392,0.00007120,0.00007232,701968.00000000
1522360800,1522364399,0.00007218,0.00007343,0.00007192,0.00007320,584442.00000000
1522364400,1522367999,0.00007320,0.00007366,0.00007238,0.00007238,492623.00000000
1522368000,1522371599,0.00007276,0.00007339,0.00007120,0.00007171,521494.00000000
1522371600,1522375199,0.00007205,0.00007205,0.00006748,0.00006800,4669858.00000000
1522375200,1522378799,0.00006800,0.00006957,0.00006700,0.00006941,2683602.00000000
1522378800,1522382399,0.00006951,0.00006951,0.00006869,0.00006913,373185.00000000
1522382400,1522385999,0.00006900,0.00006920,0.00006800,0.00006849,621340.00000000
1522386000,1522389599,0.00006834,0.00007005,0.00006834,0.00006968,705916.00000000
1522389600,1522393199,0.00006961,0.00007050,0.00006942,0.00007008,970970.00000000
1522393200,1522396799,0.00007010,0.00007033,0.00006912,0.00006974,1000612.00000000
1522396800,1522400399,0.00006959,0.00007033,0.00006816,0.00007026,441876.00000000
1522400400,1522403999,0.00007029,0.00007132,0.00006913,0.00006934,568185.00000000
1522404000,1522407599,0.00006931,0.00006983,0.00006900,0.00006941,171005.00000000
1522407600,1522411199,0.00006952,0.00007613,0.00006778,0.00007030,5249478.00000000
1522411200,1522414799,0.00007038,0.00007087,0.00007000,0.00007007,345806.00000000
1522414800,1522418399,0.00007014,0.00007037,0.00006921,0.00006957,460601.00000000
1522418400,1522421999,0.00006938,0.00007053,0.00006920,0.00007038,599179.00000000
1522422000,1522425599,0.00007051,0.00007051,0.00006846,0.00006917,673052.00000000
1522425600,1522429199,0.00006923,0.00006994,0.00006884,0.00006949,285082.00000000
1522429200,1522432799,0.00006949,0.00006978,0.00006879,0.00006911,147785.00000000
1522432800,1522436399,0.00006929,0.00006944,0.00006878,0.00006889,119283.00000000
1522436400,1522439999,0.00006904,0.00006962,0.00006859,0.00006862,416404.00000000
1522440000,1522443599,0.00006878,0.00006919,0.00006853,0.00006885,297294.00000000
1522443600,1522447199,0.00006886,0.00006911,0.00006840,0.00006858,210028.00000000
1522447200,1522450799,0.00006838,0.00006844,0.00006778,0.00006832,334429.00000000
1522450800,1522454399,0.00006834,0.00006859,0.00006700,0.00006737,739126.00000000
1522454400,1522457999,0.00006720,0.00006778,0.00006709,0.00006734,411066.00000000
1522458000,1522461599,0.00006719,0.00006800,0.00006711,0.00006713,658804.00000000
1522461600,1522465199,0.00006740,0.00006775,0.00006711,0.00006733,448647.00000000
1522465200,1522468799,0.00006733,0.00006780,0.00006733,0.00006738,432926.00000000
1522468800,1522472399,0.00006752,0.00006779,0.00006709,0.00006709,241588.00000000
1522472400,1522475999,0.00006710,0.00006757,0.00006676,0.00006731,426184.00000000
1522476000,1522479599,0.00006682,0.00006735,0.00006682,0.00006722,229376.00000000
1522479600,1522483199,0.00006718,0.00006792,0.00006713,0.00006731,144575.00000000
1522483200,1522486799,0.00006750,0.00006767,0.00006600,0.00006756,1489588.00000000
1522486800,1522490399,0.00006755,0.00006756,0.00006707,0.00006744,97179.00000000
1522490400,1522493999,0.00006744,0.00006784,0.00006726,0.00006762,53483.00000000
1522494000,1522497599,0.00006771,0.00006850,0.00006746,0.00006795,330549.00000000
1522497600,1522501199,0.00006816,0.00006883,0.00006732,0.00006798,620188.00000000
1522501200,1522504799,0.00006794,0.00006831,0.00006751,0.00006791,191889.00000000
1522504800,1522508399,0.00006777,0.00006845,0.00006700,0.00006712,292957.00000000
1522508400,1522511999,0.00006725,0.00006744,0.00006608,0.00006688,510285.00000000
1522512000,1522515599,0.00006723,0.00006798,0.00006608,0.00006798,361014.00000000
1522515600,1522519199,0.00006751,0.00006873,0.00006750,0.00006814,244726.00000000
1522519200,1522522799,0.00006782,0.00006820,0.00006750,0.00006778,143478.00000000
1522522800,1522526399,0.00006778,0.00006800,0.00006753,0.00006783,59989.00000000
1522526400,1522529999,0.00006775,0.00006800,0.00006732,0.00006732,240975.00000000
1522530000,1522533599,0.00006732,0.00006732,0.00006636,0.00006722,168633.00000000
1522533600,1522537199,0.00006655,0.00006726,0.00006620,0.00006726,138666.00000000
1522537200,1522540799,0.00006726,0.00006732,0.00006600,0.00006634,238229.00000000
1522540800,1522544399,0.00006620,0.00006675,0.00006605,0.00006638,318065.00000000
1522544400,1522547999,0.00006623,0.00006675,0.00006600,0.00006634,5117393.00000000
1522548000,1522551599,0.00006634,0.00006671,0.00006549,0.00006629,159503.00000000
1522551600,1522555199,0.00006629,0.00006629,0.00006500,0.00006559,275607.00000000
1522555200,1522558799,0.00006603,0.00006639,0.00006559,0.00006582,144198.00000000
1522558800,1522562399,0.00006570,0.00006623,0.00006546,0.00006565,35286.00000000
1522562400,1522565999,0.00006612,0.00006624,0.00006563,0.00006608,84634.00000000
1522566000,1522569599,0.00006606,0.00006607,0.00006500,0.00006500,270655.00000000
1522569600,1522573199,0.00006505,0.00006572,0.00006500,0.00006505,277174.00000000
1522573200,1522576799,0.00006540,0.00006565,0.00006438,0.00006445,300678.00000000
1522576800,1522580399,0.00006516,0.00006547,0.00006311,0.00006402,783828.00000000
1522580400,1522583999,0.00006394,0.00006471,0.00006394,0.00006434,124634.00000000
1522584000,1522587599,0.00006419,0.00006499,0.00006359,0.00006421,489914.00000000
1522587600,1522591199,0.00006500,0.00006500,0.00006322,0.00006396,318226.00000000
1522591200,1522594799,0.00006352,0.00006389,0.00006162,0.00006221,689933.00000000
1522594800,1522598399,0.00006230,0.00006290,0.00006162,0.00006234,470271.00000000
1522598400,1522601999,0.00006261,0.00006648,0.00006234,0.00006606,769735.00000000
1522602000,1522605599,0.00006606,0.00006710,0.00006539,0.00006630,555291.00000000
1522605600,1522609199,0.00006630,0.00006653,0.00006494,0.00006516,200992.00000000
1522609200,1522612799,0.00006527,0.00006608,0.00006495,0.00006601,233411.00000000
1522612800,1522616399,0.00006574,0.00006657,0.00006562,0.00006616,113189.00000000
1522616400,1522619999,0.00006618,0.00006687,0.00006571,0.00006594,131738.00000000
1522620000,1522623599,0.00006572,0.00006595,0.00006500,0.00006550,92834.00000000
1522623600,1522627199,0.00006536,0.00006681,0.00006400,0.00006458,261693.00000000
1522627200,1522630799,0.00006458,0.00006622,0.00006407,0.00006600,209412.00000000
1522630800,1522634399,0.00006600,0.00006615,0.00006503,0.00006594,99177.00000000
1522634400,1522637999,0.00006617,0.00006617,0.00006500,0.00006614,228293.00000000
1522638000,1522641599,0.00006580,0.00006615,0.00006477,0.00006551,477828.00000000
1522641600,1522645199,0.00006567,0.00006623,0.00006400,0.00006539,346270.00000000
1522645200,1522648799,0.00006523,0.00006538,0.00006400,0.00006485,321402.00000000
1522648800,1522652399,0.00006485,0.00006588,0.00006484,0.00006548,202812.00000000
1522652400,1522655999,0.00006565,0.00006601,0.00006505,0.00006600,332957.00000000
1522656000,1522659599,0.00006601,0.00006601,0.00006483,0.00006517,286055.00000000
1522659600,1522663199,0.00006517,0.00006609,0.00006496,0.00006574,163553.00000000
1522663200,1522666799,0.00006559,0.00006606,0.00006525,0.00006587,172162.00000000
1522666800,1522670399,0.00006586,0.00006587,0.00006483,0.00006511,298773.00000000
1522670400,1522673999,0.00006510,0.00006599,0.00006485,0.00006599,210741.00000000
1522674000,1522677599,0.00006581,0.00006950,0.00006561,0.00006920,1297098.00000000
1522677600,1522681199,0.00006915,0.00007350,0.00006835,0.00006922,2723539.00000000
1522681200,1522684799,0.00006973,0.00007096,0.00006791,0.00006971,1750446.00000000
1522684800,1522688399,0.00006983,0.00006983,0.00006730,0.00006824,714070.00000000
1522688400,1522691999,0.00006847,0.00007100,0.00006834,0.00007040,760743.00000000
1522692000,1522695599,0.00007063,0.00007084,0.00006970,0.00007019,463182.00000000
1522695600,1522699199,0.00006985,0.00007040,0.00006956,0.00007030,288800.00000000
1522699200,1522702799,0.00007030,0.00007059,0.00006925,0.00006994,411122.00000000
1522702800,1522706399,0.00006998,0.00007095,0.00006955,0.00006980,313384.00000000
1522706400,1522709999,0.00006983,0.00007017,0.00006867,0.00006996,297684.00000000
1522710000,1522713599,0.00007022,0.00007022,0.00006933,0.00006981,273799.00000000
1522713600,1522717199,0.00006999,0.00007000,0.00006800,0.00006882,651503.00000000
1522717200,1522720799,0.00006893,0.00006893,0.00006811,0.00006824,372055.00000000
1522720800,1522724399,0.00006819,0.00006842,0.00006725,0.00006745,615220.00000000
1522724400,1522727999,0.00006757,0.00006940,0.00006753,0.00006862,1098053.00000000
1522728000,1522731599,0.00006868,0.00006929,0.00006800,0.00006901,544076.00000000
1522731600,1522735199,0.00006900,0.00006999,0.00006839,0.00006953,654489.00000000
1522735200,1522738799,0.00006958,0.00007080,0.00006926,0.00007080,624632.00000000
1522738800,1522742399,0.00007064,0.00007085,0.00006902,0.00006921,888457.00000000
1522742400,1522745999,0.00006902,0.00007079,0.00006902,0.00007048,425834.00000000
1522746000,1522749599,0.00007066,0.00007085,0.00006991,0.00007041,447630.00000000
1522749600,1522753199,0.00007041,0.00007066,0.00007000,0.00007000,680276.00000000
1522753200,1522756799,0.00007000,0.00007064,0.00006844,0.00006862,681664.00000000
1522756800,1522760399,0.00006884,0.00006949,0.00006800,0.00006814,667501.00000000
1522760400,1522763999,0.00006814,0.00006909,0.00006780,0.00006846,477488.00000000
1522764000,1522767599,0.00006874,0.00006874,0.00006805,0.00006855,371844.00000000
1522767600,1522771199,0.00006834,0.00006875,0.00006807,0.00006825,356740.00000000
1522771200,1522774799,0.00006825,0.00006857,0.00006800,0.00006817,567624.00000000
1522774800,1522778399,0.00006800,0.00006857,0.00006800,0.00006847,328430.00000000
1522778400,1522781999,0.00006847,0.00006864,0.00006815,0.00006816,468942.00000000
1522782000,1522785599,0.00006815,0.00006895,0.00006726,0.00006800,1178939.00000000
1522785600,1522789199,0.00006800,0.00006870,0.00006701,0.00006726,356027.00000000
1522789200,1522792799,0.00006774,0.00006846,0.00006743,0.00006800,233868.00000000
1522792800,1522796399,0.00006800,0.00006831,0.00006700,0.00006764,397337.00000000
1522796400,1522799999,0.00006761,0.00006787,0.00006655,0.00006666,391573.00000000
1522800000,1522803599,0.00006666,0.00006786,0.00006617,0.00006670,577167.00000000
1522803600,1522807199,0.00006668,0.00006732,0.00006617,0.00006661,411685.00000000
1522807200,1522810799,0.00006689,0.00006757,0.00006663,0.00006710,164210.00000000
1522810800,1522814399,0.00006705,0.00006750,0.00006658,0.00006713,151175.00000000
1522814400,1522817999,0.00006727,0.00006784,0.00006713,0.00006763,142692.00000000
1522818000,1522821599,0.00006764,0.00006878,0.00006763,0.00006831,405271.00000000
1522821600,1522825199,0.00006840,0.00006851,0.00006765,0.00006793,475720.00000000
1522825200,1522828799,0.00006795,0.00006851,0.00006774,0.00006826,385567.00000000
1522828800,1522832399,0.00006826,0.00006860,0.00006823,0.00006835,143332.00000000
1522832400,1522835999,0.00006841,0.00006880,0.00006700,0.00006724,530186.00000000
1522836000,1522839599,0.00006724,0.00006808,0.00006700,0.00006808,530465.00000000
1522839600,1522843199,0.00006817,0.00006817,0.00006700,0.00006725,115030.00000000
1522843200,1522846799,0.00006745,0.00006771,0.00006660,0.00006696,302195.00000000
1522846800,1522850399,0.00006728,0.00006770,0.00006706,0.00006756,193536.00000000
1522850400,1522853999,0.00006754,0.00006840,0.00006621,0.00006695,787624.00000000
1522854000,1522857599,0.00006693,0.00006752,0.00006600,0.00006691,613456.00000000
1522857600,1522861199,0.00006671,0.00007180,0.00006642,0.00006826,2247713.00000000
1522861200,1522864799,0.00006844,0.00007050,0.00006772,0.00006898,682352.00000000
1522864800,1522868399,0.00006917,0.00006917,0.00006751,0.00006765,741731.00000000
1522868400,1522871999,0.00006765,0.00006884,0.00006680,0.00006860,376050.00000000
1522872000,1522875599,0.00006839,0.00006855,0.00006733,0.00006746,274909.00000000
1522875600,1522879199,0.00006776,0.00006920,0.00006739,0.00006816,279133.00000000
1522879200,1522882799,0.00006824,0.00006891,0.00006814,0.00006842,283886.00000000
1522882800,1522886399,0.00006829,0.00006950,0.00006808,0.00006852,432266.00000000
1522886400,1522889999,0.00006852,0.00006910,0.00006815,0.00006823,364086.00000000
1522890000,1522893599,0.00006834,0.00006910,0.00006792,0.00006801,428918.00000000
1522893600,1522897199,0.00006818,0.00006850,0.00006729,0.00006732,548103.00000000
1522897200,1522900799,0.00006731,0.00006799,0.00006666,0.00006757,491210.00000000
1522900800,1522904399,0.00006751,0.00006841,0.00006717,0.00006813,357455.00000000
1522904400,1522907999,0.00006813,0.00006813,0.00006729,0.00006781,261025.00000000
1522908000,1522911599,0.00006767,0.00006850,0.00006748,0.00006808,441750.00000000
1522911600,1522915199,0.00006804,0.00006900,0.00006766,0.00006850,312925.00000000
1522915200,1522918799,0.00006837,0.00007111,0.00006802,0.00007103,1054895.00000000
1522918800,1522922399,0.00007106,0.00007420,0.00006970,0.00007128,3976364.00000000
1522922400,1522925999,0.00007115,0.00007386,0.00007002,0.00007166,1399892.00000000
1522926000,1522929599,0.00007177,0.00007780,0.00007161,0.00007537,6117547.00000000
1522929600,1522933199,0.00007538,0.00008190,0.00007432,0.00007989,11191210.00000000
1522933200,1522936799,0.00007992,0.00008800,0.00007855,0.00008005,14408566.00000000
1522936800,1522940399,0.00007999,0.00008531,0.00007854,0.00007988,8186542.00000000
1522940400,1522943999,0.00007994,0.00008070,0.00007655,0.00007874,3857310.00000000
1522944000,1522947599,0.00007859,0.00007947,0.00007516,0.00007530,3156186.00000000
1522947600,1522951199,0.00007558,0.00007847,0.00007464,0.00007495,2529266.00000000
1522951200,1522954799,0.00007500,0.00007831,0.00007481,0.00007711,1531839.00000000
1522954800,1522958399,0.00007711,0.00007800,0.00007570,0.00007570,1409446.00000000
1522958400,1522961999,0.00007600,0.00007685,0.00007550,0.00007625,1555692.00000000
1522962000,1522965599,0.00007652,0.00007700,0.00007530,0.00007539,797770.00000000
1522965600,1522969199,0.00007539,0.00007912,0.00007525,0.00007862,1924436.00000000
1522969200,1522972799,0.00007880,0.00007900,0.00007444,0.00007532,1154995.00000000
1522972800,1522976399,0.00007539,0.00007617,0.00007453,0.00007507,671403.00000000
1522976400,1522979999,0.00007503,0.00007535,0.00007395,0.00007486,568025.00000000
1522980000,1522983599,0.00007509,0.00007750,0.00007417,0.00007677,1112195.00000000
1522983600,1522987199,0.00007643,0.00007725,0.00007506,0.00007561,452232.00000000
1522987200,1522990799,0.00007571,0.00007731,0.00007546,0.00007614,467511.00000000
1522990800,1522994399,0.00007615,0.00008020,0.00007584,0.00008011,2485563.00000000
1522994400,1522997999,0.00008006,0.00008093,0.00007523,0.00007570,3063917.00000000
1522998000,1523001599,0.00007577,0.00007715,0.00007555,0.00007676,616946.00000000
1523001600,1523005199,0.00007676,0.00007676,0.00007525,0.00007526,688956.00000000
1523005200,1523008799,0.00007525,0.00007577,0.00007396,0.00007434,673556.00000000
1523008800,1523012399,0.00007429,0.00007492,0.00007311,0.00007380,902491.00000000
1523012400,1523015999,0.00007379,0.00007558,0.00007280,0.00007358,877062.00000000
1523016000,1523019599,0.00007358,0.00007379,0.00007225,0.00007355,584182.00000000
1523019600,1523023199,0.00007355,0.00007457,0.00007263,0.00007402,624740.00000000
1523023200,1523026799,0.00007390,0.00007500,0.00007389,0.00007442,247592.00000000
1523026800,1523030399,0.00007437,0.00007462,0.00007309,0.00007333,4552977.00000000
1523030400,1523033999,0.00007333,0.00007335,0.00007259,0.00007264,3861012.00000000
1523034000,1523037599,0.00007287,0.00007309,0.00007123,0.00007138,1263749.00000000
1523037600,1523041199,0.00007138,0.00007149,0.00006962,0.00007057,1780649.00000000
1523041200,1523044799,0.00007052,0.00007145,0.00007052,0.00007139,338693.00000000
1523044800,1523048399,0.00007130,0.00007134,0.00007066,0.00007086,313380.00000000
1523048400,1523051999,0.00007080,0.00007145,0.00007052,0.00007113,165423.00000000
1523052000,1523055599,0.00007086,0.00007120,0.00007072,0.00007106,147655.00000000
1523055600,1523059199,0.00007100,0.00007122,0.00007062,0.00007101,204052.00000000
1523059200,1523062799,0.00007105,0.00007120,0.00007038,0.00007090,404102.00000000
1523062800,1523066399,0.00007090,0.00007158,0.00007090,0.00007109,680228.00000000
1523066400,1523069999,0.00007132,0.00007156,0.00007096,0.00007108,356816.00000000
1523070000,1523073599,0.00007096,0.00007142,0.00007052,0.00007142,280603.00000000
1523073600,1523077199,0.00007148,0.00007150,0.00007098,0.00007123,397291.00000000
1523077200,1523080799,0.00007126,0.00007149,0.00007084,0.00007125,482332.00000000
1523080800,1523084399,0.00007123,0.00007159,0.00007095,0.00007095,2388218.00000000
1523084400,1523087999,0.00007094,0.00007159,0.00007094,0.00007159,1119469.00000000
1523088000,1523091599,0.00007159,0.00007159,0.00007075,0.00007091,690420.00000000
1523091600,1523095199,0.00007086,0.00007159,0.00007085,0.00007159,1059234.00000000
1523095200,1523098799,0.00007159,0.00007159,0.00007129,0.00007159,5463257.00000000
1523098800,1523102399,0.00007159,0.00007500,0.00007150,0.00007500,5594033.00000000
1523102400,1523105999,0.00007502,0.00007600,0.00007311,0.00007336,2578462.00000000
1523106000,1523109599,0.00007333,0.00007382,0.00007160,0.00007219,1741358.00000000
1523109600,1523113199,0.00007214,0.00007289,0.00007168,0.00007191,782096.00000000
1523113200,1523116799,0.00007201,0.00007378,0.00007188,0.00007333,899877.00000000
1523116800,1523120399,0.00007331,0.00007416,0.00007219,0.00007308,1145386.00000000
1523120400,1523123999,0.00007308,0.00007369,0.00007258,0.00007334,361984.00000000
1523124000,1523127599,0.00007322,0.00007339,0.00007251,0.00007286,191235.00000000
1523127600,1523131199,0.00007336,0.00007341,0.00007250,0.00007292,298623.00000000
1523131200,1523134799,0.00007292,0.00007346,0.00007250,0.00007335,260531.00000000
1523134800,1523138399,0.00007344,0.00007346,0.00007181,0.00007255,319638.00000000
1523138400,1523141999,0.00007255,0.00007650,0.00006962,0.00007228,3075149.00000000
1523142000,1523145599,0.00007226,0.00007254,0.00007176,0.00007219,740497.00000000
1523145600,1523149199,0.00007219,0.00007272,0.00007169,0.00007270,286916.00000000
1523149200,1523152799,0.00007270,0.00007270,0.00007196,0.00007213,220336.00000000
1523152800,1523156399,0.00007230,0.00007263,0.00007153,0.00007199,169673.00000000
1523156400,1523159999,0.00007210,0.00007226,0.00007143,0.00007192,256598.00000000
1523160000,1523163599,0.00007206,0.00007234,0.00007145,0.00007225,152033.00000000
1523163600,1523167199,0.00007225,0.00007292,0.00007161,0.00007251,314135.00000000
1523167200,1523170799,0.00007264,0.00007296,0.00007225,0.00007265,267178.00000000
1523170800,1523174399,0.00007267,0.00007302,0.00007200,0.00007245,193120.00000000
1523174400,1523177999,0.00007235,0.00007500,0.00007216,0.00007460,1330915.00000000
1523178000,1523181599,0.00007449,0.00007498,0.00007271,0.00007355,498814.00000000
1523181600,1523185199,0.00007339,0.00007420,0.00007269,0.00007356,442923.00000000
1523185200,1523188799,0.00007365,0.00007600,0.00007275,0.00007378,1349973.00000000
1523188800,1523192399,0.00007384,0.00007498,0.00007287,0.00007324,878889.00000000
1523192400,1523195999,0.00007302,0.00007430,0.00007298,0.00007384,340601.00000000
1523196000,1523199599,0.00007381,0.00007502,0.00007363,0.00007501,410347.00000000
1523199600,1523203199,0.00007504,0.00007522,0.00007280,0.00007320,681640.00000000
1523203200,1523206799,0.00007312,0.00007340,0.00007193,0.00007231,385250.00000000
1523206800,1523210399,0.00007221,0.00007270,0.00007177,0.00007270,167597.00000000
1523210400,1523213999,0.00007253,0.00007299,0.00007210,0.00007254,250263.00000000
1523214000,1523217599,0.00007247,0.00007289,0.00007215,0.00007271,85261.00000000
1523217600,1523221199,0.00007256,0.00007321,0.00007200,0.00007250,262627.00000000
1523221200,1523224799,0.00007279,0.00007315,0.00007247,0.00007286,187014.00000000
1523224800,1523228399,0.00007300,0.00007321,0.00007246,0.00007316,489915.00000000
1523228400,1523231999,0.00007327,0.00007381,0.00007303,0.00007332,287081.00000000
1523232000,1523235599,0.00007346,0.00007491,0.00007287,0.00007323,629645.00000000
1523235600,1523239199,0.00007339,0.00007384,0.00007208,0.00007349,419502.00000000
1523239200,1523242799,0.00007343,0.00007386,0.00007165,0.00007263,1032040.00000000
1523242800,1523246399,0.00007272,0.00007293,0.00007171,0.00007209,540778.00000000
1523246400,1523249999,0.00007217,0.00007217,0.00007154,0.00007174,396744.00000000
1523250000,1523253599,0.00007175,0.00007188,0.00007011,0.00007069,612801.00000000
1523253600,1523257199,0.00007067,0.00007190,0.00007067,0.00007177,585797.00000000
1523257200,1523260799,0.00007179,0.00007179,0.00007009,0.00007030,444482.00000000
1523260800,1523264399,0.00007038,0.00007038,0.00006899,0.00006899,596860.00000000
1523264400,1523267999,0.00006899,0.00006978,0.00006828,0.00006939,685772.00000000
1523268000,1523271599,0.00006947,0.00006978,0.00006750,0.00006874,557566.00000000
1523271600,1523275199,0.00006845,0.00006921,0.00006835,0.00006887,292859.00000000
1523275200,1523278799,0.00006907,0.00006964,0.00006874,0.00006938,260879.00000000
1523278800,1523282399,0.00006933,0.00006960,0.00006893,0.00006960,215873.00000000
1523282400,1523285999,0.00006922,0.00007026,0.00006909,0.00006977,183257.00000000
1523286000,1523289599,0.00006985,0.00007057,0.00006959,0.00006983,302768.00000000
1523289600,1523293199,0.00006983,0.00007012,0.00006813,0.00006943,670508.00000000
1523293200,1523296799,0.00006936,0.00007002,0.00006874,0.00006908,1090354.00000000
1523296800,1523300399,0.00006908,0.00006951,0.00006891,0.00006898,217993.00000000
1523300400,1523303999,0.00006903,0.00006929,0.00006865,0.00006915,94208.00000000
1523304000,1523307599,0.00006917,0.00006954,0.00006874,0.00006908,96665.00000000
1523307600,1523311199,0.00006929,0.00006949,0.00006870,0.00006886,252371.00000000
1523311200,1523314799,0.00006903,0.00006951,0.00006900,0.00006938,91531.00000000
1523314800,1523318399,0.00006934,0.00006954,0.00006860,0.00006933,251915.00000000
1523318400,1523321999,0.00006899,0.00006957,0.00006893,0.00006900,95173.00000000
1523322000,1523325599,0.00006900,0.00006943,0.00006893,0.00006918,181040.00000000
1523325600,1523329199,0.00006915,0.00006946,0.00006907,0.00006915,136324.00000000
1523329200,1523332799,0.00006907,0.00006913,0.00006875,0.00006883,94565.00000000
1523332800,1523336399,0.00006895,0.00006906,0.00006820,0.00006853,402999.00000000
1523336400,1523339999,0.00006845,0.00006895,0.00006808,0.00006821,300408.00000000
1523340000,1523343599,0.00006815,0.00006874,0.00006815,0.00006836,358554.00000000
1523343600,1523347199,0.00006858,0.00006915,0.00006858,0.00006915,269177.00000000
1523347200,1523350799,0.00006907,0.00006917,0.00006864,0.00006917,122062.00000000
1523350800,1523354399,0.00006915,0.00006973,0.00006915,0.00006971,354572.00000000
1523354400,1523357999,0.00006973,0.00007132,0.00006971,0.00007086,937622.00000000
1523358000,1523361599,0.00007066,0.00007099,0.00006975,0.00006988,450480.00000000
1523361600,1523365199,0.00006997,0.00007014,0.00006975,0.00007014,440713.00000000
1523365200,1523368799,0.00007020,0.00007098,0.00006988,0.00007020,240700.00000000
1523368800,1523372399,0.00007020,0.00007050,0.00006984,0.00007023,192006.00000000
1523372400,1523375999,0.00007023,0.00007133,0.00006984,0.00006994,1138763.00000000
1523376000,1523379599,0.00006995,0.00007030,0.00006920,0.00006965,302279.00000000
1523379600,1523383199,0.00006965,0.00007005,0.00006904,0.00006929,133692.00000000
1523383200,1523386799,0.00006929,0.00006965,0.00006877,0.00006947,361527.00000000
1523386800,1523390399,0.00006929,0.00007007,0.00006916,0.00006947,276698.00000000
1523390400,1523393999,0.00006957,0.00007078,0.00006957,0.00006991,413420.00000000
1523394000,1523397599,0.00006994,0.00006994,0.00006931,0.00006935,169770.00000000
1523397600,1523401199,0.00006917,0.00006950,0.00006868,0.00006892,179878.00000000
1523401200,1523404799,0.00006920,0.00006920,0.00006800,0.00006852,242063.00000000
1523404800,1523408399,0.00006873,0.00006891,0.00006800,0.00006860,203195.00000000
1523408400,1523411999,0.00006856,0.00006877,0.00006800,0.00006836,361068.00000000
1523412000,1523415599,0.00006836,0.00006900,0.00006830,0.00006875,155159.00000000
1523415600,1523419199,0.00006887,0.00006949,0.00006872,0.00006909,284885.00000000
1523419200,1523422799,0.00006892,0.00007297,0.00006888,0.00006925,887226.00000000
1523422800,1523426399,0.00006926,0.00006926,0.00006856,0.00006860,553802.00000000
1523426400,1523429999,0.00006860,0.00006930,0.00006860,0.00006915,330340.00000000
1523430000,1523433599,0.00006922,0.00006974,0.00006861,0.00006902,251495.00000000
1523433600,1523437199,0.00006903,0.00006924,0.00006851,0.00006874,384683.00000000
1523437200,1523440799,0.00006891,0.00006947,0.00006820,0.00006879,473319.00000000
1523440800,1523444399,0.00006900,0.00006942,0.00006863,0.00006916,190890.00000000
1523444400,1523447999,0.00006928,0.00007073,0.00006928,0.00006981,492508.00000000
1523448000,1523451599,0.00006982,0.00007072,0.00006982,0.00007023,510006.00000000
1523451600,1523455199,0.00007041,0.00007059,0.00006928,0.00007042,382843.00000000
1523455200,1523458799,0.00007041,0.00007240,0.00007041,0.00007108,990303.00000000
1523458800,1523462399,0.00007130,0.00007217,0.00007073,0.00007170,738052.00000000
1523462400,1523465999,0.00007217,0.00007300,0.00007144,0.00007289,571071.00000000
1523466000,1523469599,0.00007292,0.00007292,0.00007085,0.00007174,545249.00000000
1523469600,1523473199,0.00007177,0.00007296,0.00007030,0.00007039,721899.00000000
1523473200,1523476799,0.00007065,0.00007088,0.00007000,0.00007086,351911.00000000
1523476800,1523480399,0.00007066,0.00007096,0.00007016,0.00007057,194460.00000000
1523480400,1523483999,0.00007057,0.00007300,0.00007001,0.00007035,720443.00000000
1523484000,1523487599,0.00007037,0.00007064,0.00006978,0.00007027,83863.00000000
1523487600,1523491199,0.00007035,0.00007041,0.00006950,0.00006959,422615.00000000
1523491200,1523494799,0.00006986,0.00006995,0.00006886,0.00006886,863926.00000000
1523494800,1523498399,0.00006888,0.00006934,0.00006867,0.00006917,226954.00000000
1523498400,1523501999,0.00006917,0.00006963,0.00006860,0.00006897,762144.00000000
1523502000,1523505599,0.00006921,0.00006963,0.00006808,0.00006842,368827.00000000
1523505600,1523509199,0.00006840,0.00007048,0.00006840,0.00007006,745186.00000000
1523509200,1523512799,0.00007006,0.00007220,0.00007006,0.00007073,1211421.00000000
1523512800,1523516399,0.00007075,0.00007120,0.00006971,0.00006971,629383.00000000
1523516400,1523519999,0.00006971,0.00007006,0.00006915,0.00006959,746671.00000000
1523520000,1523523599,0.00006946,0.00006946,0.00006830,0.00006928,510460.00000000
1523523600,1523527199,0.00006921,0.00007078,0.00006921,0.00007002,654009.00000000
1523527200,1523530799,0.00006960,0.00007001,0.00006950,0.00006952,584867.00000000
1523530800,1523534399,0.00006952,0.00007048,0.00006748,0.00006840,2022432.00000000
1523534400,1523537999,0.00006839,0.00007000,0.00006800,0.00006882,811102.00000000
1523538000,1523541599,0.00006896,0.00007050,0.00006860,0.00006980,632035.00000000
1523541600,1523545199,0.00006981,0.00007019,0.00006841,0.00006856,806893.00000000
1523545200,1523548799,0.00006856,0.00006925,0.00006811,0.00006905,549183.00000000
1523548800,1523552399,0.00006905,0.00006969,0.00006872,0.00006966,231090.00000000
1523552400,1523555999,0.00006966,0.00007010,0.00006929,0.00006951,318174.00000000
1523556000,1523559599,0.00006957,0.00007081,0.00006951,0.00007055,209420.00000000
1523559600,1523563199,0.00007046,0.00007055,0.00006959,0.00006986,218477.00000000
1523563200,1523566799,0.00006972,0.00007013,0.00006900,0.00006935,557739.00000000
1523566800,1523570399,0.00006909,0.00006935,0.00006776,0.00006788,1025117.00000000
1523570400,1523573999,0.00006788,0.00006902,0.00006765,0.00006768,601742.00000000
1523574000,1523577599,0.00006769,0.00006946,0.00006766,0.00006846,327944.00000000
1523577600,1523581199,0.00006822,0.00006900,0.00006785,0.00006805,369861.00000000
1523581200,1523584799,0.00006828,0.00006998,0.00006767,0.00006900,986081.00000000
1523584800,1523588399,0.00006873,0.00006990,0.00006865,0.00006923,636707.00000000
1523588400,1523591999,0.00006928,0.00006992,0.00006890,0.00006939,1064329.00000000
1523592000,1523595599,0.00006952,0.00007000,0.00006875,0.00006966,900497.00000000
1523595600,1523599199,0.00006967,0.00006974,0.00006930,0.00006930,81028.00000000
1523599200,1523602799,0.00006931,0.00006952,0.00006875,0.00006911,1647048.00000000
1523602800,1523606399,0.00006936,0.00007017,0.00006879,0.00006879,818814.00000000
1523606400,1523609999,0.00006901,0.00007011,0.00006875,0.00006935,1184813.00000000
1523610000,1523613599,0.00006961,0.00007040,0.00006830,0.00006868,1952304.00000000
1523613600,1523617199,0.00006873,0.00006963,0.00006812,0.00006833,421314.00000000
1523617200,1523620799,0.00006833,0.00006950,0.00006812,0.00006927,615701.00000000
1523620800,1523624399,0.00006913,0.00007000,0.00006750,0.00006784,1192999.00000000
1523624400,1523627999,0.00006784,0.00006878,0.00006750,0.00006789,885942.00000000
1523628000,1523631599,0.00006788,0.00006872,0.00006762,0.00006831,844379.00000000
1523631600,1523635199,0.00006826,0.00007071,0.00006826,0.00007066,1044108.00000000
1523635200,1523638799,0.00007057,0.00007187,0.00006936,0.00007127,1781064.00000000
1523638800,1523642399,0.00007109,0.00008250,0.00007109,0.00007896,7948739.00000000
1523642400,1523645999,0.00007939,0.00009927,0.00007851,0.00008798,50119844.00000000
1523646000,1523649599,0.00008757,0.00009055,0.00008268,0.00008405,15405737.00000000
1523649600,1523653199,0.00008405,0.00008800,0.00008052,0.00008306,6580212.00000000
1523653200,1523656799,0.00008299,0.00008589,0.00008121,0.00008466,4595591.00000000
1523656800,1523660399,0.00008457,0.00008479,0.00008008,0.00008218,4209506.00000000
1523660400,1523663999,0.00008235,0.00008900,0.00008109,0.00008471,6860925.00000000
1523664000,1523667599,0.00008479,0.00008612,0.00008251,0.00008428,2550612.00000000
1523667600,1523671199,0.00008428,0.00008690,0.00008220,0.00008327,2146397.00000000
1523671200,1523674799,0.00008315,0.00008560,0.00008200,0.00008560,2807037.00000000
1523674800,1523678399,0.00008610,0.00008670,0.00008333,0.00008485,2497771.00000000
1523678400,1523681999,0.00008486,0.00008985,0.00008463,0.00008699,4211496.00000000
1523682000,1523685599,0.00008695,0.00008853,0.00008505,0.00008586,2505056.00000000
1523685600,1523689199,0.00008599,0.00008764,0.00008519,0.00008726,1236188.00000000
1523689200,1523692799,0.00008720,0.00009261,0.00008720,0.00008931,7419412.00000000
1523692800,1523696399,0.00008907,0.00009693,0.00008764,0.00009400,7294113.00000000
1523696400,1523699999,0.00009351,0.00009950,0.00009329,0.00009539,9116697.00000000
1523700000,1523703599,0.00009538,0.00009550,0.00009204,0.00009330,2690321.00000000
1523703600,1523707199,0.00009329,0.00009564,0.00009208,0.00009400,2044449.00000000
1523707200,1523710799,0.00009435,0.00009828,0.00009257,0.00009430,5372234.00000000
1523710800,1523714399,0.00009430,0.00009499,0.00009047,0.00009222,3832266.00000000
1523714400,1523717999,0.00009225,0.00009300,0.00009100,0.00009100,1298823.00000000
1523718000,1523721599,0.00009104,0.00009153,0.00008912,0.00009070,2924767.00000000
1523721600,1523725199,0.00009067,0.00009099,0.00008688,0.00008701,1581014.00000000
1523725200,1523728799,0.00008701,0.00008924,0.00008500,0.00008668,3554545.00000000
1523728800,1523732399,0.00008657,0.00008778,0.00008480,0.00008550,2057785.00000000
1523732400,1523735999,0.00008550,0.00008590,0.00008405,0.00008482,886438.00000000
1523736000,1523739599,0.00008498,0.00008770,0.00008481,0.00008690,1547974.00000000
1523739600,1523743199,0.00008756,0.00008756,0.00008495,0.00008499,1598004.00000000
1523743200,1523746799,0.00008499,0.00008535,0.00008400,0.00008438,652998.00000000
1523746800,1523750399,0.00008438,0.00008438,0.00008201,0.00008418,997017.00000000
1523750400,1523753999,0.00008418,0.00008500,0.00008247,0.00008299,1150083.00000000
1523754000,1523757599,0.00008282,0.00008318,0.00008111,0.00008124,1143234.00000000
1523757600,1523761199,0.00008123,0.00008379,0.00008110,0.00008254,960922.00000000
1523761200,1523764799,0.00008247,0.00008363,0.00008151,0.00008356,886365.00000000
1523764800,1523768399,0.00008364,0.00008555,0.00008306,0.00008444,1071813.00000000
1523768400,1523771999,0.00008464,0.00008558,0.00008320,0.00008359,575870.00000000
1523772000,1523775599,0.00008359,0.00008405,0.00008277,0.00008355,707245.00000000
1523775600,1523779199,0.00008368,0.00008460,0.00008332,0.00008400,743102.00000000
1523779200,1523782799,0.00008417,0.00008417,0.00008312,0.00008352,398588.00000000
1523782800,1523786399,0.00008350,0.00008350,0.00008250,0.00008321,1525510.00000000
1523786400,1523789999,0.00008321,0.00008335,0.00008250,0.00008321,732311.00000000
1523790000,1523793599,0.00008330,0.00008371,0.00008232,0.00008294,1779522.00000000
1523793600,1523797199,0.00008294,0.00008566,0.00008294,0.00008566,2003123.00000000
1523797200,1523800799,0.00008568,0.00008715,0.00008450,0.00008536,1652033.00000000
1523800800,1523804399,0.00008536,0.00008745,0.00008536,0.00008586,571240.00000000
1523804400,1523807999,0.00008591,0.00008672,0.00008394,0.00008500,1358208.00000000
1523808000,1523811599,0.00008457,0.00008706,0.00008422,0.00008522,606467.00000000
1523811600,1523815199,0.00008511,0.00008581,0.00008438,0.00008472,833551.00000000
1523815200,1523818799,0.00008483,0.00008591,0.00008400,0.00008450,967206.00000000
1523818800,1523822399,0.00008486,0.00008486,0.00008234,0.00008290,1856726.00000000
1523822400,1523825999,0.00008283,0.00008319,0.00008200,0.00008276,682525.00000000
1523826000,1523829599,0.00008270,0.00008410,0.00008251,0.00008278,405543.00000000
1523829600,1523833199,0.00008288,0.00008297,0.00008211,0.00008225,201814.00000000
1523833200,1523836799,0.00008211,0.00008260,0.00008170,0.00008173,549566.00000000
1523836800,1523840399,0.00008170,0.00008294,0.00008170,0.00008216,596183.00000000
1523840400,1523843999,0.00008212,0.00008268,0.00008170,0.00008260,230329.00000000
1523844000,1523847599,0.00008254,0.00008254,0.00008049,0.00008130,1084277.00000000
1523847600,1523851199,0.00008140,0.00008146,0.00008053,0.00008059,762926.00000000
1523851200,1523854799,0.00008054,0.00008135,0.00007961,0.00008098,996095.00000000
1523854800,1523858399,0.00008101,0.00008131,0.00007940,0.00007980,873770.00000000
1523858400,1523861999,0.00007977,0.00008010,0.00007800,0.00007949,1198208.00000000
1523862000,1523865599,0.00007949,0.00007989,0.00007802,0.00007929,561366.00000000
1523865600,1523869199,0.00007968,0.00007975,0.00007875,0.00007953,170258.00000000
1523869200,1523872799,0.00007928,0.00007976,0.00007848,0.00007909,155145.00000000
1523872800,1523876399,0.00007909,0.00007920,0.00007855,0.00007855,212488.00000000
1523876400,1523879999,0.00007855,0.00007909,0.00007790,0.00007900,489527.00000000
1523880000,1523883599,0.00007917,0.00007997,0.00007813,0.00007876,642261.00000000
1523883600,1523887199,0.00007866,0.00007956,0.00007735,0.00007899,478991.00000000
1523887200,1523890799,0.00007899,0.00007965,0.00007845,0.00007911,319920.00000000
1523890800,1523894399,0.00007911,0.00008300,0.00007880,0.00008030,1646196.00000000
1523894400,1523897999,0.00008089,0.00008248,0.00008060,0.00008200,481745.00000000
1523898000,1523901599,0.00008196,0.00008196,0.00008116,0.00008166,205851.00000000
1523901600,1523905199,0.00008165,0.00008166,0.00008050,0.00008150,382777.00000000
1523905200,1523908799,0.00008150,0.00008160,0.00008032,0.00008035,337788.00000000
1523908800,1523912399,0.00008035,0.00008077,0.00008000,0.00008077,215495.00000000
1523912400,1523915999,0.00008080,0.00008129,0.00007946,0.00007952,290935.00000000
1523916000,1523919599,0.00007954,0.00007999,0.00007946,0.00007989,162958.00000000
1523919600,1523923199,0.00007995,0.00008078,0.00007968,0.00007995,166891.00000000
1523923200,1523926799,0.00008033,0.00008067,0.00007986,0.00008050,163605.00000000
1523926800,1523930399,0.00008050,0.00008127,0.00008014,0.00008083,250068.00000000
1523930400,1523933999,0.00008056,0.00008099,0.00007894,0.00007947,522368.00000000
1523934000,1523937599,0.00007921,0.00008030,0.00007919,0.00008001,384524.00000000
1523937600,1523941199,0.00008034,0.00008063,0.00007972,0.00008024,846203.00000000
1523941200,1523944799,0.00008028,0.00008036,0.00007900,0.00007965,789969.00000000
1523944800,1523948399,0.00007962,0.00008100,0.00007958,0.00008075,683546.00000000
1523948400,1523951999,0.00008075,0.00008374,0.00008061,0.00008204,2041472.00000000
1523952000,1523955599,0.00008229,0.00008432,0.00008172,0.00008217,1491116.00000000
1523955600,1523959199,0.00008215,0.00008500,0.00008199,0.00008449,988834.00000000
1523959200,1523962799,0.00008482,0.00008499,0.00008287,0.00008371,301262.00000000
1523962800,1523966399,0.00008375,0.00008450,0.00008239,0.00008257,1058006.00000000
1523966400,1523969999,0.00008277,0.00008349,0.00008100,0.00008192,1107087.00000000
1523970000,1523973599,0.00008208,0.00008495,0.00008207,0.00008371,754250.00000000
1523973600,1523977199,0.00008376,0.00008490,0.00008173,0.00008249,1421348.00000000
1523977200,1523980799,0.00008246,0.00008322,0.00008128,0.00008270,704949.00000000
1523980800,1523984399,0.00008256,0.00008328,0.00008186,0.00008257,784462.00000000
1523984400,1523987999,0.00008264,0.00008303,0.00008260,0.00008300,240739.00000000
1523988000,1523991599,0.00008312,0.00008555,0.00008275,0.00008277,1142877.00000000
1523991600,1523995199,0.00008296,0.00008323,0.00007878,0.00008191,1159932.00000000
1523995200,1523998799,0.00008182,0.00008294,0.00008158,0.00008284,200976.00000000
1523998800,1524002399,0.00008282,0.00008510,0.00008045,0.00008181,1231982.00000000
1524002400,1524005999,0.00008180,0.00008233,0.00008128,0.00008145,303584.00000000
1524006000,1524009599,0.00008147,0.00008197,0.00007960,0.00008163,699724.00000000
1524009600,1524013199,0.00008163,0.00008202,0.00008148,0.00008190,87104.00000000
1524013200,1524016799,0.00008198,0.00008201,0.00008101,0.00008175,196485.00000000
1524016800,1524020399,0.00008169,0.00008241,0.00008122,0.00008224,157586.00000000
1524020400,1524023999,0.00008224,0.00008249,0.00008188,0.00008216,203876.00000000
1524024000,1524027599,0.00008216,0.00008224,0.00008167,0.00008199,215768.00000000
1524027600,1524031199,0.00008203,0.00008362,0.00008168,0.00008325,569942.00000000
1524031200,1524034799,0.00008334,0.00008419,0.00008280,0.00008370,281924.00000000
1524034800,1524038399,0.00008370,0.00008500,0.00008370,0.00008477,1215525.00000000
1524038400,1524041999,0.00008477,0.00008481,0.00008257,0.00008357,517051.00000000
1524042000,1524045599,0.00008359,0.00008721,0.00008340,0.00008553,1734012.00000000
1524045600,1524049199,0.00008576,0.00008922,0.00008576,0.00008834,1401662.00000000
1524049200,1524052799,0.00008833,0.00008992,0.00008641,0.00008744,1125157.00000000
1524052800,1524056399,0.00008762,0.00008999,0.00008684,0.00008684,1001377.00000000
1524056400,1524059999,0.00008684,0.00008793,0.00008608,0.00008763,416025.00000000
1524060000,1524063599,0.00008763,0.00008851,0.00008701,0.00008779,823040.00000000
1524063600,1524067199,0.00008705,0.00008939,0.00008660,0.00008760,479115.00000000
1524067200,1524070799,0.00008774,0.00008799,0.00008653,0.00008707,561105.00000000
1524070800,1524074399,0.00008710,0.00008750,0.00008557,0.00008606,1284744.00000000
1524074400,1524077999,0.00008605,0.00008707,0.00008532,0.00008626,555438.00000000
1524078000,1524081599,0.00008635,0.00008703,0.00008597,0.00008658,186515.00000000
1524081600,1524085199,0.00008666,0.00008701,0.00008558,0.00008605,366043.00000000
1524085200,1524088799,0.00008594,0.00008630,0.00008461,0.00008586,681018.00000000
1524088800,1524092399,0.00008586,0.00008623,0.00008497,0.00008508,451564.00000000
1524092400,1524095999,0.00008508,0.00008594,0.00008508,0.00008530,131167.00000000
1524096000,1524099599,0.00008508,0.00008570,0.00008453,0.00008542,342514.00000000
1524099600,1524103199,0.00008517,0.00008609,0.00008506,0.00008541,375891.00000000
1524103200,1524106799,0.00008549,0.00008652,0.00008458,0.00008550,964891.00000000
1524106800,1524110399,0.00008550,0.00008618,0.00008484,0.00008516,540030.00000000
1524110400,1524113999,0.00008509,0.00008567,0.00008460,0.00008500,511963.00000000
1524114000,1524117599,0.00008501,0.00008566,0.00008466,0.00008493,270565.00000000
1524117600,1524121199,0.00008493,0.00008534,0.00008321,0.00008494,1044446.00000000
1524121200,1524124799,0.00008524,0.00008646,0.00008514,0.00008586,476280.00000000
1524124800,1524128399,0.00008592,0.00008597,0.00008461,0.00008563,354925.00000000
1524128400,1524131999,0.00008564,0.00008630,0.00008496,0.00008505,403978.00000000
1524132000,1524135599,0.00008490,0.00008563,0.00008450,0.00008489,311424.00000000
1524135600,1524139199,0.00008489,0.00008576,0.00008486,0.00008500,538964.00000000
1524139200,1524142799,0.00008510,0.00008573,0.00008461,0.00008487,406183.00000000
1524142800,1524146399,0.00008481,0.00008500,0.00008400,0.00008438,453399.00000000
1524146400,1524149999,0.00008432,0.00008451,0.00008372,0.00008402,308647.00000000
1524150000,1524153599,0.00008392,0.00009088,0.00008300,0.00009013,3021098.00000000
1524153600,1524157199,0.00009023,0.00009023,0.00008477,0.00008569,1355577.00000000
1524157200,1524160799,0.00008570,0.00008600,0.00008403,0.00008519,404987.00000000
1524160800,1524164399,0.00008519,0.00008651,0.00008435,0.00008614,654287.00000000
1524164400,1524167999,0.00008613,0.00008658,0.00008352,0.00008505,939214.00000000
1524168000,1524171599,0.00008496,0.00008660,0.00008433,0.00008578,313048.00000000
1524171600,1524175199,0.00008578,0.00008579,0.00008409,0.00008427,240785.00000000
1524175200,1524178799,0.00008427,0.00008427,0.00008300,0.00008367,244150.00000000
1524178800,1524182399,0.00008367,0.00008400,0.00008250,0.00008343,709306.00000000
1524182400,1524185999,0.00008353,0.00008378,0.00008251,0.00008251,525965.00000000
1524186000,1524189599,0.00008256,0.00008300,0.00008023,0.00008170,1171626.00000000
1524189600,1524193199,0.00008160,0.00008378,0.00008077,0.00008311,500565.00000000
1524193200,1524196799,0.00008297,0.00008355,0.00008227,0.00008297,357345.00000000
1524196800,1524200399,0.00008313,0.00008316,0.00008080,0.00008124,975698.00000000
1524200400,1524203999,0.00008135,0.00008180,0.00008019,0.00008158,609230.00000000
1524204000,1524207599,0.00008169,0.00008257,0.00007930,0.00008097,1142039.00000000
1524207600,1524211199,0.00008096,0.00008140,0.00007950,0.00008101,549456.00000000
1524211200,1524214799,0.00008106,0.00008229,0.00008044,0.00008208,327066.00000000
1524214800,1524218399,0.00008228,0.00008242,0.00008158,0.00008182,310217.00000000
1524218400,1524221999,0.00008182,0.00008199,0.00008025,0.00008069,229301.00000000
1524222000,1524225599,0.00008071,0.00008171,0.00008059,0.00008070,539428.00000000
1524225600,1524229199,0.00008051,0.00008100,0.00008024,0.00008078,466117.00000000
1524229200,1524232799,0.00008088,0.00008147,0.00008057,0.00008147,473882.00000000
1524232800,1524236399,0.00008131,0.00008201,0.00008041,0.00008182,670642.00000000
1524236400,1524239999,0.00008178,0.00008375,0.00008075,0.00008257,881352.00000000
1524240000,1524243599,0.00008269,0.00008551,0.00008192,0.00008461,1155823.00000000
1524243600,1524247199,0.00008461,0.00008496,0.00008360,0.00008488,800712.00000000
1524247200,1524250799,0.00008499,0.00008583,0.00008359,0.00008420,660567.00000000
1524250800,1524254399,0.00008441,0.00008441,0.00008304,0.00008345,495044.00000000
1524254400,1524257999,0.00008345,0.00008402,0.00008299,0.00008354,329907.00000000
1524258000,1524261599,0.00008394,0.00008500,0.00008290,0.00008414,390628.00000000
1524261600,1524265199,0.00008381,0.00008411,0.00008147,0.00008237,516849.00000000
1524265200,1524268799,0.00008166,0.00008223,0.00008031,0.00008075,672326.00000000
1524268800,1524272399,0.00008145,0.00008147,0.00008031,0.00008116,712573.00000000
1524272400,1524275999,0.00008127,0.00008252,0.00008078,0.00008160,979456.00000000
1524276000,1524279599,0.00008143,0.00008151,0.00008050,0.00008090,497919.00000000
1524279600,1524283199,0.00008090,0.00008114,0.00007894,0.00007947,1332986.00000000
1524283200,1524286799,0.00007939,0.00008053,0.00007694,0.00007947,1362595.00000000
1524286800,1524290399,0.00007939,0.00008131,0.00007830,0.00008126,1070769.00000000
1524290400,1524293999,0.00008133,0.00008459,0.00007941,0.00008310,1649134.00000000
1524294000,1524297599,0.00008310,0.00008779,0.00008310,0.00008680,4562062.00000000
1524297600,1524301199,0.00008681,0.00009090,0.00008501,0.00008706,5356559.00000000
1524301200,1524304799,0.00008706,0.00008911,0.00008200,0.00008668,2844567.00000000
1524304800,1524308399,0.00008685,0.00008788,0.00008500,0.00008687,893474.00000000
1524308400,1524311999,0.00008689,0.00008715,0.00008135,0.00008615,2590834.00000000
1524312000,1524315599,0.00008618,0.00009000,0.00008598,0.00008973,3738510.00000000
1524315600,1524319199,0.00008960,0.00009000,0.00008590,0.00008761,3047957.00000000
1524319200,1524322799,0.00008761,0.00008870,0.00008632,0.00008657,792870.00000000
1524322800,1524326399,0.00008657,0.00008711,0.00008569,0.00008569,1117815.00000000
1524326400,1524329999,0.00008566,0.00008568,0.00008345,0.00008421,1421067.00000000
1524330000,1524333599,0.00008427,0.00008517,0.00008247,0.00008291,3229679.00000000
1524333600,1524337199,0.00008291,0.00008379,0.00008245,0.00008305,446014.00000000
1524337200,1524340799,0.00008314,0.00008468,0.00008241,0.00008394,274958.00000000
1524340800,1524344399,0.00008407,0.00008558,0.00008374,0.00008444,1357976.00000000
1524344400,1524347999,0.00008431,0.00008600,0.00008431,0.00008555,770352.00000000
1524348000,1524351599,0.00008549,0.00008572,0.00008373,0.00008409,614646.00000000
1524351600,1524355199,0.00008416,0.00008484,0.00008284,0.00008389,636400.00000000
1524355200,1524358799,0.00008382,0.00008980,0.00008382,0.00008980,2785113.00000000
1524358800,1524362399,0.00008984,0.00008994,0.00008409,0.00008526,2083674.00000000
1524362400,1524365999,0.00008519,0.00008559,0.00008285,0.00008504,1857392.00000000
1524366000,1524369599,0.00008509,0.00008659,0.00008432,0.00008659,1291545.00000000
1524369600,1524373199,0.00008663,0.00008663,0.00008250,0.00008358,2350952.00000000
1524373200,1524376799,0.00008357,0.00008759,0.00008280,0.00008695,1158239.00000000
1524376800,1524380399,0.00008696,0.00008899,0.00008644,0.00008667,1342796.00000000
1524380400,1524383999,0.00008661,0.00008788,0.00008583,0.00008616,1242634.00000000
1524384000,1524387599,0.00008603,0.00008700,0.00008470,0.00008480,681017.00000000
1524387600,1524391199,0.00008473,0.00008774,0.00008471,0.00008581,889763.00000000
1524391200,1524394799,0.00008581,0.00008666,0.00008493,0.00008546,1539306.00000000
1524394800,1524398399,0.00008556,0.00008614,0.00008465,0.00008478,897816.00000000
1524398400,1524401999,0.00008481,0.00008700,0.00008412,0.00008629,456705.00000000
1524402000,1524405599,0.00008642,0.00008657,0.00008438,0.00008502,702292.00000000
1524405600,1524409199,0.00008516,0.00008579,0.00008200,0.00008424,1734642.00000000
1524409200,1524412799,0.00008406,0.00008900,0.00008390,0.00008755,5792057.00000000
1524412800,1524416399,0.00008779,0.00008837,0.00008300,0.00008618,4340976.00000000
1524416400,1524419999,0.00008617,0.00008650,0.00008410,0.00008437,1515226.00000000
1524420000,1524423599,0.00008440,0.00008500,0.00008393,0.00008449,1797314.00000000
1524423600,1524427199,0.00008445,0.00008482,0.00008297,0.00008330,1263505.00000000
1524427200,1524430799,0.00008330,0.00008347,0.00008226,0.00008343,890622.00000000
1524430800,1524434399,0.00008346,0.00008379,0.00008270,0.00008294,391764.00000000
1524434400,1524437999,0.00008298,0.00008500,0.00008298,0.00008421,1026672.00000000
1524438000,1524441599,0.00008419,0.00008420,0.00008258,0.00008390,692757.00000000
1524441600,1524445199,0.00008373,0.00008581,0.00008296,0.00008428,505015.00000000
1524445200,1524448799,0.00008439,0.00008473,0.00008011,0.00008208,3180689.00000000
1524448800,1524452399,0.00008208,0.00008300,0.00008190,0.00008240,376361.00000000
1524452400,1524455999,0.00008240,0.00008340,0.00008236,0.00008284,865382.00000000
1524456000,1524459599,0.00008286,0.00008359,0.00008265,0.00008348,614109.00000000
1524459600,1524463199,0.00008348,0.00008351,0.00008263,0.00008265,869643.00000000
1524463200,1524466799,0.00008265,0.00008367,0.00008250,0.00008358,1125566.00000000
1524466800,1524470399,0.00008350,0.00008380,0.00008293,0.00008380,580134.00000000
1524470400,1524473999,0.00008380,0.00008400,0.00008300,0.00008381,1001119.00000000
1524474000,1524477599,0.00008385,0.00008388,0.00008320,0.00008348,465480.00000000
1524477600,1524481199,0.00008348,0.00008426,0.00008348,0.00008355,440155.00000000
1524481200,1524484799,0.00008367,0.00008426,0.00008341,0.00008377,342738.00000000
1524484800,1524488399,0.00008383,0.00008403,0.00008278,0.00008278,412524.00000000
1524488400,1524491999,0.00008278,0.00008326,0.00008149,0.00008197,684269.00000000
1524492000,1524495599,0.00008198,0.00008306,0.00008198,0.00008255,1380033.00000000
1524495600,1524499199,0.00008265,0.00008320,0.00008245,0.00008250,512256.00000000
1524499200,1524502799,0.00008250,0.00008332,0.00008250,0.00008275,512216.00000000
1524502800,1524506399,0.00008266,0.00008437,0.00008198,0.00008422,3907356.00000000
1524506400,1524509999,0.00008412,0.00008478,0.00008303,0.00008303,457234.00000000
1524510000,1524513599,0.00008299,0.00008356,0.00008236,0.00008285,514431.00000000
1524513600,1524517199,0.00008285,0.00008325,0.00008225,0.00008300,328186.00000000
1524517200,1524520799,0.00008266,0.00008357,0.00008202,0.00008312,310614.00000000
1524520800,1524524399,0.00008345,0.00008410,0.00008200,0.00008235,398627.00000000
1524524400,1524527999,0.00008235,0.00008315,0.00008200,0.00008250,451765.00000000
1524528000,1524531599,0.00008234,0.00008274,0.00008192,0.00008206,370670.00000000
1524531600,1524535199,0.00008203,0.00008248,0.00008151,0.00008182,988511.00000000
1524535200,1524538799,0.00008183,0.00008291,0.00008152,0.00008291,824068.00000000
1524538800,1524542399,0.00008291,0.00008363,0.00008261,0.00008332,876104.00000000
1524542400,1524545999,0.00008322,0.00008363,0.00008219,0.00008350,802453.00000000
1524546000,1524549599,0.00008348,0.00008377,0.00008238,0.00008285,917522.00000000
1524549600,1524553199,0.00008285,0.00008328,0.00008200,0.00008225,674435.00000000
1524553200,1524556799,0.00008242,0.00008292,0.00008190,0.00008227,405086.00000000
1524556800,1524560399,0.00008245,0.00008314,0.00008215,0.00008219,708641.00000000
1524560400,1524563999,0.00008215,0.00008327,0.00008215,0.00008327,792538.00000000
1524564000,1524567599,0.00008327,0.00008340,0.00008228,0.00008256,638222.00000000
1524567600,1524571199,0.00008257,0.00008533,0.00008230,0.00008424,793662.00000000
1524571200,1524574799,0.00008424,0.00008424,0.00008220,0.00008326,717019.00000000
1524574800,1524578399,0.00008336,0.00008653,0.00008275,0.00008453,2117137.00000000
1524578400,1524581999,0.00008443,0.00008463,0.00008305,0.00008336,1173702.00000000
1524582000,1524585599,0.00008354,0.00008504,0.00008263,0.00008449,1053548.00000000
1524585600,1524589199,0.00008448,0.00008750,0.00008377,0.00008671,2102626.00000000
1524589200,1524592799,0.00008664,0.00008696,0.00008420,0.00008540,1202783.00000000
1524592800,1524596399,0.00008540,0.00008619,0.00008471,0.00008517,1377045.00000000
1524596400,1524599999,0.00008517,0.00008700,0.00008419,0.00008560,1526901.00000000
1524600000,1524603599,0.00008560,0.00008606,0.00008470,0.00008482,728667.00000000
1524603600,1524607199,0.00008507,0.00008544,0.00008398,0.00008451,655777.00000000
1524607200,1524610799,0.00008466,0.00008779,0.00008359,0.00008665,1511943.00000000
1524610800,1524614399,0.00008658,0.00008723,0.00008448,0.00008475,1257633.00000000
1524614400,1524617999,0.00008486,0.00008594,0.00008150,0.00008442,1736664.00000000
1524618000,1524621599,0.00008437,0.00008552,0.00008401,0.00008465,1100108.00000000
1524621600,1524625199,0.00008474,0.00008700,0.00008339,0.00008700,2696732.00000000
1524625200,1524628799,0.00008700,0.00008900,0.00008639,0.00008643,2799157.00000000
1524628800,1524632399,0.00008644,0.00008898,0.00008189,0.00008332,4022960.00000000
1524632400,1524635999,0.00008332,0.00008748,0.00008326,0.00008685,2627653.00000000
1524636000,1524639599,0.00008702,0.00008798,0.00008558,0.00008654,1102545.00000000
1524639600,1524643199,0.00008654,0.00008726,0.00008544,0.00008674,342622.00000000
1524643200,1524646799,0.00008678,0.00008701,0.00008500,0.00008590,803686.00000000
1524646800,1524650399,0.00008557,0.00008564,0.00008379,0.00008421,530520.00000000
1524650400,1524653999,0.00008411,0.00008504,0.00008260,0.00008334,1802838.00000000
1524654000,1524657599,0.00008333,0.00008556,0.00008250,0.00008547,1058318.00000000
1524657600,1524661199,0.00008548,0.00008641,0.00008264,0.00008474,1278876.00000000
1524661200,1524664799,0.00008433,0.00008600,0.00008302,0.00008364,932025.00000000
1524664800,1524668399,0.00008360,0.00008401,0.00008115,0.00008300,2419853.00000000
1524668400,1524671999,0.00008287,0.00008415,0.00008200,0.00008251,752436.00000000
1524672000,1524675599,0.00008296,0.00008321,0.00008150,0.00008191,1064802.00000000
1524675600,1524679199,0.00008188,0.00008377,0.00008188,0.00008299,343245.00000000
1524679200,1524682799,0.00008295,0.00008339,0.00008175,0.00008240,202950.00000000
1524682800,1524686399,0.00008257,0.00008299,0.00008162,0.00008179,296204.00000000
1524686400,1524689999,0.00008175,0.00008275,0.00008173,0.00008240,246565.00000000
1524690000,1524693599,0.00008240,0.00008283,0.00008171,0.00008196,470591.00000000
1524693600,1524697199,0.00008194,0.00008241,0.00008145,0.00008187,251341.00000000
1524697200,1524700799,0.00008146,0.00008250,0.00008090,0.00008175,582513.00000000
1524700800,1524704399,0.00008151,0.00008176,0.00007982,0.00008066,1256445.00000000
1524704400,1524707999,0.00008066,0.00008101,0.00007950,0.00007971,441611.00000000
1524708000,1524711599,0.00007998,0.00008165,0.00007950,0.00008164,666116.00000000
1524711600,1524715199,0.00008164,0.00008229,0.00008127,0.00008201,761638.00000000
1524715200,1524718799,0.00008201,0.00008294,0.00008164,0.00008254,482113.00000000
1524718800,1524722399,0.00008273,0.00008481,0.00008235,0.00008412,1678013.00000000
1524722400,1524725999,0.00008426,0.00008426,0.00008100,0.00008271,979223.00000000
1524726000,1524729599,0.00008290,0.00008290,0.00008100,0.00008171,446897.00000000
1524729600,1524733199,0.00008179,0.00008228,0.00008017,0.00008065,902572.00000000
1524733200,1524736799,0.00008064,0.00008229,0.00008017,0.00008119,688814.00000000
1524736800,1524740399,0.00008127,0.00008275,0.00008118,0.00008203,594785.00000000
1524740400,1524743999,0.00008203,0.00008268,0.00008183,0.00008268,254392.00000000
1524744000,1524747599,0.00008268,0.00008363,0.00008251,0.00008265,375177.00000000
1524747600,1524751199,0.00008255,0.00008289,0.00008200,0.00008200,253193.00000000
1524751200,1524754799,0.00008200,0.00008231,0.00008140,0.00008224,353097.00000000
1524754800,1524758399,0.00008212,0.00008300,0.00008196,0.00008259,330279.00000000
1524758400,1524761999,0.00008264,0.00008334,0.00008251,0.00008271,467985.00000000
1524762000,1524765599,0.00008271,0.00008309,0.00008252,0.00008278,447468.00000000
1524765600,1524769199,0.00008272,0.00008290,0.00008250,0.00008287,497700.00000000
1524769200,1524772799,0.00008281,0.00008292,0.00008114,0.00008210,637814.00000000
1524772800,1524776399,0.00008227,0.00008293,0.00008184,0.00008255,394866.00000000
1524776400,1524779999,0.00008287,0.00008293,0.00008180,0.00008219,124721.00000000
1524780000,1524783599,0.00008239,0.00008269,0.00008151,0.00008226,219593.00000000
1524783600,1524787199,0.00008225,0.00008244,0.00008150,0.00008200,393710.00000000
1524787200,1524790799,0.00008243,0.00008401,0.00008242,0.00008400,955111.00000000
1524790800,1524794399,0.00008399,0.00008492,0.00008298,0.00008434,602928.00000000
1524794400,1524797999,0.00008415,0.00008663,0.00008400,0.00008663,1734973.00000000
1524798000,1524801599,0.00008665,0.00008831,0.00008577,0.00008831,1778126.00000000
1524801600,1524805199,0.00008830,0.00008830,0.00008646,0.00008705,655323.00000000
1524805200,1524808799,0.00008705,0.00008705,0.00008526,0.00008647,599481.00000000
1524808800,1524812399,0.00008647,0.00008743,0.00008484,0.00008705,398120.00000000
1524812400,1524815999,0.00008700,0.00008700,0.00008544,0.00008634,303034.00000000
1524816000,1524819599,0.00008632,0.00008638,0.00008476,0.00008636,295975.00000000
1524819600,1524823199,0.00008617,0.00008639,0.00008471,0.00008471,592440.00000000
1524823200,1524826799,0.00008471,0.00008500,0.00008401,0.00008426,391149.00000000
1524826800,1524830399,0.00008427,0.00008453,0.00008407,0.00008445,212699.00000000
1524830400,1524833999,0.00008444,0.00008475,0.00008351,0.00008361,538147.00000000
1524834000,1524837599,0.00008353,0.00008468,0.00008321,0.00008359,473508.00000000
1524837600,1524841199,0.00008368,0.00008407,0.00008300,0.00008323,511361.00000000
1524841200,1524844799,0.00008325,0.00008387,0.00008310,0.00008346,628382.00000000
1524844800,1524848399,0.00008346,0.00008368,0.00008238,0.00008278,781418.00000000
1524848400,1524851999,0.00008271,0.00008312,0.00008197,0.00008291,617333.00000000
1524852000,1524855599,0.00008300,0.00008376,0.00008293,0.00008325,312404.00000000
1524855600,1524859199,0.00008325,0.00008400,0.00008305,0.00008325,374629.00000000
1524859200,1524862799,0.00008325,0.00008482,0.00008214,0.00008260,1431608.00000000
1524862800,1524866399,0.00008256,0.00008280,0.00008201,0.00008250,394706.00000000
1524866400,1524869999,0.00008245,0.00008388,0.00008223,0.00008349,444349.00000000
1524870000,1524873599,0.00008349,0.00008388,0.00008278,0.00008338,243205.00000000
1524873600,1524877199,0.00008320,0.00008398,0.00008254,0.00008270,423689.00000000
1524877200,1524880799,0.00008265,0.00008335,0.00008232,0.00008257,790074.00000000
1524880800,1524884399,0.00008251,0.00008251,0.00008150,0.00008240,700716.00000000
1524884400,1524887999,0.00008240,0.00008285,0.00008202,0.00008228,505540.00000000
1524888000,1524891599,0.00008227,0.00008295,0.00008201,0.00008249,277273.00000000
1524891600,1524895199,0.00008238,0.00008400,0.00008225,0.00008340,693362.00000000
1524895200,1524898799,0.00008355,0.00008399,0.00008197,0.00008232,429798.00000000
1524898800,1524902399,0.00008239,0.00008278,0.00008150,0.00008184,317217.00000000
1524902400,1524905999,0.00008192,0.00008262,0.00008141,0.00008222,358086.00000000
1524906000,1524909599,0.00008215,0.00008234,0.00008182,0.00008191,206044.00000000
1524909600,1524913199,0.00008196,0.00008220,0.00008151,0.00008161,148318.00000000
1524913200,1524916799,0.00008156,0.00008195,0.00008100,0.00008166,559880.00000000
1524916800,1524920399,0.00008165,0.00008184,0.00008106,0.00008145,382932.00000000
1524920400,1524923999,0.00008145,0.00008286,0.00008130,0.00008218,1624554.00000000
1524924000,1524927599,0.00008221,0.00008492,0.00008218,0.00008366,2021947.00000000
1524927600,1524931199,0.00008382,0.00008500,0.00008366,0.00008436,1176476.00000000
1524931200,1524934799,0.00008436,0.00008460,0.00008330,0.00008368,892967.00000000
1524934800,1524938399,0.00008378,0.00008489,0.00008295,0.00008322,1021151.00000000
1524938400,1524941999,0.00008322,0.00008399,0.00008300,0.00008370,657270.00000000
1524942000,1524945599,0.00008362,0.00008382,0.00008306,0.00008325,428991.00000000
1524945600,1524949199,0.00008345,0.00008488,0.00008321,0.00008442,480864.00000000
1524949200,1524952799,0.00008452,0.00008466,0.00008353,0.00008455,238658.00000000
1524952800,1524956399,0.00008460,0.00008474,0.00008348,0.00008357,325401.00000000
1524956400,1524959999,0.00008357,0.00008449,0.00008332,0.00008356,277155.00000000
1524960000,1524963599,0.00008414,0.00008449,0.00008348,0.00008348,313616.00000000
1524963600,1524967199,0.00008372,0.00008479,0.00008369,0.00008479,369185.00000000
1524967200,1524970799,0.00008482,0.00008600,0.00008431,0.00008463,1019810.00000000
1524970800,1524974399,0.00008456,0.00008518,0.00008400,0.00008429,818559.00000000
1524974400,1524977999,0.00008419,0.00008613,0.00008400,0.00008520,1097951.00000000
1524978000,1524981599,0.00008513,0.00008698,0.00008493,0.00008563,594521.00000000
1524981600,1524985199,0.00008570,0.00008600,0.00008500,0.00008545,464783.00000000
1524985200,1524988799,0.00008542,0.00008592,0.00008465,0.00008496,378581.00000000
1524988800,1524992399,0.00008529,0.00008571,0.00008484,0.00008484,537244.00000000
1524992400,1524995999,0.00008479,0.00008500,0.00008281,0.00008308,1029413.00000000
1524996000,1524999599,0.00008303,0.00008448,0.00008251,0.00008281,449014.00000000
1524999600,1525003199,0.00008268,0.00008440,0.00008250,0.00008297,287810.00000000
1525003200,1525006799,0.00008274,0.00008434,0.00008274,0.00008392,733813.00000000
1525006800,1525010399,0.00008384,0.00008393,0.00008296,0.00008296,355089.00000000
1525010400,1525013999,0.00008288,0.00008438,0.00008250,0.00008325,877482.00000000
1525014000,1525017599,0.00008326,0.00008388,0.00008326,0.00008367,497851.00000000
1525017600,1525021199,0.00008368,0.00008471,0.00008368,0.00008396,459722.00000000
1525021200,1525024799,0.00008400,0.00008431,0.00008298,0.00008337,719328.00000000
1525024800,1525028399,0.00008340,0.00008379,0.00008298,0.00008316,320942.00000000
1525028400,1525031999,0.00008315,0.00008420,0.00008300,0.00008420,315965.00000000
1525032000,1525035599,0.00008398,0.00008600,0.00008309,0.00008510,1312576.00000000
1525035600,1525039199,0.00008534,0.00008577,0.00008408,0.00008538,666731.00000000
1525039200,1525042799,0.00008538,0.00008577,0.00008445,0.00008494,455076.00000000
1525042800,1525046399,0.00008488,0.00008577,0.00008352,0.00008532,838572.00000000
1525046400,1525049999,0.00008482,0.00008592,0.00008442,0.00008592,437726.00000000
1525050000,1525053599,0.00008595,0.00008785,0.00008589,0.00008720,2344464.00000000
1525053600,1525057199,0.00008732,0.00008819,0.00008650,0.00008814,1095437.00000000
1525057200,1525060799,0.00008817,0.00008875,0.00008650,0.00008665,1424045.00000000
1525060800,1525064399,0.00008652,0.00008700,0.00008555,0.00008646,943442.00000000
1525064400,1525067999,0.00008633,0.00008751,0.00008600,0.00008661,516046.00000000
1525068000,1525071599,0.00008693,0.00008693,0.00008600,0.00008601,672875.00000000
1525071600,1525075199,0.00008603,0.00008652,0.00008440,0.00008519,504435.00000000
1525075200,1525078799,0.00008501,0.00008550,0.00008320,0.00008366,673429.00000000
1525078800,1525082399,0.00008365,0.00008410,0.00008295,0.00008388,399017.00000000
1525082400,1525085999,0.00008388,0.00008462,0.00008380,0.00008447,250520.00000000
1525086000,1525089599,0.00008448,0.00008987,0.00008432,0.00008896,2084706.00000000
1525089600,1525093199,0.00008958,0.00009094,0.00008777,0.00008837,2153081.00000000
1525093200,1525096799,0.00008837,0.00008921,0.00008654,0.00008702,1132052.00000000
1525096800,1525100399,0.00008733,0.00008804,0.00008628,0.00008801,1231092.00000000
1525100400,1525103999,0.00008801,0.00008895,0.00008732,0.00008895,676092.00000000
1525104000,1525107599,0.00008895,0.00009093,0.00008849,0.00008913,2400813.00000000
1525107600,1525111199,0.00008910,0.00009100,0.00008849,0.00009062,1658759.00000000
1525111200,1525114799,0.00009050,0.00009070,0.00008800,0.00008890,985482.00000000
1525114800,1525118399,0.00008914,0.00008944,0.00008700,0.00008863,660674.00000000
1525118400,1525121999,0.00008861,0.00009090,0.00008833,0.00008982,1005619.00000000
1525122000,1525125599,0.00008991,0.00009000,0.00008693,0.00008785,684395.00000000
1525125600,1525129199,0.00008779,0.00009099,0.00008740,0.00008929,1036852.00000000
1525129200,1525132799,0.00008929,0.00009014,0.00008782,0.00008782,389423.00000000
1525132800,1525136399,0.00008800,0.00008848,0.00008520,0.00008703,1213393.00000000
1525136400,1525139999,0.00008702,0.00008748,0.00008480,0.00008624,976198.00000000
1525140000,1525143599,0.00008612,0.00008717,0.00008411,0.00008470,937859.00000000
1525143600,1525147199,0.00008470,0.00008564,0.00008418,0.00008517,779363.00000000
1525147200,1525150799,0.00008496,0.00008548,0.00008418,0.00008500,349276.00000000
1525150800,1525154399,0.00008529,0.00008603,0.00008450,0.00008563,515874.00000000
1525154400,1525157999,0.00008551,0.00008558,0.00008420,0.00008457,413151.00000000
1525158000,1525161599,0.00008457,0.00008473,0.00008411,0.00008473,322233.00000000
1525161600,1525165199,0.00008473,0.00008473,0.00008390,0.00008470,255722.00000000
1525165200,1525168799,0.00008462,0.00008516,0.00008398,0.00008516,602557.00000000
1525168800,1525172399,0.00008517,0.00008611,0.00008473,0.00008566,1114211.00000000
1525172400,1525175999,0.00008566,0.00008775,0.00008553,0.00008700,1166136.00000000
1525176000,1525179599,0.00008689,0.00008699,0.00008513,0.00008550,643945.00000000
1525179600,1525183199,0.00008548,0.00008736,0.00008542,0.00008687,349264.00000000
1525183200,1525186799,0.00008694,0.00008722,0.00008588,0.00008689,324110.00000000
1525186800,1525190399,0.00008709,0.00008713,0.00008600,0.00008605,550525.00000000
1525190400,1525193999,0.00008602,0.00008933,0.00008602,0.00008872,1389086.00000000
1525194000,1525197599,0.00008849,0.00009100,0.00008800,0.00008872,1221396.00000000
1525197600,1525201199,0.00008876,0.00008887,0.00008751,0.00008763,346261.00000000
1525201200,1525204799,0.00008763,0.00008991,0.00008750,0.00008950,318840.00000000
1525204800,1525208399,0.00008913,0.00008973,0.00008779,0.00008903,523034.00000000
1525208400,1525211999,0.00008896,0.00008981,0.00008812,0.00008873,635927.00000000
1525212000,1525215599,0.00008873,0.00008900,0.00008750,0.00008836,214467.00000000
1525215600,1525219199,0.00008809,0.00008893,0.00008787,0.00008884,288453.00000000
1525219200,1525222799,0.00008884,0.00008885,0.00008758,0.00008852,173895.00000000
1525222800,1525226399,0.00008851,0.00008851,0.00008754,0.00008808,266738.00000000
1525226400,1525229999,0.00008799,0.00008939,0.00008709,0.00008920,452789.00000000
1525230000,1525233599,0.00008920,0.00008987,0.00008884,0.00008910,608609.00000000
1525233600,1525237199,0.00008916,0.00008977,0.00008849,0.00008906,543389.00000000
1525237200,1525240799,0.00008927,0.00008927,0.00008840,0.00008884,352881.00000000
1525240800,1525244399,0.00008884,0.00008884,0.00008702,0.00008773,387200.00000000
1525244400,1525247999,0.00008763,0.00008836,0.00008733,0.00008735,320846.00000000
1525248000,1525251599,0.00008735,0.00008822,0.00008700,0.00008737,380670.00000000
1525251600,1525255199,0.00008739,0.00008809,0.00008676,0.00008731,639171.00000000
1525255200,1525258799,0.00008757,0.00008774,0.00008670,0.00008752,722960.00000000
1525258800,1525262399,0.00008752,0.00008846,0.00008752,0.00008786,1062061.00000000
1525262400,1525265999,0.00008779,0.00008846,0.00008736,0.00008774,169034.00000000
1525266000,1525269599,0.00008774,0.00008812,0.00008726,0.00008756,556843.00000000
1525269600,1525273199,0.00008756,0.00008862,0.00008756,0.00008856,567138.00000000
1525273200,1525276799,0.00008862,0.00008965,0.00008824,0.00008850,1062441.00000000
1525276800,1525280399,0.00008850,0.00008879,0.00008775,0.00008853,764973.00000000
1525280400,1525283999,0.00008843,0.00008901,0.00008810,0.00008839,396014.00000000
1525284000,1525287599,0.00008836,0.00008900,0.00008836,0.00008900,117580.00000000
1525287600,1525291199,0.00008901,0.00008975,0.00008758,0.00008866,1249265.00000000
1525291200,1525294799,0.00008882,0.00008950,0.00008830,0.00008895,401547.00000000
1525294800,1525298399,0.00008900,0.00008945,0.00008839,0.00008899,271842.00000000
1525298400,1525301999,0.00008899,0.00008941,0.00008800,0.00008806,534044.00000000
1525302000,1525305599,0.00008808,0.00008894,0.00008806,0.00008863,314639.00000000
1525305600,1525309199,0.00008863,0.00008915,0.00008806,0.00008887,815243.00000000
1525309200,1525312799,0.00008880,0.00008988,0.00008842,0.00008850,788961.00000000
1525312800,1525316399,0.00008862,0.00008893,0.00008744,0.00008744,840330.00000000
1525316400,1525319999,0.00008744,0.00008745,0.00008544,0.00008600,1327318.00000000
1525320000,1525323599,0.00008589,0.00008701,0.00008500,0.00008594,915825.00000000
1525323600,1525327199,0.00008628,0.00008722,0.00008538,0.00008592,438601.00000000
1525327200,1525330799,0.00008592,0.00008658,0.00008495,0.00008560,888482.00000000
1525330800,1525334399,0.00008561,0.00008627,0.00008400,0.00008422,734216.00000000
1525334400,1525337999,0.00008425,0.00008561,0.00008370,0.00008421,978349.00000000
1525338000,1525341599,0.00008421,0.00008466,0.00008378,0.00008438,309010.00000000
1525341600,1525345199,0.00008433,0.00008549,0.00008370,0.00008469,611900.00000000
1525345200,1525348799,0.00008469,0.00008563,0.00008463,0.00008467,365020.00000000
1525348800,1525352399,0.00008485,0.00008493,0.00008319,0.00008345,512345.00000000
1525352400,1525355999,0.00008345,0.00008354,0.00008200,0.00008261,829331.00000000
1525356000,1525359599,0.00008261,0.00008336,0.00008216,0.00008231,610266.00000000
1525359600,1525363199,0.00008227,0.00008287,0.00008202,0.00008278,325577.00000000
1525363200,1525366799,0.00008278,0.00008291,0.00008057,0.00008072,976533.00000000
1525366800,1525370399,0.00008075,0.00008107,0.00007211,0.00008102,3182627.00000000
1525370400,1525373999,0.00007921,0.00008141,0.00007779,0.00008033,1160344.00000000
1525374000,1525377599,0.00008017,0.00008023,0.00007879,0.00007920,334664.00000000
1525377600,1525381199,0.00007921,0.00008070,0.00007896,0.00008001,232960.00000000
1525381200,1525384799,0.00008001,0.00008069,0.00007911,0.00007975,425093.00000000
1525384800,1525388399,0.00007976,0.00007990,0.00007800,0.00007800,258055.00000000
1525388400,1525391999,0.00007826,0.00007839,0.00007620,0.00007705,422955.00000000
1525392000,1525395599,0.00007670,0.00007832,0.00007666,0.00007808,162953.00000000
1525395600,1525399199,0.00007809,0.00007827,0.00007620,0.00007657,248819.00000000
1525399200,1525402799,0.00007651,0.00007708,0.00007540,0.00007684,362166.00000000
1525402800,1525406399,0.00007685,0.00007701,0.00007346,0.00007604,722381.00000000
1525406400,1525409999,0.00007574,0.00007740,0.00007572,0.00007650,274209.00000000
1525410000,1525413599,0.00007653,0.00007727,0.00007621,0.00007697,423375.00000000
1525413600,1525417199,0.00007682,0.00007807,0.00007679,0.00007761,483251.00000000
1525417200,1525420799,0.00007732,0.00007778,0.00007697,0.00007701,385628.00000000
1525420800,1525424399,0.00007721,0.00007721,0.00007300,0.00007300,725668.00000000
1525424400,1525427999,0.00007295,0.00007460,0.00007287,0.00007299,617318.00000000
1525428000,1525431599,0.00007289,0.00007377,0.00007220,0.00007343,460599.00000000
1525431600,1525435199,0.00007354,0.00007437,0.00007103,0.00007195,1399172.00000000
1525435200,1525438799,0.00007214,0.00007238,0.00007091,0.00007234,507372.00000000
1525438800,1525442399,0.00007217,0.00007235,0.00007000,0.00007076,1163623.00000000
1525442400,1525445999,0.00007077,0.00007164,0.00007012,0.00007144,1160528.00000000
1525446000,1525449599,0.00007150,0.00007322,0.00007085,0.00007241,521486.00000000
1525449600,1525453199,0.00007242,0.00007509,0.00007241,0.00007506,1017977.00000000
1525453200,1525456799,0.00007506,0.00007530,0.00007371,0.00007470,550995.00000000
1525456800,1525460399,0.00007495,0.00007503,0.00007403,0.00007444,299919.00000000
1525460400,1525463999,0.00007436,0.00007500,0.00007398,0.00007398,421645.00000000
1525464000,1525467599,0.00007411,0.00007452,0.00007345,0.00007374,172656.00000000
1525467600,1525471199,0.00007371,0.00007371,0.00007247,0.00007278,330296.00000000
1525471200,1525474799,0.00007326,0.00007360,0.00007251,0.00007290,117906.00000000
1525474800,1525478399,0.00007290,0.00007360,0.00007214,0.00007265,255671.00000000
1525478400,1525481999,0.00007304,0.00007304,0.00007203,0.00007203,339100.00000000
1525482000,1525485599,0.00007203,0.00007297,0.00007203,0.00007228,205289.00000000
1525485600,1525489199,0.00007206,0.00007231,0.00007110,0.00007127,629310.00000000
1525489200,1525492799,0.00007127,0.00007203,0.00007120,0.00007174,551072.00000000
1525492800,1525496399,0.00007158,0.00007260,0.00007122,0.00007211,735289.00000000
1525496400,1525499999,0.00007197,0.00007213,0.00007131,0.00007151,239353.00000000
1525500000,1525503599,0.00007145,0.00007173,0.00007126,0.00007132,217870.00000000
1525503600,1525507199,0.00007144,0.00007190,0.00007135,0.00007174,230395.00000000
1525507200,1525510799,0.00007171,0.00007171,0.00007126,0.00007126,424836.00000000
1525510800,1525514399,0.00007127,0.00007127,0.00007006,0.00007066,645674.00000000
1525514400,1525517999,0.00007077,0.00007088,0.00006803,0.00006959,968783.00000000
1525518000,1525521599,0.00006959,0.00006969,0.00006820,0.00006882,378147.00000000
1525521600,1525525199,0.00006882,0.00006917,0.00006762,0.00006762,587868.00000000
1525525200,1525528799,0.00006792,0.00006805,0.00006500,0.00006534,1455616.00000000
1525528800,1525532399,0.00006563,0.00006810,0.00006490,0.00006557,1547836.00000000
1525532400,1525535999,0.00006580,0.00006726,0.00006502,0.00006726,598071.00000000
1525536000,1525539599,0.00006723,0.00006831,0.00006685,0.00006718,509652.00000000
1525539600,1525543199,0.00006724,0.00006895,0.00006721,0.00006895,452988.00000000
1525543200,1525546799,0.00006891,0.00006901,0.00006783,0.00006826,351064.00000000
1525546800,1525550399,0.00006824,0.00006847,0.00006763,0.00006788,162211.00000000
1525550400,1525553999,0.00006786,0.00006888,0.00006766,0.00006858,83591.00000000
1525554000,1525557599,0.00006858,0.00006950,0.00006804,0.00006808,527222.00000000
1525557600,1525561199,0.00006815,0.00006979,0.00006650,0.00006778,1256356.00000000
1525561200,1525564799,0.00006815,0.00006879,0.00006704,0.00006791,393306.00000000
1525564800,1525568399,0.00006825,0.00006825,0.00006702,0.00006736,356974.00000000
1525568400,1525571999,0.00006736,0.00006767,0.00006503,0.00006535,669211.00000000
1525572000,1525575599,0.00006540,0.00006540,0.00006500,0.00006533,631169.00000000
1525575600,1525579199,0.00006506,0.00006646,0.00006493,0.00006595,777649.00000000
1525579200,1525582799,0.00006599,0.00006647,0.00006491,0.00006622,435358.00000000
1525582800,1525586399,0.00006619,0.00006650,0.00006509,0.00006606,391620.00000000
1525586400,1525589999,0.00006607,0.00006607,0.00006410,0.00006478,848861.00000000
1525590000,1525593599,0.00006465,0.00006594,0.00006465,0.00006594,264375.00000000
1525593600,1525597199,0.00006572,0.00006593,0.00006473,0.00006512,716846.00000000
1525597200,1525600799,0.00006516,0.00006693,0.00006504,0.00006693,812527.00000000
1525600800,1525604399,0.00006722,0.00006769,0.00006613,0.00006703,456973.00000000
1525604400,1525607999,0.00006700,0.00006714,0.00006639,0.00006709,99293.00000000
1525608000,1525611599,0.00006686,0.00006768,0.00006644,0.00006667,275647.00000000
1525611600,1525615199,0.00006669,0.00006685,0.00006622,0.00006655,197893.00000000
1525615200,1525618799,0.00006672,0.00006839,0.00006642,0.00006825,227389.00000000
1525618800,1525622399,0.00006825,0.00006878,0.00006705,0.00006829,422634.00000000
1525622400,1525625999,0.00006820,0.00006821,0.00006715,0.00006761,190535.00000000
1525626000,1525629599,0.00006756,0.00006800,0.00006711,0.00006756,252837.00000000
1525629600,1525633199,0.00006743,0.00006791,0.00006718,0.00006760,53759.00000000
1525633200,1525636799,0.00006763,0.00006771,0.00006697,0.00006770,178453.00000000
1525636800,1525640399,0.00006770,0.00006800,0.00006735,0.00006766,104173.00000000
1525640400,1525643999,0.00006766,0.00006791,0.00006697,0.00006699,265604.00000000
1525644000,1525647599,0.00006731,0.00006734,0.00006671,0.00006687,248217.00000000
1525647600,1525651199,0.00006711,0.00006722,0.00006555,0.00006646,529909.00000000
1525651200,1525654799,0.00006623,0.00006657,0.00006563,0.00006595,580809.00000000
1525654800,1525658399,0.00006594,0.00006628,0.00006514,0.00006520,569158.00000000
1525658400,1525661999,0.00006520,0.00006625,0.00006449,0.00006612,1621112.00000000
1525662000,1525665599,0.00006612,0.00006625,0.00006424,0.00006542,731048.00000000
1525665600,1525669199,0.00006561,0.00006639,0.00006548,0.00006589,116882.00000000
1525669200,1525672799,0.00006588,0.00006650,0.00006561,0.00006648,174845.00000000
1525672800,1525676399,0.00006648,0.00006964,0.00006584,0.00006789,1017458.00000000
1525676400,1525679999,0.00006788,0.00007405,0.00006788,0.00007231,1433681.00000000
1525680000,1525683599,0.00007256,0.00007403,0.00007000,0.00007030,1199435.00000000
1525683600,1525687199,0.00007082,0.00007250,0.00007062,0.00007175,1155731.00000000
1525687200,1525690799,0.00007170,0.00007197,0.00007080,0.00007080,914516.00000000
1525690800,1525694399,0.00007080,0.00007083,0.00006969,0.00007031,488187.00000000
1525694400,1525697999,0.00006997,0.00007196,0.00006966,0.00007161,446668.00000000
1525698000,1525701599,0.00007162,0.00007250,0.00007133,0.00007237,870325.00000000
1525701600,1525705199,0.00007214,0.00007249,0.00007070,0.00007158,757048.00000000
1525705200,1525708799,0.00007139,0.00007140,0.00006976,0.00007009,436421.00000000
1525708800,1525712399,0.00007030,0.00007185,0.00006990,0.00007130,661046.00000000
1525712400,1525715999,0.00007103,0.00007185,0.00006979,0.00007170,292416.00000000
1525716000,1525719599,0.00007169,0.00007169,0.00006979,0.00007026,496299.00000000
1525719600,1525723199,0.00007049,0.00007049,0.00006954,0.00006967,449215.00000000
1525723200,1525726799,0.00006988,0.00007037,0.00006879,0.00006923,441978.00000000
1525726800,1525730399,0.00006916,0.00007049,0.00006880,0.00007025,424636.00000000
1525730400,1525733999,0.00007051,0.00007187,0.00006986,0.00007054,349944.00000000
1525734000,1525737599,0.00007013,0.00007039,0.00006923,0.00006986,114894.00000000
1525737600,1525741199,0.00006990,0.00006990,0.00006879,0.00006909,215245.00000000
1525741200,1525744799,0.00006923,0.00006945,0.00006812,0.00006945,353442.00000000
1525744800,1525748399,0.00006939,0.00007053,0.00006874,0.00006986,461181.00000000
1525748400,1525751999,0.00006971,0.00007012,0.00006901,0.00006912,244093.00000000
1525752000,1525755599,0.00006928,0.00006974,0.00006908,0.00006941,420445.00000000
1525755600,1525759199,0.00006942,0.00006942,0.00006865,0.00006942,758152.00000000
1525759200,1525762799,0.00006942,0.00006942,0.00006814,0.00006889,970901.00000000
1525762800,1525766399,0.00006904,0.00006912,0.00006774,0.00006793,660109.00000000
1525766400,1525769999,0.00006808,0.00006950,0.00006769,0.00006921,307301.00000000
1525770000,1525773599,0.00006923,0.00006970,0.00006878,0.00006904,476105.00000000
1525773600,1525777199,0.00006915,0.00006951,0.00006806,0.00006858,237220.00000000
1525777200,1525780799,0.00006871,0.00006918,0.00006816,0.00006829,191429.00000000
1525780800,1525784399,0.00006826,0.00006854,0.00006741,0.00006774,386451.00000000
1525784400,1525787999,0.00006751,0.00006920,0.00006636,0.00006813,730201.00000000
1525788000,1525791599,0.00006830,0.00006898,0.00006780,0.00006850,288514.00000000
1525791600,1525795199,0.00006850,0.00006915,0.00006781,0.00006898,393046.00000000
1525795200,1525798799,0.00006898,0.00006930,0.00006873,0.00006927,174596.00000000
1525798800,1525802399,0.00006927,0.00006954,0.00006861,0.00006871,183534.00000000
1525802400,1525805999,0.00006871,0.00006906,0.00006799,0.00006799,319727.00000000
1525806000,1525809599,0.00006797,0.00006814,0.00006748,0.00006779,164196.00000000
1525809600,1525813199,0.00006779,0.00006870,0.00006779,0.00006863,161805.00000000
1525813200,1525816799,0.00006862,0.00007049,0.00006784,0.00007027,486640.00000000
1525816800,1525820399,0.00007028,0.00007246,0.00006917,0.00006973,1861038.00000000
1525820400,1525823999,0.00006986,0.00007088,0.00006934,0.00006974,488976.00000000
1525824000,1525827599,0.00006975,0.00007018,0.00006818,0.00006935,350519.00000000
1525827600,1525831199,0.00006949,0.00007036,0.00006748,0.00006823,867299.00000000
1525831200,1525834799,0.00006823,0.00006834,0.00006665,0.00006702,382847.00000000
1525834800,1525838399,0.00006708,0.00006717,0.00006560,0.00006641,755098.00000000
1525838400,1525841999,0.00006641,0.00006691,0.00006594,0.00006668,482182.00000000
1525842000,1525845599,0.00006672,0.00006682,0.00006597,0.00006634,481638.00000000
1525845600,1525849199,0.00006625,0.00006694,0.00006599,0.00006624,281649.00000000
1525849200,1525852799,0.00006622,0.00006668,0.00006534,0.00006558,227590.00000000
1525852800,1525856399,0.00006558,0.00006589,0.00006502,0.00006559,287996.00000000
1525856400,1525859999,0.00006559,0.00006560,0.00006508,0.00006508,475765.00000000
1525860000,1525863599,0.00006507,0.00006569,0.00006507,0.00006512,418476.00000000
1525863600,1525867199,0.00006511,0.00006535,0.00006348,0.00006491,845176.00000000
1525867200,1525870799,0.00006491,0.00006532,0.00006400,0.00006491,340681.00000000
1525870800,1525874399,0.00006459,0.00006620,0.00006459,0.00006550,523753.00000000
1525874400,1525877999,0.00006551,0.00006563,0.00006406,0.00006550,509907.00000000
1525878000,1525881599,0.00006550,0.00006599,0.00006527,0.00006567,259505.00000000
1525881600,1525885199,0.00006554,0.00006585,0.00006501,0.00006565,344759.00000000
1525885200,1525888799,0.00006577,0.00006614,0.00006520,0.00006524,330105.00000000
1525888800,1525892399,0.00006524,0.00006551,0.00006442,0.00006502,807227.00000000
1525892400,1525895999,0.00006515,0.00006534,0.00006423,0.00006485,134305.00000000
1525896000,1525899599,0.00006459,0.00006466,0.00006333,0.00006454,429982.00000000
1525899600,1525903199,0.00006467,0.00006487,0.00006349,0.00006372,169103.00000000
1525903200,1525906799,0.00006390,0.00006489,0.00006352,0.00006442,271465.00000000
1525906800,1525910399,0.00006442,0.00006476,0.00006406,0.00006476,97225.00000000
1525910400,1525913999,0.00006468,0.00006476,0.00006368,0.00006407,451345.00000000
1525914000,1525917599,0.00006427,0.00006454,0.00006333,0.00006383,509431.00000000
1525917600,1525921199,0.00006381,0.00006400,0.00006260,0.00006292,620584.00000000
1525921200,1525924799,0.00006292,0.00006388,0.00006204,0.00006358,929113.00000000
1525924800,1525928399,0.00006368,0.00006468,0.00006349,0.00006351,494270.00000000
1525928400,1525931999,0.00006355,0.00006376,0.00006267,0.00006339,481170.00000000
1525932000,1525935599,0.00006342,0.00006342,0.00006250,0.00006290,462661.00000000
1525935600,1525939199,0.00006290,0.00006344,0.00006234,0.00006303,540747.00000000
1525939200,1525942799,0.00006307,0.00006319,0.00006245,0.00006312,173860.00000000
1525942800,1525946399,0.00006300,0.00006300,0.00006225,0.00006260,254376.00000000
1525946400,1525949999,0.00006241,0.00006276,0.00006156,0.00006226,365450.00000000
1525950000,1525953599,0.00006228,0.00006450,0.00006228,0.00006431,1386125.00000000
1525953600,1525957199,0.00006431,0.00006431,0.00006292,0.00006371,306852.00000000
1525957200,1525960799,0.00006356,0.00006379,0.00006272,0.00006317,407551.00000000
1525960800,1525964399,0.00006322,0.00006417,0.00006305,0.00006415,2452771.00000000
1525964400,1525967999,0.00006415,0.00006426,0.00006317,0.00006360,759366.00000000
1525968000,1525971599,0.00006352,0.00006365,0.00006259,0.00006290,474670.00000000
1525971600,1525975199,0.00006280,0.00006330,0.00006195,0.00006320,605089.00000000
1525975200,1525978799,0.00006321,0.00006327,0.00006230,0.00006287,764934.00000000
1525978800,1525982399,0.00006286,0.00006395,0.00006224,0.00006229,169786.00000000
1525982400,1525985999,0.00006227,0.00006291,0.00006211,0.00006278,223328.00000000
1525986000,1525989599,0.00006274,0.00006278,0.00006209,0.00006245,323361.00000000
1525989600,1525993199,0.00006271,0.00006278,0.00006214,0.00006276,234246.00000000
1525993200,1525996799,0.00006278,0.00006278,0.00006005,0.00006088,1554008.00000000
1525996800,1526000399,0.00006092,0.00006105,0.00005902,0.00006004,721404.00000000
1526000400,1526003999,0.00006005,0.00006077,0.00005942,0.00005980,175675.00000000
1526004000,1526007599,0.00005980,0.00006004,0.00005923,0.00005937,245606.00000000
1526007600,1526011199,0.00005937,0.00005949,0.00005892,0.00005947,473318.00000000
1526011200,1526014799,0.00005949,0.00006037,0.00005926,0.00006013,300816.00000000
1526014800,1526018399,0.00006013,0.00006020,0.00005964,0.00005999,309576.00000000
1526018400,1526021999,0.00005992,0.00006001,0.00005837,0.00005876,645029.00000000
1526022000,1526025599,0.00005862,0.00005902,0.00005446,0.00005701,2337195.00000000
1526025600,1526029199,0.00005697,0.00005772,0.00005566,0.00005644,1122010.00000000
1526029200,1526032799,0.00005664,0.00005673,0.00005546,0.00005573,658731.00000000
1526032800,1526036399,0.00005629,0.00005689,0.00005572,0.00005654,640491.00000000
1526036400,1526039999,0.00005654,0.00005655,0.00005550,0.00005567,1178285.00000000
1526040000,1526043599,0.00005565,0.00005566,0.00005340,0.00005475,755507.00000000
1526043600,1526047199,0.00005518,0.00005694,0.00005501,0.00005694,679864.00000000
1526047200,1526050799,0.00005694,0.00005846,0.00005645,0.00005805,483409.00000000
1526050800,1526054399,0.00005807,0.00005833,0.00005661,0.00005710,1985756.00000000
1526054400,1526057999,0.00005709,0.00005765,0.00005658,0.00005726,894744.00000000
1526058000,1526061599,0.00005721,0.00005751,0.00005664,0.00005708,112950.00000000
1526061600,1526065199,0.00005708,0.00005727,0.00005658,0.00005687,411422.00000000
1526065200,1526068799,0.00005687,0.00005738,0.00005621,0.00005682,353709.00000000
1526068800,1526072399,0.00005708,0.00005741,0.00005443,0.00005501,441465.00000000
1526072400,1526075999,0.00005507,0.00005584,0.00005499,0.00005562,143003.00000000
1526076000,1526079599,0.00005582,0.00005586,0.00005501,0.00005554,319555.00000000
1526079600,1526083199,0.00005580,0.00005716,0.00005533,0.00005544,246392.00000000
1526083200,1526086799,0.00005532,0.00005617,0.00005532,0.00005614,135847.00000000
1526086800,1526090399,0.00005591,0.00005624,0.00005565,0.00005599,304687.00000000
1526090400,1526093999,0.00005575,0.00005624,0.00005557,0.00005557,115870.00000000
1526094000,1526097599,0.00005562,0.00005588,0.00005465,0.00005510,259244.00000000
1526097600,1526101199,0.00005510,0.00005633,0.00005422,0.00005529,340129.00000000
1526101200,1526104799,0.00005543,0.00005545,0.00005352,0.00005384,777017.00000000
1526104800,1526108399,0.00005384,0.00005633,0.00005200,0.00005566,1344046.00000000
1526108400,1526111999,0.00005552,0.00005600,0.00005428,0.00005565,382755.00000000
1526112000,1526115599,0.00005567,0.00005590,0.00005429,0.00005429,347005.00000000
1526115600,1526119199,0.00005457,0.00005680,0.00005390,0.00005663,549885.00000000
1526119200,1526122799,0.00005652,0.00005699,0.00005525,0.00005670,372419.00000000
1526122800,1526126399,0.00005690,0.00005725,0.00005603,0.00005710,376897.00000000
1526126400,1526129999,0.00005692,0.00005871,0.00005649,0.00005828,709604.00000000
1526130000,1526133599,0.00005828,0.00005874,0.00005676,0.00005680,841098.00000000
1526133600,1526137199,0.00005683,0.00005756,0.00005622,0.00005683,147391.00000000
1526137200,1526140799,0.00005706,0.00005747,0.00005592,0.00005594,502953.00000000
1526140800,1526144399,0.00005594,0.00005618,0.00005503,0.00005519,582617.00000000
1526144400,1526147999,0.00005522,0.00005576,0.00005488,0.00005556,192816.00000000
1526148000,1526151599,0.00005549,0.00005554,0.00005469,0.00005514,162478.00000000
1526151600,1526155199,0.00005514,0.00005524,0.00005476,0.00005494,25598.00000000
1526155200,1526158799,0.00005478,0.00005545,0.00005470,0.00005500,342200.00000000
1526158800,1526162399,0.00005484,0.00005510,0.00005450,0.00005484,54791.00000000
1526162400,1526165999,0.00005484,0.00005520,0.00005460,0.00005469,93755.00000000
1526166000,1526169599,0.00005463,0.00005515,0.00005453,0.00005492,71144.00000000
1526169600,1526173199,0.00005502,0.00005600,0.00005495,0.00005597,291781.00000000
1526173200,1526176799,0.00005584,0.00005600,0.00005501,0.00005501,236439.00000000
1526176800,1526180399,0.00005542,0.00005553,0.00005502,0.00005529,142067.00000000
1526180400,1526183999,0.00005529,0.00005547,0.00005504,0.00005527,159598.00000000
1526184000,1526187599,0.00005518,0.00005657,0.00005503,0.00005531,323065.00000000
1526187600,1526191199,0.00005525,0.00005565,0.00005461,0.00005493,263306.00000000
1526191200,1526194799,0.00005498,0.00005611,0.00005477,0.00005597,50552.00000000
1526194800,1526198399,0.00005597,0.00005652,0.00005551,0.00005652,88206.00000000
1526198400,1526201999,0.00005649,0.00005827,0.00005628,0.00005666,493969.00000000
1526202000,1526205599,0.00005667,0.00005780,0.00005633,0.00005659,232579.00000000
1526205600,1526209199,0.00005659,0.00005748,0.00005659,0.00005695,215407.00000000
1526209200,1526212799,0.00005719,0.00005874,0.00005690,0.00005874,355377.00000000
1526212800,1526216399,0.00005767,0.00005871,0.00005673,0.00005770,237063.00000000
1526216400,1526219999,0.00005778,0.00005895,0.00005755,0.00005837,225492.00000000
1526220000,1526223599,0.00005830,0.00005988,0.00005770,0.00005938,331424.00000000
1526223600,1526227199,0.00005938,0.00005982,0.00005772,0.00005790,420007.00000000
1526227200,1526230799,0.00005782,0.00005850,0.00005722,0.00005784,559372.00000000
1526230800,1526234399,0.00005761,0.00005841,0.00005622,0.00005696,580699.00000000
1526234400,1526237999,0.00005696,0.00005696,0.00005592,0.00005683,192659.00000000
1526238000,1526241599,0.00005683,0.00005760,0.00005649,0.00005729,199854.00000000
1526241600,1526245199,0.00005729,0.00005788,0.00005689,0.00005782,165901.00000000
1526245200,1526248799,0.00005765,0.00005788,0.00005684,0.00005726,247402.00000000
1526248800,1526252399,0.00005720,0.00005744,0.00005623,0.00005663,305133.00000000
1526252400,1526255999,0.00005663,0.00005698,0.00005633,0.00005649,698301.00000000
1526256000,1526259599,0.00005641,0.00005679,0.00005568,0.00005606,333768.00000000
1526259600,1526263199,0.00005609,0.00005648,0.00005598,0.00005611,66596.00000000
1526263200,1526266799,0.00005610,0.00005715,0.00005605,0.00005715,172806.00000000
1526266800,1526270399,0.00005723,0.00005755,0.00005423,0.00005530,735095.00000000
1526270400,1526273999,0.00005500,0.00005599,0.00005458,0.00005517,320485.00000000
1526274000,1526277599,0.00005511,0.00005699,0.00005511,0.00005592,265552.00000000
1526277600,1526281199,0.00005598,0.00005642,0.00005523,0.00005598,142592.00000000
1526281200,1526284799,0.00005605,0.00005609,0.00005509,0.00005564,395048.00000000
1526284800,1526288399,0.00005553,0.00005599,0.00005553,0.00005587,56903.00000000
1526288400,1526291999,0.00005581,0.00005639,0.00005534,0.00005543,261262.00000000
1526292000,1526295599,0.00005571,0.00005571,0.00005484,0.00005506,283520.00000000
1526295600,1526299199,0.00005500,0.00005557,0.00005484,0.00005557,236359.00000000
1526299200,1526302799,0.00005564,0.00005581,0.00005537,0.00005581,249768.00000000
1526302800,1526306399,0.00005582,0.00005623,0.00005538,0.00005577,454349.00000000
1526306400,1526309999,0.00005578,0.00005858,0.00005569,0.00005805,623722.00000000
1526310000,1526313599,0.00005780,0.00005828,0.00005711,0.00005722,289575.00000000
1526313600,1526317199,0.00005738,0.00005806,0.00005700,0.00005714,161469.00000000
1526317200,1526320799,0.00005711,0.00005716,0.00005609,0.00005629,310739.00000000
1526320800,1526324399,0.00005631,0.00005697,0.00005602,0.00005656,193220.00000000
1526324400,1526327999,0.00005654,0.00005689,0.00005607,0.00005665,138859.00000000
1526328000,1526331599,0.00005675,0.00005941,0.00005615,0.00005632,380233.00000000
1526331600,1526335199,0.00005648,0.00005669,0.00005577,0.00005578,190171.00000000
1526335200,1526338799,0.00005577,0.00005649,0.00005550,0.00005571,233240.00000000
1526338800,1526342399,0.00005570,0.00005578,0.00005550,0.00005552,86972.00000000
1526342400,1526345999,0.00005555,0.00005580,0.00005555,0.00005556,24508.00000000
1526346000,1526349599,0.00005570,0.00005593,0.00005535,0.00005550,232118.00000000
1526349600,1526353199,0.00005560,0.00005709,0.00005534,0.00005571,96350.00000000
1526353200,1526356799,0.00005573,0.00005626,0.00005552,0.00005626,121575.00000000
1526356800,1526360399,0.00005634,0.00005697,0.00005611,0.00005655,67051.00000000
1526360400,1526363999,0.00005655,0.00005673,0.00005582,0.00005673,195681.00000000
1526364000,1526367599,0.00005673,0.00005757,0.00005644,0.00005706,224835.00000000
1526367600,1526371199,0.00005691,0.00005719,0.00005590,0.00005683,168739.00000000
1526371200,1526374799,0.00005684,0.00005687,0.00005601,0.00005660,192074.00000000
1526374800,1526378399,0.00005653,0.00005691,0.00005600,0.00005672,140582.00000000
1526378400,1526381999,0.00005681,0.00005722,0.00005672,0.00005706,338913.00000000
1526382000,1526385599,0.00005706,0.00005726,0.00005662,0.00005691,303846.00000000
1526385600,1526389199,0.00005684,0.00005687,0.00005611,0.00005611,256775.00000000
1526389200,1526392799,0.00005611,0.00005675,0.00005562,0.00005675,440569.00000000
1526392800,1526396399,0.00005675,0.00005692,0.00005460,0.00005489,598495.00000000
1526396400,1526399999,0.00005477,0.00005518,0.00005455,0.00005471,367705.00000000
1526400000,1526403599,0.00005470,0.00005492,0.00005438,0.00005457,288308.00000000
1526403600,1526407199,0.00005458,0.00005524,0.00005445,0.00005486,359720.00000000
1526407200,1526410799,0.00005486,0.00005491,0.00005348,0.00005378,816003.00000000
1526410800,1526414399,0.00005369,0.00005453,0.00005358,0.00005453,143188.00000000
1526414400,1526417999,0.00005464,0.00005496,0.00005381,0.00005381,141958.00000000
1526418000,1526421599,0.00005423,0.00005743,0.00005353,0.00005448,775178.00000000
1526421600,1526425199,0.00005444,0.00005461,0.00005413,0.00005424,134532.00000000
1526425200,1526428799,0.00005421,0.00005421,0.00005355,0.00005412,294404.00000000
1526428800,1526432399,0.00005421,0.00005421,0.00005267,0.00005301,1323963.00000000
1526432400,1526435999,0.00005301,0.00005329,0.00005201,0.00005294,285939.00000000
1526436000,1526439599,0.00005285,0.00005321,0.00005173,0.00005176,201003.00000000
1526439600,1526443199,0.00005176,0.00005255,0.00005175,0.00005217,130799.00000000
1526443200,1526446799,0.00005232,0.00005282,0.00005217,0.00005258,79222.00000000
1526446800,1526450399,0.00005289,0.00005328,0.00005231,0.00005257,231112.00000000
1526450400,1526453999,0.00005244,0.00005331,0.00005224,0.00005330,236463.00000000
1526454000,1526457599,0.00005317,0.00005331,0.00005265,0.00005296,199195.00000000
1526457600,1526461199,0.00005295,0.00005317,0.00005278,0.00005286,81297.00000000
1526461200,1526464799,0.00005276,0.00005281,0.00005227,0.00005265,91385.00000000
1526464800,1526468399,0.00005264,0.00005328,0.00005224,0.00005288,145162.00000000
1526468400,1526471999,0.00005280,0.00005326,0.00005252,0.00005326,70246.00000000
1526472000,1526475599,0.00005320,0.00005320,0.00005236,0.00005294,210017.00000000
1526475600,1526479199,0.00005295,0.00005327,0.00005207,0.00005271,497604.00000000
1526479200,1526482799,0.00005266,0.00005288,0.00005226,0.00005268,211205.00000000
1526482800,1526486399,0.00005267,0.00005282,0.00005222,0.00005248,536660.00000000
1526486400,1526489999,0.00005256,0.00005283,0.00005219,0.00005234,236565.00000000
1526490000,1526493599,0.00005252,0.00005283,0.00005252,0.00005270,255866.00000000
1526493600,1526497199,0.00005268,0.00005271,0.00005256,0.00005258,23981.00000000
1526497200,1526500799,0.00005256,0.00005280,0.00005256,0.00005258,147932.00000000
1526500800,1526504399,0.00005258,0.00005298,0.00005256,0.00005275,154093.00000000
1526504400,1526507999,0.00005287,0.00005316,0.00005271,0.00005275,49915.00000000
1526508000,1526511599,0.00005272,0.00005287,0.00005256,0.00005275,58828.00000000
1526511600,1526515199,0.00005259,0.00005428,0.00005257,0.00005333,246402.00000000
1526515200,1526518799,0.00005344,0.00005683,0.00005329,0.00005405,563865.00000000
1526518800,1526522399,0.00005403,0.00005599,0.00005339,0.00005389,291397.00000000
1526522400,1526525999,0.00005395,0.00005428,0.00005353,0.00005361,58677.00000000
1526526000,1526529599,0.00005361,0.00005422,0.00005350,0.00005353,148604.00000000
1526529600,1526533199,0.00005343,0.00005399,0.00005343,0.00005373,232991.00000000
1526533200,1526536799,0.00005355,0.00005359,0.00005300,0.00005323,100376.00000000
1526536800,1526540399,0.00005336,0.00005344,0.00005327,0.00005335,74737.00000000
1526540400,1526543999,0.00005340,0.00005357,0.00005300,0.00005311,141036.00000000
1526544000,1526547599,0.00005300,0.00005312,0.00005257,0.00005270,116373.00000000
1526547600,1526551199,0.00005270,0.00005310,0.00005268,0.00005310,42981.00000000
1526551200,1526554799,0.00005306,0.00005357,0.00005306,0.00005344,63002.00000000
1526554800,1526558399,0.00005345,0.00005357,0.00005292,0.00005297,57089.00000000
1526558400,1526561999,0.00005292,0.00005328,0.00005260,0.00005292,244800.00000000
1526562000,1526565599,0.00005292,0.00005331,0.00005268,0.00005316,338763.00000000
1526565600,1526569199,0.00005316,0.00005334,0.00005247,0.00005250,338557.00000000
1526569200,1526572799,0.00005252,0.00005340,0.00005244,0.00005328,329232.00000000
1526572800,1526576399,0.00005336,0.00005417,0.00005328,0.00005371,218829.00000000
1526576400,1526579999,0.00005386,0.00005397,0.00005299,0.00005332,162740.00000000
1526580000,1526583599,0.00005359,0.00005380,0.00005306,0.00005320,130270.00000000
1526583600,1526587199,0.00005311,0.00005343,0.00005291,0.00005300,158533.00000000
1526587200,1526590799,0.00005311,0.00005470,0.00005281,0.00005281,232720.00000000
1526590800,1526594399,0.00005282,0.00005362,0.00005279,0.00005317,118471.00000000
1526594400,1526597999,0.00005317,0.00005335,0.00005222,0.00005244,311329.00000000
1526598000,1526601599,0.00005254,0.00005270,0.00005090,0.00005090,1076617.00000000
1526601600,1526605199,0.00005120,0.00005191,0.00005055,0.00005099,361546.00000000
1526605200,1526608799,0.00005108,0.00005223,0.00005100,0.00005185,125610.00000000
1526608800,1526612399,0.00005185,0.00005404,0.00005130,0.00005156,282266.00000000
1526612400,1526615999,0.00005156,0.00005199,0.00005119,0.00005188,105320.00000000
1526616000,1526619599,0.00005179,0.00005217,0.00005159,0.00005200,82515.00000000
1526619600,1526623199,0.00005200,0.00005232,0.00005139,0.00005224,151399.00000000
1526623200,1526626799,0.00005212,0.00005244,0.00005212,0.00005212,121692.00000000
1526626800,1526630399,0.00005212,0.00005212,0.00005142,0.00005186,128511.00000000
1526630400,1526633999,0.00005164,0.00005267,0.00005161,0.00005248,383070.00000000
1526634000,1526637599,0.00005248,0.00005279,0.00005238,0.00005238,324563.00000000
1526637600,1526641199,0.00005227,0.00005261,0.00005200,0.00005224,191958.00000000
1526641200,1526644799,0.00005224,0.00005240,0.00005147,0.00005176,173325.00000000
1526644800,1526648399,0.00005145,0.00005173,0.00005109,0.00005125,155174.00000000
1526648400,1526651999,0.00005126,0.00005190,0.00005126,0.00005180,82711.00000000
1526652000,1526655599,0.00005170,0.00005171,0.00005108,0.00005139,233193.00000000
1526655600,1526659199,0.00005142,0.00005168,0.00005116,0.00005168,182791.00000000
1526659200,1526662799,0.00005168,0.00005174,0.00005119,0.00005124,96667.00000000
1526662800,1526666399,0.00005125,0.00005166,0.00005124,0.00005132,74794.00000000
1526666400,1526669999,0.00005162,0.00005166,0.00005124,0.00005155,160611.00000000
1526670000,1526673599,0.00005155,0.00005235,0.00005142,0.00005225,249718.00000000
1526673600,1526677199,0.00005235,0.00005284,0.00005173,0.00005252,147261.00000000
1526677200,1526680799,0.00005235,0.00005235,0.00005186,0.00005210,78037.00000000
1526680800,1526684399,0.00005210,0.00005238,0.00005155,0.00005212,192117.00000000
1526684400,1526687999,0.00005170,0.00005178,0.00005170,0.00005178,11060.00000000
1526688000,1526691599,0.00005170,0.00005266,0.00005150,0.00005187,174933.00000000
1526691600,1526695199,0.00005180,0.00005207,0.00005154,0.00005168,578355.00000000
1526695200,1526698799,0.00005165,0.00005225,0.00005165,0.00005215,94150.00000000
1526698800,1526702399,0.00005225,0.00005277,0.00005191,0.00005246,153926.00000000
1526702400,1526705999,0.00005233,0.00005255,0.00005171,0.00005178,219718.00000000
1526706000,1526709599,0.00005171,0.00005204,0.00005110,0.00005151,242518.00000000
1526709600,1526713199,0.00005139,0.00005151,0.00005082,0.00005123,122438.00000000
1526713200,1526716799,0.00005098,0.00005146,0.00005085,0.00005092,156052.00000000
1526716800,1526720399,0.00005090,0.00005171,0.00005086,0.00005143,122218.00000000
1526720400,1526723999,0.00005139,0.00005144,0.00005116,0.00005116,118056.00000000
1526724000,1526727599,0.00005110,0.00005147,0.00005100,0.00005137,68927.00000000
1526727600,1526731199,0.00005159,0.00005159,0.00005101,0.00005102,70748.00000000
1526731200,1526734799,0.00005101,0.00005172,0.00005101,0.00005172,463742.00000000
1526734800,1526738399,0.00005173,0.00005197,0.00005105,0.00005152,139749.00000000
1526738400,1526741999,0.00005146,0.00005198,0.00005140,0.00005161,73759.00000000
1526742000,1526745599,0.00005175,0.00005179,0.00005101,0.00005129,110354.00000000
1526745600,1526749199,0.00005116,0.00005156,0.00005102,0.00005131,206507.00000000
1526749200,1526752799,0.00005139,0.00005142,0.00005106,0.00005135,82384.00000000
1526752800,1526756399,0.00005142,0.00005142,0.00005110,0.00005137,30440.00000000
1526756400,1526759999,0.00005119,0.00005138,0.00005105,0.00005119,56119.00000000
1526760000,1526763599,0.00005100,0.00005142,0.00005100,0.00005142,181845.00000000
1526763600,1526767199,0.00005139,0.00005161,0.00005108,0.00005159,69694.00000000
1526767200,1526770799,0.00005152,0.00005159,0.00005115,0.00005159,46859.00000000
1526770800,1526774399,0.00005159,0.00005390,0.00005119,0.00005209,881023.00000000
1526774400,1526777999,0.00005195,0.00005288,0.00005000,0.00005154,944538.00000000
1526778000,1526781599,0.00005154,0.00005175,0.00005087,0.00005099,413940.00000000
1526781600,1526785199,0.00005122,0.00005127,0.00005047,0.00005051,230369.00000000
1526785200,1526788799,0.00005051,0.00005052,0.00005001,0.00005052,697884.00000000
1526788800,1526792399,0.00005052,0.00005066,0.00005000,0.00005049,139478.00000000
1526792400,1526795999,0.00005037,0.00005060,0.00004997,0.00005034,282204.00000000
1526796000,1526799599,0.00005055,0.00005161,0.00005012,0.00005068,101698.00000000
1526799600,1526803199,0.00005065,0.00005079,0.00005026,0.00005055,70512.00000000
1526803200,1526806799,0.00005055,0.00005075,0.00005007,0.00005043,76855.00000000
1526806800,1526810399,0.00005027,0.00005063,0.00005027,0.00005052,51010.00000000
1526810400,1526813999,0.00005040,0.00005079,0.00005037,0.00005056,95176.00000000
1526814000,1526817599,0.00005077,0.00005128,0.00005061,0.00005094,96891.00000000
1526817600,1526821199,0.00005098,0.00005162,0.00005034,0.00005098,629842.00000000
1526821200,1526824799,0.00005099,0.00005105,0.00005066,0.00005087,38901.00000000
1526824800,1526828399,0.00005090,0.00005117,0.00005066,0.00005070,132379.00000000
1526828400,1526831999,0.00005077,0.00005135,0.00005051,0.00005107,410796.00000000
1526832000,1526835599,0.00005114,0.00005292,0.00005114,0.00005240,443534.00000000
1526835600,1526839199,0.00005247,0.00005464,0.00005205,0.00005452,832335.00000000
1526839200,1526842799,0.00005462,0.00005571,0.00005288,0.00005359,1823476.00000000
1526842800,1526846399,0.00005359,0.00005511,0.00005359,0.00005425,736025.00000000
1526846400,1526849999,0.00005418,0.00005434,0.00005280,0.00005397,580790.00000000
1526850000,1526853599,0.00005397,0.00005397,0.00005264,0.00005320,231071.00000000
1526853600,1526857199,0.00005324,0.00005373,0.00005282,0.00005313,262843.00000000
1526857200,1526860799,0.00005317,0.00005370,0.00005281,0.00005340,514382.00000000
1526860800,1526864399,0.00005330,0.00005349,0.00005278,0.00005310,331354.00000000
1526864400,1526867999,0.00005308,0.00005310,0.00005248,0.00005280,287541.00000000
1526868000,1526871599,0.00005294,0.00005324,0.00005229,0.00005238,197892.00000000
1526871600,1526875199,0.00005248,0.00005322,0.00005215,0.00005298,421501.00000000
1526875200,1526878799,0.00005298,0.00005405,0.00005255,0.00005401,348884.00000000
1526878800,1526882399,0.00005401,0.00005551,0.00005346,0.00005545,818035.00000000
1526882400,1526885999,0.00005545,0.00005588,0.00005404,0.00005468,1394526.00000000
1526886000,1526889599,0.00005468,0.00005495,0.00005350,0.00005404,963220.00000000
1526889600,1526893199,0.00005404,0.00005422,0.00005328,0.00005351,278705.00000000
1526893200,1526896799,0.00005328,0.00005429,0.00005328,0.00005388,154464.00000000
1526896800,1526900399,0.00005367,0.00005408,0.00005286,0.00005297,246234.00000000
1526900400,1526903999,0.00005330,0.00005400,0.00005257,0.00005364,283767.00000000
1526904000,1526907599,0.00005370,0.00005417,0.00005345,0.00005374,388678.00000000
1526907600,1526911199,0.00005375,0.00005410,0.00005317,0.00005348,378166.00000000
1526911200,1526914799,0.00005337,0.00005364,0.00005230,0.00005248,514360.00000000
1526914800,1526918399,0.00005248,0.00005302,0.00005090,0.00005206,1003619.00000000
1526918400,1526921999,0.00005210,0.00005270,0.00005198,0.00005208,293748.00000000
1526922000,1526925599,0.00005216,0.00005319,0.00005208,0.00005235,159355.00000000
1526925600,1526929199,0.00005241,0.00005410,0.00005223,0.00005348,710789.00000000
1526929200,1526932799,0.00005341,0.00005405,0.00005245,0.00005245,199490.00000000
1526932800,1526936399,0.00005263,0.00005450,0.00005246,0.00005274,333656.00000000
1526936400,1526939999,0.00005273,0.00005293,0.00005231,0.00005274,86295.00000000
1526940000,1526943599,0.00005274,0.00005328,0.00005265,0.00005294,99188.00000000
1526943600,1526947199,0.00005284,0.00005308,0.00005235,0.00005275,76488.00000000
1526947200,1526950799,0.00005274,0.00005274,0.00005213,0.00005232,134307.00000000
1526950800,1526954399,0.00005238,0.00005256,0.00005176,0.00005220,157389.00000000
1526954400,1526957999,0.00005220,0.00005247,0.00005176,0.00005204,82984.00000000
1526958000,1526961599,0.00005204,0.00005241,0.00005204,0.00005224,140615.00000000
1526961600,1526965199,0.00005224,0.00005246,0.00005184,0.00005201,122292.00000000
1526965200,1526968799,0.00005201,0.00005224,0.00005141,0.00005173,528833.00000000
1526968800,1526972399,0.00005149,0.00005212,0.00005132,0.00005154,218990.00000000
1526972400,1526975999,0.00005155,0.00005213,0.00005151,0.00005183,61362.00000000
1526976000,1526979599,0.00005198,0.00005258,0.00005153,0.00005180,121292.00000000
1526979600,1526983199,0.00005189,0.00005306,0.00005123,0.00005139,270723.00000000
1526983200,1526986799,0.00005139,0.00005188,0.00005129,0.00005132,227743.00000000
1526986800,1526990399,0.00005131,0.00005142,0.00005090,0.00005090,238625.00000000
1526990400,1526993999,0.00005092,0.00005106,0.00005006,0.00005055,424291.00000000
1526994000,1526997599,0.00005058,0.00005106,0.00005036,0.00005068,341567.00000000
1526997600,1527001199,0.00005068,0.00005114,0.00005064,0.00005089,892803.00000000
1527001200,1527004799,0.00005089,0.00005140,0.00005067,0.00005139,310330.00000000
1527004800,1527008399,0.00005086,0.00005108,0.00005064,0.00005095,420583.00000000
1527008400,1527011999,0.00005095,0.00005162,0.00005074,0.00005148,54112.00000000
1527012000,1527015599,0.00005149,0.00005155,0.00005067,0.00005155,123251.00000000
1527015600,1527019199,0.00005149,0.00005287,0.00005093,0.00005119,371531.00000000
1527019200,1527022799,0.00005119,0.00005199,0.00005066,0.00005069,309750.00000000
1527022800,1527026399,0.00005104,0.00005120,0.00005064,0.00005096,521453.00000000
1527026400,1527029999,0.00005096,0.00005272,0.00005087,0.00005113,314241.00000000
1527030000,1527033599,0.00005113,0.00005197,0.00005099,0.00005145,205730.00000000
1527033600,1527037199,0.00005144,0.00005200,0.00005083,0.00005152,501823.00000000
1527037200,1527040799,0.00005147,0.00005230,0.00005081,0.00005143,408147.00000000
1527040800,1527044399,0.00005158,0.00005169,0.00005100,0.00005105,135263.00000000
1527044400,1527047999,0.00005116,0.00005132,0.00005094,0.00005100,153898.00000000
1527048000,1527051599,0.00005095,0.00005207,0.00005083,0.00005188,459371.00000000
1527051600,1527055199,0.00005188,0.00005188,0.00005095,0.00005131,61277.00000000
1527055200,1527058799,0.00005129,0.00005229,0.00005095,0.00005142,301715.00000000
1527058800,1527062399,0.00005150,0.00005208,0.00005106,0.00005150,130287.00000000
1527062400,1527065999,0.00005151,0.00005164,0.00005096,0.00005106,347108.00000000
1527066000,1527069599,0.00005125,0.00005125,0.00004889,0.00004931,2499151.00000000
1527069600,1527073199,0.00004938,0.00004986,0.00004914,0.00004932,331002.00000000
1527073200,1527076799,0.00004925,0.00004999,0.00004914,0.00004975,213307.00000000
1527076800,1527080399,0.00004947,0.00005063,0.00004916,0.00004984,277352.00000000
1527080400,1527083999,0.00004977,0.00005095,0.00004960,0.00005080,150747.00000000
1527084000,1527087599,0.00005071,0.00005160,0.00005071,0.00005101,84932.00000000
1527087600,1527091199,0.00005106,0.00005126,0.00004969,0.00005015,192581.00000000
1527091200,1527094799,0.00005015,0.00005064,0.00004827,0.00005019,1052868.00000000
1527094800,1527098399,0.00005037,0.00005037,0.00004882,0.00004964,255631.00000000
1527098400,1527101999,0.00004972,0.00004972,0.00004836,0.00004871,235021.00000000
1527102000,1527105599,0.00004877,0.00004984,0.00004835,0.00004891,630375.00000000
1527105600,1527109199,0.00004891,0.00004999,0.00004890,0.00004942,159841.00000000
1527109200,1527112799,0.00004942,0.00004992,0.00004939,0.00004963,195292.00000000
1527112800,1527116399,0.00004950,0.00005050,0.00004949,0.00005017,326855.00000000
1527116400,1527119999,0.00005016,0.00005017,0.00004963,0.00004995,311287.00000000
1527120000,1527123599,0.00005006,0.00005013,0.00004973,0.00005013,102939.00000000
1527123600,1527127199,0.00005011,0.00005106,0.00004993,0.00005033,423255.00000000
1527127200,1527130799,0.00005029,0.00005050,0.00004973,0.00004973,239198.00000000
1527130800,1527134399,0.00004974,0.00005074,0.00004973,0.00004973,172711.00000000
1527134400,1527137999,0.00004978,0.00005029,0.00004927,0.00004939,587391.00000000
1527138000,1527141599,0.00004959,0.00005150,0.00004936,0.00005034,247944.00000000
1527141600,1527145199,0.00005030,0.00005059,0.00004973,0.00004973,73463.00000000
1527145200,1527148799,0.00004978,0.00005005,0.00004819,0.00004902,439863.00000000
1527148800,1527152399,0.00004897,0.00004930,0.00004813,0.00004870,203557.00000000
1527152400,1527155999,0.00004898,0.00004940,0.00004850,0.00004888,277465.00000000
1527156000,1527159599,0.00004889,0.00004922,0.00004817,0.00004901,172544.00000000
1527159600,1527163199,0.00004906,0.00004962,0.00004887,0.00004946,118875.00000000
1527163200,1527166799,0.00004938,0.00004982,0.00004922,0.00004947,123204.00000000
1527166800,1527170399,0.00004943,0.00005090,0.00004878,0.00004982,782968.00000000
1527170400,1527173999,0.00004975,0.00005005,0.00004900,0.00004924,274262.00000000
1527174000,1527177599,0.00004924,0.00004994,0.00004902,0.00004970,163815.00000000
1527177600,1527181199,0.00004994,0.00005099,0.00004994,0.00005056,160272.00000000
1527181200,1527184799,0.00005056,0.00005079,0.00005012,0.00005057,73874.00000000
1527184800,1527188399,0.00005055,0.00005057,0.00004973,0.00004992,177374.00000000
1527188400,1527191999,0.00004992,0.00005018,0.00004970,0.00004974,113386.00000000
1527192000,1527195599,0.00004974,0.00005007,0.00004941,0.00005007,131911.00000000
1527195600,1527199199,0.00005007,0.00005013,0.00004975,0.00004986,189703.00000000
1527199200,1527202799,0.00005005,0.00005016,0.00004986,0.00005016,132699.00000000
1527202800,1527206399,0.00005016,0.00005061,0.00004987,0.00004996,229955.00000000
1527206400,1527209999,0.00004976,0.00005050,0.00004954,0.00005019,174287.00000000
1527210000,1527213599,0.00005027,0.00005043,0.00004958,0.00004958,143001.00000000
1527213600,1527217199,0.00004975,0.00005002,0.00004930,0.00004983,80629.00000000
1527217200,1527220799,0.00004997,0.00004999,0.00004928,0.00004956,70982.00000000
1527220800,1527224399,0.00004953,0.00004985,0.00004909,0.00004938,143842.00000000
1527224400,1527227999,0.00004982,0.00004982,0.00004915,0.00004915,37805.00000000
1527228000,1527231599,0.00004915,0.00004944,0.00004883,0.00004904,250776.00000000
1527231600,1527235199,0.00004896,0.00004943,0.00004801,0.00004840,263621.00000000
1527235200,1527238799,0.00004840,0.00004887,0.00004818,0.00004854,71172.00000000
1527238800,1527242399,0.00004876,0.00004876,0.00004827,0.00004827,36640.00000000
1527242400,1527245999,0.00004827,0.00004897,0.00004801,0.00004843,216951.00000000
1527246000,1527249599,0.00004838,0.00004949,0.00004801,0.00004881,74809.00000000
1527249600,1527253199,0.00004865,0.00004885,0.00004804,0.00004855,127262.00000000
1527253200,1527256799,0.00004827,0.00004998,0.00004820,0.00004869,360751.00000000
1527256800,1527260399,0.00004857,0.00004942,0.00004857,0.00004910,26734.00000000
1527260400,1527263999,0.00004910,0.00004910,0.00004870,0.00004898,68767.00000000
1527264000,1527267599,0.00004879,0.00004896,0.00004841,0.00004885,43682.00000000
1527267600,1527271199,0.00004876,0.00004932,0.00004868,0.00004912,132223.00000000
1527271200,1527274799,0.00004911,0.00004939,0.00004850,0.00004899,436132.00000000
1527274800,1527278399,0.00004914,0.00004999,0.00004854,0.00004893,152042.00000000
1527278400,1527281999,0.00004895,0.00004960,0.00004873,0.00004900,115171.00000000
1527282000,1527285599,0.00004901,0.00004947,0.00004889,0.00004919,56210.00000000
1527285600,1527289199,0.00004935,0.00004944,0.00004861,0.00004925,68474.00000000
1527289200,1527292799,0.00004898,0.00004898,0.00004738,0.00004742,1224423.00000000
1527292800,1527296399,0.00004754,0.00004763,0.00004604,0.00004636,1022051.00000000
1527296400,1527299999,0.00004638,0.00004694,0.00004450,0.00004627,2239295.00000000
1527300000,1527303599,0.00004627,0.00004684,0.00004567,0.00004667,355284.00000000
1527303600,1527307199,0.00004666,0.00004704,0.00004611,0.00004653,293484.00000000
1527307200,1527310799,0.00004654,0.00004666,0.00004587,0.00004620,370860.00000000
1527310800,1527314399,0.00004603,0.00004627,0.00004580,0.00004603,78234.00000000
1527314400,1527317999,0.00004602,0.00004639,0.00004580,0.00004613,104464.00000000
1527318000,1527321599,0.00004624,0.00004736,0.00004585,0.00004736,397195.00000000
1527321600,1527325199,0.00004719,0.00004738,0.00004694,0.00004712,138847.00000000
1527325200,1527328799,0.00004692,0.00004704,0.00004677,0.00004680,62234.00000000
1527328800,1527332399,0.00004692,0.00004715,0.00004672,0.00004673,148576.00000000
1527332400,1527335999,0.00004674,0.00004674,0.00004609,0.00004663,156115.00000000
1527336000,1527339599,0.00004663,0.00004689,0.00004629,0.00004677,259001.00000000
1527339600,1527343199,0.00004691,0.00004759,0.00004690,0.00004735,235236.00000000
1527343200,1527346799,0.00004728,0.00004772,0.00004656,0.00004707,220571.00000000
1527346800,1527350399,0.00004707,0.00004750,0.00004650,0.00004677,130018.00000000
1527350400,1527353999,0.00004684,0.00004801,0.00004632,0.00004661,165208.00000000
1527354000,1527357599,0.00004661,0.00004674,0.00004654,0.00004659,46124.00000000
1527357600,1527361199,0.00004659,0.00004666,0.00004607,0.00004626,90471.00000000
1527361200,1527364799,0.00004614,0.00004630,0.00004607,0.00004629,120727.00000000
1527364800,1527368399,0.00004629,0.00004800,0.00004629,0.00004670,167584.00000000
1527368400,1527371999,0.00004670,0.00004670,0.00004643,0.00004652,180773.00000000
1527372000,1527375599,0.00004629,0.00004657,0.00004604,0.00004618,111949.00000000
1527375600,1527379199,0.00004618,0.00004656,0.00004604,0.00004656,95314.00000000
1527379200,1527382799,0.00004633,0.00004668,0.00004600,0.00004614,346050.00000000
1527382800,1527386399,0.00004614,0.00004666,0.00004600,0.00004631,312546.00000000
1527386400,1527389999,0.00004632,0.00004645,0.00004600,0.00004610,97307.00000000
1527390000,1527393599,0.00004612,0.00004664,0.00004612,0.00004663,77493.00000000
1527393600,1527397199,0.00004663,0.00004663,0.00004608,0.00004615,69999.00000000
1527397200,1527400799,0.00004632,0.00004646,0.00004608,0.00004646,73391.00000000
1527400800,1527404399,0.00004624,0.00004629,0.00004600,0.00004608,240570.00000000
1527404400,1527407999,0.00004594,0.00004594,0.00004580,0.00004580,139024.00000000
1527408000,1527411599,0.00004580,0.00004751,0.00004575,0.00004696,889520.00000000
1527411600,1527415199,0.00004722,0.00004801,0.00004701,0.00004784,1599758.00000000
1527415200,1527418799,0.00004790,0.00005032,0.00004790,0.00004893,1245846.00000000
1527418800,1527422399,0.00004896,0.00004898,0.00004807,0.00004845,339101.00000000
1527422400,1527425999,0.00004820,0.00004849,0.00004800,0.00004847,377526.00000000
1527426000,1527429599,0.00004847,0.00004897,0.00004810,0.00004811,283161.00000000
1527429600,1527433199,0.00004811,0.00004923,0.00004769,0.00004898,231678.00000000
1527433200,1527436799,0.00004919,0.00004939,0.00004896,0.00004938,713111.00000000
1527436800,1527440399,0.00004920,0.00004938,0.00004856,0.00004913,168873.00000000
1527440400,1527443999,0.00004909,0.00005000,0.00004886,0.00004941,391791.00000000
1527444000,1527447599,0.00004917,0.00004947,0.00004890,0.00004936,213435.00000000
1527447600,1527451199,0.00004944,0.00005000,0.00004911,0.00004911,949815.00000000
1527451200,1527454799,0.00004938,0.00005020,0.00004911,0.00004922,204047.00000000
1527454800,1527458399,0.00004928,0.00004944,0.00004810,0.00004849,372376.00000000
1527458400,1527461999,0.00004849,0.00004894,0.00004848,0.00004862,119329.00000000
1527462000,1527465599,0.00004867,0.00004895,0.00004864,0.00004895,75229.00000000
1527465600,1527469199,0.00004896,0.00004903,0.00004859,0.00004891,55125.00000000
1527469200,1527472799,0.00004891,0.00004920,0.00004818,0.00004873,343049.00000000
1527472800,1527476399,0.00004860,0.00004911,0.00004838,0.00004903,109138.00000000
1527476400,1527479999,0.00004903,0.00004911,0.00004808,0.00004866,90905.00000000
1527480000,1527483599,0.00004864,0.00004893,0.00004823,0.00004891,287047.00000000
1527483600,1527487199,0.00004876,0.00004961,0.00004791,0.00004809,1182564.00000000
1527487200,1527490799,0.00004808,0.00004907,0.00004768,0.00004843,866611.00000000
1527490800,1527494399,0.00004843,0.00004901,0.00004780,0.00004886,324098.00000000
1527494400,1527497999,0.00004879,0.00004886,0.00004763,0.00004777,340780.00000000
1527498000,1527501599,0.00004777,0.00004813,0.00004744,0.00004744,225616.00000000
1527501600,1527505199,0.00004756,0.00004786,0.00004704,0.00004731,426425.00000000
1527505200,1527508799,0.00004773,0.00004807,0.00004700,0.00004763,536151.00000000
1527508800,1527512399,0.00004763,0.00004785,0.00004701,0.00004779,143372.00000000
1527512400,1527515999,0.00004773,0.00004831,0.00004726,0.00004823,389486.00000000
1527516000,1527519599,0.00004825,0.00004863,0.00004791,0.00004848,163795.00000000
1527519600,1527523199,0.00004831,0.00004859,0.00004798,0.00004848,225103.00000000
1527523200,1527526799,0.00004833,0.00004846,0.00004818,0.00004842,26395.00000000
1527526800,1527530399,0.00004842,0.00004943,0.00004820,0.00004860,236358.00000000
1527530400,1527533999,0.00004882,0.00004997,0.00004740,0.00004839,576698.00000000
1527534000,1527537599,0.00004856,0.00004909,0.00004842,0.00004871,87702.00000000
1527537600,1527541199,0.00004869,0.00004980,0.00004868,0.00004923,333940.00000000
1527541200,1527544799,0.00004928,0.00004962,0.00004840,0.00004841,192885.00000000
1527544800,1527548399,0.00004842,0.00004895,0.00004768,0.00004824,257415.00000000
1527548400,1527551999,0.00004826,0.00004835,0.00004750,0.00004821,127462.00000000
1527552000,1527555599,0.00004825,0.00004830,0.00004761,0.00004804,196607.00000000
1527555600,1527559199,0.00004804,0.00004889,0.00004766,0.00004796,118561.00000000
1527559200,1527562799,0.00004773,0.00004883,0.00004753,0.00004840,206184.00000000
1527562800,1527566399,0.00004824,0.00004878,0.00004732,0.00004774,480189.00000000
1527566400,1527569999,0.00004772,0.00004796,0.00004735,0.00004776,122635.00000000
1527570000,1527573599,0.00004789,0.00004923,0.00004770,0.00004791,438810.00000000
1527573600,1527577199,0.00004791,0.00004808,0.00004730,0.00004794,210692.00000000
1527577200,1527580799,0.00004794,0.00004811,0.00004753,0.00004797,150813.00000000
1527580800,1527584399,0.00004809,0.00004899,0.00004807,0.00004820,203696.00000000
1527584400,1527587999,0.00004833,0.00004845,0.00004753,0.00004845,510229.00000000
1527588000,1527591599,0.00004845,0.00004914,0.00004759,0.00004857,1490743.00000000
1527591600,1527595199,0.00004848,0.00004930,0.00004848,0.00004880,265218.00000000
1527595200,1527598799,0.00004880,0.00004980,0.00004860,0.00004903,534338.00000000
1527598800,1527602399,0.00004873,0.00004903,0.00004848,0.00004879,192978.00000000
1527602400,1527605999,0.00004873,0.00004888,0.00004842,0.00004888,393164.00000000
1527606000,1527609599,0.00004889,0.00005080,0.00004859,0.00004954,332357.00000000
1527609600,1527613199,0.00004939,0.00005089,0.00004939,0.00005020,284124.00000000
1527613200,1527616799,0.00005030,0.00005100,0.00004985,0.00005043,273185.00000000
1527616800,1527620399,0.00005043,0.00005126,0.00005011,0.00005099,321993.00000000
1527620400,1527623999,0.00005061,0.00005087,0.00004995,0.00005036,121217.00000000
1527624000,1527627599,0.00005061,0.00005094,0.00004999,0.00005060,273329.00000000
1527627600,1527631199,0.00005060,0.00005133,0.00004996,0.00005043,414160.00000000
1527631200,1527634799,0.00005051,0.00005133,0.00004945,0.00004974,634393.00000000
1527634800,1527638399,0.00004987,0.00005049,0.00004974,0.00004997,181155.00000000
1527638400,1527641999,0.00004997,0.00004997,0.00004900,0.00004972,362748.00000000
1527642000,1527645599,0.00004969,0.00004972,0.00004878,0.00004902,258043.00000000
1527645600,1527649199,0.00004894,0.00004994,0.00004894,0.00004933,785041.00000000
1527649200,1527652799,0.00004933,0.00005002,0.00004861,0.00004887,569385.00000000
1527652800,1527656399,0.00004887,0.00004952,0.00004887,0.00004948,185023.00000000
1527656400,1527659999,0.00004952,0.00004973,0.00004891,0.00004891,115417.00000000
1527660000,1527663599,0.00004930,0.00004946,0.00004808,0.00004866,479079.00000000
1527663600,1527667199,0.00004870,0.00004920,0.00004819,0.00004855,169730.00000000
1527667200,1527670799,0.00004860,0.00004895,0.00004841,0.00004883,62362.00000000
1527670800,1527674399,0.00004882,0.00004922,0.00004881,0.00004895,40663.00000000
1527674400,1527677999,0.00004912,0.00004992,0.00004887,0.00004930,352402.00000000
1527678000,1527681599,0.00004946,0.00004946,0.00004873,0.00004934,114380.00000000
1527681600,1527685199,0.00004913,0.00004971,0.00004901,0.00004954,101048.00000000
1527685200,1527688799,0.00004970,0.00004970,0.00004885,0.00004900,198607.00000000
1527688800,1527692399,0.00004900,0.00004913,0.00004820,0.00004861,601384.00000000
1527692400,1527695999,0.00004851,0.00004875,0.00004746,0.00004831,706534.00000000
1527696000,1527699599,0.00004837,0.00004847,0.00004730,0.00004840,539610.00000000
1527699600,1527703199,0.00004816,0.00004867,0.00004784,0.00004830,354130.00000000
1527703200,1527706799,0.00004830,0.00004830,0.00004810,0.00004814,6677.00000000
1527706800,1527710399,0.00004814,0.00004841,0.00004814,0.00004841,55317.00000000
1527710400,1527713999,0.00004820,0.00004860,0.00004807,0.00004851,170083.00000000
1527714000,1527717599,0.00004837,0.00004858,0.00004834,0.00004858,130913.00000000
1527717600,1527721199,0.00004858,0.00004862,0.00004819,0.00004819,71701.00000000
1527721200,1527724799,0.00004819,0.00004840,0.00004789,0.00004811,416766.00000000
1527724800,1527728399,0.00004811,0.00004842,0.00004807,0.00004807,112592.00000000
1527728400,1527731999,0.00004808,0.00004886,0.00004808,0.00004823,61557.00000000
1527732000,1527735599,0.00004834,0.00004874,0.00004823,0.00004838,76237.00000000
1527735600,1527739199,0.00004816,0.00004880,0.00004780,0.00004868,117869.00000000
1527739200,1527742799,0.00004855,0.00004867,0.00004798,0.00004830,63709.00000000
1527742800,1527746399,0.00004859,0.00004897,0.00004852,0.00004866,113133.00000000
1527746400,1527749999,0.00004882,0.00004944,0.00004855,0.00004943,266077.00000000
1527750000,1527753599,0.00004944,0.00004987,0.00004911,0.00004982,117464.00000000
1527753600,1527757199,0.00004987,0.00004988,0.00004930,0.00004930,434389.00000000
1527757200,1527760799,0.00004926,0.00004967,0.00004926,0.00004958,82200.00000000
1527760800,1527764399,0.00004958,0.00004965,0.00004888,0.00004920,575175.00000000
1527764400,1527767999,0.00004932,0.00004988,0.00004887,0.00004915,63522.00000000
1527768000,1527771599,0.00004896,0.00004947,0.00004871,0.00004888,97826.00000000
1527771600,1527775199,0.00004898,0.00004910,0.00004850,0.00004888,126086.00000000
1527775200,1527778799,0.00004875,0.00004909,0.00004875,0.00004909,42638.00000000
1527778800,1527782399,0.00004891,0.00004945,0.00004882,0.00004903,114115.00000000
1527782400,1527785999,0.00004905,0.00004952,0.00004882,0.00004930,351456.00000000
1527786000,1527789599,0.00004907,0.00004952,0.00004882,0.00004887,80919.00000000
1527789600,1527793199,0.00004887,0.00004947,0.00004867,0.00004915,123767.00000000
1527793200,1527796799,0.00004903,0.00004930,0.00004891,0.00004907,74239.00000000
1527796800,1527800399,0.00004907,0.00004931,0.00004880,0.00004891,59513.00000000
1527800400,1527803999,0.00004882,0.00004882,0.00004844,0.00004880,46365.00000000
1527804000,1527807599,0.00004880,0.00004914,0.00004849,0.00004851,194871.00000000
1527807600,1527811199,0.00004851,0.00004881,0.00004817,0.00004817,149296.00000000
1527811200,1527814799,0.00004844,0.00004845,0.00004815,0.00004820,3940.00000000
1527814800,1527818399,0.00004821,0.00004840,0.00004801,0.00004840,75093.00000000
1527818400,1527821999,0.00004840,0.00004897,0.00004840,0.00004884,41842.00000000
1527822000,1527825599,0.00004881,0.00004898,0.00004821,0.00004898,105823.00000000
1527825600,1527829199,0.00004898,0.00004898,0.00004850,0.00004897,20034.00000000
1527829200,1527832799,0.00004873,0.00004873,0.00004742,0.00004783,417256.00000000
1527832800,1527836399,0.00004783,0.00004840,0.00004783,0.00004826,76480.00000000
1527836400,1527839999,0.00004803,0.00004833,0.00004756,0.00004806,90909.00000000
1527840000,1527843599,0.00004806,0.00004813,0.00004760,0.00004760,41263.00000000
1527843600,1527847199,0.00004754,0.00004779,0.00004732,0.00004759,87404.00000000
1527847200,1527850799,0.00004732,0.00004774,0.00004731,0.00004752,86101.00000000
1527850800,1527854399,0.00004746,0.00004779,0.00004722,0.00004738,60026.00000000
1527854400,1527857999,0.00004751,0.00004783,0.00004700,0.00004732,240758.00000000
1527858000,1527861599,0.00004740,0.00004789,0.00004663,0.00004749,382610.00000000
1527861600,1527865199,0.00004767,0.00004785,0.00004700,0.00004736,133337.00000000
1527865200,1527868799,0.00004717,0.00004735,0.00004699,0.00004707,169546.00000000
1527868800,1527872399,0.00004725,0.00004733,0.00004710,0.00004732,37252.00000000
1527872400,1527875999,0.00004735,0.00004801,0.00004705,0.00004773,258041.00000000
1527876000,1527879599,0.00004771,0.00004778,0.00004753,0.00004767,60784.00000000
1527879600,1527883199,0.00004765,0.00004770,0.00004735,0.00004745,55066.00000000
1527883200,1527886799,0.00004720,0.00004775,0.00004715,0.00004775,37842.00000000
1527886800,1527890399,0.00004775,0.00004775,0.00004726,0.00004775,14128.00000000
1527890400,1527893999,0.00004738,0.00004750,0.00004719,0.00004749,28618.00000000
1527894000,1527897599,0.00004749,0.00004834,0.00004726,0.00004797,81814.00000000
1527897600,1527901199,0.00004781,0.00004801,0.00004727,0.00004801,41593.00000000
1527901200,1527904799,0.00004781,0.00004781,0.00004734,0.00004765,33385.00000000
1527904800,1527908399,0.00004736,0.00004832,0.00004723,0.00004799,153776.00000000
1527908400,1527911999,0.00004799,0.00004845,0.00004731,0.00004843,214395.00000000
1527912000,1527915599,0.00004834,0.00004844,0.00004800,0.00004804,84667.00000000
1527915600,1527919199,0.00004814,0.00004837,0.00004800,0.00004837,121449.00000000
1527919200,1527922799,0.00004838,0.00004864,0.00004829,0.00004845,233249.00000000
1527922800,1527926399,0.00004845,0.00004866,0.00004829,0.00004844,29699.00000000
1527926400,1527929999,0.00004844,0.00004859,0.00004740,0.00004791,730033.00000000
1527930000,1527933599,0.00004785,0.00004807,0.00004760,0.00004788,161676.00000000
1527933600,1527937199,0.00004805,0.00004841,0.00004785,0.00004833,493552.00000000
1527937200,1527940799,0.00004818,0.00004881,0.00004772,0.00004809,611383.00000000
1527940800,1527944399,0.00004809,0.00004809,0.00004764,0.00004800,76433.00000000
1527944400,1527947999,0.00004812,0.00004839,0.00004786,0.00004821,117471.00000000
1527948000,1527951599,0.00004821,0.00004860,0.00004800,0.00004860,122593.00000000
1527951600,1527955199,0.00004865,0.00004937,0.00004843,0.00004922,635283.00000000
1527955200,1527958799,0.00004922,0.00004960,0.00004895,0.00004909,145617.00000000
1527958800,1527962399,0.00004909,0.00004931,0.00004855,0.00004889,157478.00000000
1527962400,1527965999,0.00004884,0.00004890,0.00004823,0.00004848,171645.00000000
1527966000,1527969599,0.00004848,0.00004873,0.00004817,0.00004864,84619.00000000
1527969600,1527973199,0.00004875,0.00004959,0.00004861,0.00004870,192988.00000000
1527973200,1527976799,0.00004866,0.00004881,0.00004831,0.00004859,180217.00000000
1527976800,1527980399,0.00004859,0.00004877,0.00004855,0.00004869,37218.00000000
1527980400,1527983999,0.00004856,0.00004869,0.00004844,0.00004859,337337.00000000
1527984000,1527987599,0.00004862,0.00004879,0.00004848,0.00004879,247857.00000000
1527987600,1527991199,0.00004879,0.00004904,0.00004879,0.00004894,57773.00000000
1527991200,1527994799,0.00004894,0.00004894,0.00004834,0.00004838,221945.00000000
1527994800,1527998399,0.00004838,0.00004857,0.00004835,0.00004845,10096.00000000
1527998400,1528001999,0.00004851,0.00004851,0.00004819,0.00004847,77070.00000000
1528002000,1528005599,0.00004849,0.00004863,0.00004849,0.00004862,8715.00000000
1528005600,1528009199,0.00004862,0.00004862,0.00004830,0.00004843,62779.00000000
1528009200,1528012799,0.00004855,0.00004904,0.00004829,0.00004883,209729.00000000
1528012800,1528016399,0.00004876,0.00004881,0.00004755,0.00004771,330874.00000000
1528016400,1528019999,0.00004771,0.00004780,0.00004731,0.00004746,150916.00000000
1528020000,1528023599,0.00004750,0.00004865,0.00004750,0.00004816,274290.00000000
1528023600,1528027199,0.00004824,0.00005061,0.00004816,0.00004960,1608581.00000000
1528027200,1528030799,0.00004981,0.00005044,0.00004913,0.00005006,1436443.00000000
1528030800,1528034399,0.00005006,0.00005299,0.00004965,0.00005168,2390838.00000000
1528034400,1528037999,0.00005194,0.00005194,0.00005007,0.00005009,1024233.00000000
1528038000,1528041599,0.00005007,0.00005083,0.00004947,0.00004998,1072275.00000000
1528041600,1528045199,0.00004998,0.00004998,0.00004933,0.00004954,301874.00000000
1528045200,1528048799,0.00004954,0.00004983,0.00004889,0.00004912,593284.00000000
1528048800,1528052399,0.00004897,0.00004949,0.00004890,0.00004931,176455.00000000
1528052400,1528055999,0.00004931,0.00004954,0.00004871,0.00004917,242204.00000000
1528056000,1528059599,0.00004921,0.00004921,0.00004874,0.00004892,86204.00000000
1528059600,1528063199,0.00004892,0.00005000,0.00004886,0.00004924,255602.00000000
1528063200,1528066799,0.00004975,0.00005000,0.00004927,0.00004928,149417.00000000
1528066800,1528070399,0.00004922,0.00004983,0.00004917,0.00004920,109553.00000000
1528070400,1528073999,0.00004931,0.00005046,0.00004864,0.00004902,328565.00000000
1528074000,1528077599,0.00004871,0.00004893,0.00004844,0.00004868,210497.00000000
1528077600,1528081199,0.00004859,0.00004872,0.00004800,0.00004803,546441.00000000
1528081200,1528084799,0.00004814,0.00004837,0.00004800,0.00004821,244041.00000000
1528084800,1528088399,0.00004809,0.00004852,0.00004800,0.00004852,86212.00000000
1528088400,1528091999,0.00004829,0.00004839,0.00004801,0.00004826,70969.00000000
1528092000,1528095599,0.00004801,0.00004818,0.00004717,0.00004752,597264.00000000
1528095600,1528099199,0.00004746,0.00004773,0.00004738,0.00004743,168484.00000000
1528099200,1528102799,0.00004746,0.00004748,0.00004699,0.00004716,246222.00000000
1528102800,1528106399,0.00004719,0.00004746,0.00004680,0.00004695,92773.00000000
1528106400,1528109999,0.00004695,0.00004738,0.00004695,0.00004716,122055.00000000
1528110000,1528113599,0.00004717,0.00004800,0.00004687,0.00004751,147794.00000000
1528113600,1528117199,0.00004734,0.00004771,0.00004707,0.00004731,66533.00000000
1528117200,1528120799,0.00004736,0.00004769,0.00004683,0.00004768,62380.00000000
1528120800,1528124399,0.00004765,0.00004838,0.00004747,0.00004810,82105.00000000
1528124400,1528127999,0.00004809,0.00004810,0.00004700,0.00004800,438860.00000000
1528128000,1528131599,0.00004800,0.00004810,0.00004735,0.00004776,385039.00000000
1528131600,1528135199,0.00004786,0.00004823,0.00004747,0.00004785,56584.00000000
1528135200,1528138799,0.00004807,0.00004817,0.00004759,0.00004760,54754.00000000
1528138800,1528142399,0.00004777,0.00004798,0.00004730,0.00004749,113004.00000000
1528142400,1528145999,0.00004749,0.00004776,0.00004733,0.00004776,12753.00000000
1528146000,1528149599,0.00004744,0.00004778,0.00004730,0.00004778,100075.00000000
1528149600,1528153199,0.00004799,0.00004799,0.00004700,0.00004752,158498.00000000
1528153200,1528156799,0.00004749,0.00004861,0.00004749,0.00004788,127845.00000000
1528156800,1528160399,0.00004770,0.00004770,0.00004736,0.00004736,22508.00000000
1528160400,1528163999,0.00004736,0.00004742,0.00004723,0.00004730,1717.00000000
1528164000,1528167599,0.00004742,0.00004771,0.00004700,0.00004720,226130.00000000
1528167600,1528171199,0.00004720,0.00004720,0.00004681,0.00004690,54369.00000000
1528171200,1528174799,0.00004689,0.00004693,0.00004624,0.00004666,229623.00000000
1528174800,1528178399,0.00004669,0.00004687,0.00004624,0.00004657,180448.00000000
1528178400,1528181999,0.00004659,0.00004681,0.00004620,0.00004643,528320.00000000
1528182000,1528185599,0.00004643,0.00004649,0.00004595,0.00004603,630997.00000000
1528185600,1528189199,0.00004603,0.00004629,0.00004582,0.00004605,472551.00000000
1528189200,1528192799,0.00004622,0.00004669,0.00004608,0.00004639,403726.00000000
1528192800,1528196399,0.00004641,0.00004644,0.00004582,0.00004599,584012.00000000
1528196400,1528199999,0.00004592,0.00004648,0.00004586,0.00004617,437376.00000000
1528200000,1528203599,0.00004616,0.00004626,0.00004570,0.00004588,433286.00000000
1528203600,1528207199,0.00004588,0.00004657,0.00004566,0.00004596,120821.00000000
1528207200,1528210799,0.00004602,0.00004633,0.00004586,0.00004631,49192.00000000
1528210800,1528214399,0.00004631,0.00004689,0.00004605,0.00004613,250611.00000000
1528214400,1528217999,0.00004635,0.00004674,0.00004566,0.00004635,131359.00000000
1528218000,1528221599,0.00004635,0.00004677,0.00004590,0.00004639,212797.00000000
1528221600,1528225199,0.00004659,0.00004659,0.00004587,0.00004631,144631.00000000
1528225200,1528228799,0.00004648,0.00004661,0.00004607,0.00004656,53460.00000000
1528228800,1528232399,0.00004661,0.00004661,0.00004595,0.00004656,61193.00000000
1528232400,1528235999,0.00004633,0.00004653,0.00004603,0.00004652,84857.00000000
1528236000,1528239599,0.00004656,0.00004700,0.00004630,0.00004648,144773.00000000
1528239600,1528243199,0.00004661,0.00004700,0.00004648,0.00004691,48003.00000000
1528243200,1528246799,0.00004684,0.00004684,0.00004647,0.00004658,36114.00000000
1528246800,1528250399,0.00004658,0.00004660,0.00004599,0.00004638,126711.00000000
1528250400,1528253999,0.00004655,0.00004657,0.00004640,0.00004657,14710.00000000
1528254000,1528257599,0.00004651,0.00004694,0.00004630,0.00004631,75966.00000000
1528257600,1528261199,0.00004630,0.00004672,0.00004583,0.00004639,114800.00000000
1528261200,1528264799,0.00004639,0.00004697,0.00004589,0.00004602,60506.00000000
1528264800,1528268399,0.00004612,0.00004617,0.00004593,0.00004593,46747.00000000
1528268400,1528271999,0.00004593,0.00004604,0.00004581,0.00004591,96040.00000000
1528272000,1528275599,0.00004602,0.00004615,0.00004588,0.00004588,75904.00000000
1528275600,1528279199,0.00004589,0.00004598,0.00004587,0.00004598,114287.00000000
1528279200,1528282799,0.00004598,0.00004676,0.00004580,0.00004668,91360.00000000
1528282800,1528286399,0.00004651,0.00004657,0.00004593,0.00004593,178794.00000000
1528286400,1528289999,0.00004601,0.00004620,0.00004600,0.00004602,23212.00000000
1528290000,1528293599,0.00004600,0.00004601,0.00004561,0.00004597,102852.00000000
1528293600,1528297199,0.00004595,0.00004602,0.00004581,0.00004600,46486.00000000
1528297200,1528300799,0.00004602,0.00004669,0.00004583,0.00004653,1148102.00000000
1528300800,1528304399,0.00004669,0.00004688,0.00004598,0.00004619,175196.00000000
1528304400,1528307999,0.00004617,0.00004621,0.00004592,0.00004602,79450.00000000
1528308000,1528311599,0.00004592,0.00004592,0.00004500,0.00004563,811785.00000000
1528311600,1528315199,0.00004547,0.00004580,0.00004540,0.00004546,96281.00000000
1528315200,1528318799,0.00004564,0.00004583,0.00004544,0.00004583,64533.00000000
1528318800,1528322399,0.00004586,0.00004619,0.00004540,0.00004540,122164.00000000
1528322400,1528325999,0.00004580,0.00004598,0.00004562,0.00004598,14988.00000000
1528326000,1528329599,0.00004558,0.00004593,0.00004543,0.00004588,79341.00000000
1528329600,1528333199,0.00004572,0.00004591,0.00004508,0.00004516,24257.00000000
1528333200,1528336799,0.00004531,0.00004573,0.00004531,0.00004545,132831.00000000
1528336800,1528340399,0.00004542,0.00004592,0.00004521,0.00004590,109012.00000000
1528340400,1528343999,0.00004571,0.00004592,0.00004540,0.00004567,51909.00000000
1528344000,1528347599,0.00004572,0.00004590,0.00004548,0.00004586,22675.00000000
1528347600,1528351199,0.00004564,0.00004577,0.00004510,0.00004577,134756.00000000
1528351200,1528354799,0.00004576,0.00004609,0.00004569,0.00004580,146448.00000000
1528354800,1528358399,0.00004586,0.00004586,0.00004555,0.00004555,33049.00000000
1528358400,1528361999,0.00004570,0.00004600,0.00004548,0.00004600,119239.00000000
1528362000,1528365599,0.00004582,0.00004600,0.00004548,0.00004549,16714.00000000
1528365600,1528369199,0.00004557,0.00004575,0.00004549,0.00004549,20630.00000000
1528369200,1528372799,0.00004549,0.00004582,0.00004549,0.00004561,30801.00000000
1528372800,1528376399,0.00004562,0.00004573,0.00004551,0.00004553,79978.00000000
1528376400,1528379999,0.00004553,0.00004569,0.00004545,0.00004560,161381.00000000
1528380000,1528383599,0.00004569,0.00004610,0.00004560,0.00004610,150225.00000000
1528383600,1528387199,0.00004609,0.00004626,0.00004590,0.00004612,58460.00000000
1528387200,1528390799,0.00004612,0.00004612,0.00004525,0.00004549,192318.00000000
1528390800,1528394399,0.00004573,0.00004575,0.00004549,0.00004575,14405.00000000
1528394400,1528397999,0.00004576,0.00004595,0.00004553,0.00004579,37216.00000000
1528398000,1528401599,0.00004579,0.00004579,0.00004551,0.00004551,88583.00000000
1528401600,1528405199,0.00004551,0.00004577,0.00004538,0.00004560,46985.00000000
1528405200,1528408799,0.00004564,0.00004577,0.00004520,0.00004520,68483.00000000
1528408800,1528412399,0.00004558,0.00004575,0.00004517,0.00004537,77788.00000000
1528412400,1528415999,0.00004529,0.00004585,0.00004519,0.00004545,152776.00000000
1528416000,1528419599,0.00004538,0.00004570,0.00004519,0.00004519,75098.00000000
1528419600,1528423199,0.00004531,0.00004531,0.00004519,0.00004530,22575.00000000
1528423200,1528426799,0.00004518,0.00004518,0.00004503,0.00004517,78452.00000000
1528426800,1528430399,0.00004501,0.00004599,0.00004460,0.00004513,585399.00000000
1528430400,1528433999,0.00004513,0.00004532,0.00004510,0.00004512,13961.00000000
1528434000,1528437599,0.00004501,0.00004504,0.00004467,0.00004477,140129.00000000
1528437600,1528441199,0.00004470,0.00004489,0.00004460,0.00004471,170090.00000000
1528441200,1528444799,0.00004460,0.00004490,0.00004451,0.00004482,102800.00000000
1528444800,1528448399,0.00004486,0.00004486,0.00004445,0.00004446,37073.00000000
1528448400,1528451999,0.00004463,0.00004463,0.00004423,0.00004430,127885.00000000
1528452000,1528455599,0.00004436,0.00004441,0.00004410,0.00004410,262177.00000000
1528455600,1528459199,0.00004410,0.00004453,0.00004403,0.00004453,82736.00000000
1528459200,1528462799,0.00004453,0.00004453,0.00004401,0.00004401,49086.00000000
1528462800,1528466399,0.00004421,0.00004461,0.00004412,0.00004455,62719.00000000
1528466400,1528469999,0.00004452,0.00004480,0.00004420,0.00004462,58918.00000000
1528470000,1528473599,0.00004478,0.00004478,0.00004430,0.00004430,49045.00000000
1528473600,1528477199,0.00004443,0.00004532,0.00004443,0.00004532,163544.00000000
1528477200,1528480799,0.00004531,0.00004531,0.00004497,0.00004502,8592.00000000
1528480800,1528484399,0.00004522,0.00004522,0.00004470,0.00004470,65776.00000000
1528484400,1528487999,0.00004470,0.00004500,0.00004451,0.00004488,64475.00000000
1528488000,1528491599,0.00004492,0.00004504,0.00004457,0.00004457,39308.00000000
1528491600,1528495199,0.00004457,0.00004468,0.00004425,0.00004456,38846.00000000
1528495200,1528498799,0.00004456,0.00004494,0.00004443,0.00004477,155907.00000000
1528498800,1528502399,0.00004475,0.00004475,0.00004401,0.00004460,86619.00000000
1528502400,1528505999,0.00004457,0.00004469,0.00004382,0.00004390,549957.00000000
1528506000,1528509599,0.00004386,0.00004409,0.00004365,0.00004409,94043.00000000
1528509600,1528513199,0.00004367,0.00004408,0.00004367,0.00004408,69103.00000000
1528513200,1528516799,0.00004399,0.00004419,0.00004389,0.00004416,48236.00000000
1528516800,1528520399,0.00004430,0.00004437,0.00004406,0.00004421,33531.00000000
1528520400,1528523999,0.00004406,0.00004430,0.00004406,0.00004430,7167.00000000
1528524000,1528527599,0.00004414,0.00004442,0.00004414,0.00004441,15115.00000000
1528527600,1528531199,0.00004446,0.00004472,0.00004428,0.00004450,105849.00000000
1528531200,1528534799,0.00004470,0.00004470,0.00004426,0.00004426,53654.00000000
1528534800,1528538399,0.00004440,0.00004440,0.00004423,0.00004423,12506.00000000
1528538400,1528541999,0.00004433,0.00004436,0.00004406,0.00004429,83845.00000000
1528542000,1528545599,0.00004422,0.00004443,0.00004411,0.00004425,52984.00000000
1528545600,1528549199,0.00004423,0.00004434,0.00004387,0.00004400,179973.00000000
1528549200,1528552799,0.00004399,0.00004400,0.00004380,0.00004394,112853.00000000
1528552800,1528556399,0.00004392,0.00004392,0.00004360,0.00004367,317504.00000000
1528556400,1528559999,0.00004375,0.00004403,0.00004154,0.00004339,1083949.00000000
1528560000,1528563599,0.00004339,0.00004352,0.00004288,0.00004307,146707.00000000
1528563600,1528567199,0.00004322,0.00004434,0.00004309,0.00004391,326110.00000000
1528567200,1528570799,0.00004370,0.00004370,0.00004302,0.00004325,140692.00000000
1528570800,1528574399,0.00004338,0.00004364,0.00004331,0.00004347,79384.00000000
1528574400,1528577999,0.00004349,0.00004398,0.00004340,0.00004368,48029.00000000
1528578000,1528581599,0.00004376,0.00004386,0.00004368,0.00004376,21427.00000000
1528581600,1528585199,0.00004368,0.00004368,0.00004359,0.00004359,7197.00000000
1528585200,1528588799,0.00004355,0.00004372,0.00004330,0.00004330,17065.00000000
1528588800,1528592399,0.00004338,0.00004340,0.00004294,0.00004318,86949.00000000
1528592400,1528595999,0.00004318,0.00004345,0.00004289,0.00004330,74693.00000000
1528596000,1528599599,0.00004322,0.00004368,0.00004290,0.00004328,442266.00000000
1528599600,1528603199,0.00004321,0.00004333,0.00004290,0.00004307,69700.00000000
1528603200,1528606799,0.00004292,0.00004312,0.00004247,0.00004303,138505.00000000
1528606800,1528610399,0.00004301,0.00004308,0.00004257,0.00004283,183386.00000000
1528610400,1528613999,0.00004283,0.00004330,0.00004260,0.00004260,222783.00000000
1528614000,1528617599,0.00004260,0.00004287,0.00004206,0.00004216,415812.00000000
1528617600,1528621199,0.00004216,0.00004228,0.00004140,0.00004197,410467.00000000
1528621200,1528624799,0.00004197,0.00004224,0.00004168,0.00004181,107232.00000000
1528624800,1528628399,0.00004196,0.00004262,0.00004131,0.00004225,132383.00000000
1528628400,1528631999,0.00004242,0.00004253,0.00004222,0.00004222,37745.00000000
1528632000,1528635599,0.00004221,0.00004251,0.00004212,0.00004248,74446.00000000
1528635600,1528639199,0.00004255,0.00004255,0.00004185,0.00004250,359409.00000000
1528639200,1528642799,0.00004250,0.00004250,0.00004220,0.00004245,172705.00000000
1528642800,1528646399,0.00004245,0.00004292,0.00004230,0.00004245,159235.00000000
1528646400,1528649999,0.00004239,0.00004255,0.00004214,0.00004238,159768.00000000
1528650000,1528653599,0.00004240,0.00004267,0.00004149,0.00004219,154506.00000000
1528653600,1528657199,0.00004195,0.00004237,0.00004144,0.00004237,376551.00000000
1528657200,1528660799,0.00004222,0.00004237,0.00004195,0.00004200,304441.00000000
1528660800,1528664399,0.00004214,0.00004355,0.00004213,0.00004274,283877.00000000
1528664400,1528667999,0.00004290,0.00004352,0.00004290,0.00004311,244006.00000000
1528668000,1528671599,0.00004314,0.00004367,0.00004275,0.00004327,141689.00000000
1528671600,1528675199,0.00004323,0.00004349,0.00004253,0.00004271,124593.00000000
1528675200,1528678799,0.00004273,0.00004293,0.00004238,0.00004293,125204.00000000
1528678800,1528682399,0.00004293,0.00004295,0.00004204,0.00004206,289646.00000000
1528682400,1528685999,0.00004216,0.00004239,0.00004144,0.00004239,247720.00000000
1528686000,1528689599,0.00004227,0.00004227,0.00004183,0.00004192,75510.00000000
1528689600,1528693199,0.00004211,0.00004229,0.00004186,0.00004200,74207.00000000
1528693200,1528696799,0.00004200,0.00004213,0.00004153,0.00004161,94470.00000000
1528696800,1528700399,0.00004164,0.00004205,0.00004144,0.00004144,188407.00000000
1528700400,1528703999,0.00004166,0.00004241,0.00004101,0.00004123,248418.00000000
1528704000,1528707599,0.00004137,0.00004164,0.00004123,0.00004163,81737.00000000
1528707600,1528711199,0.00004164,0.00004178,0.00004163,0.00004173,134844.00000000
1528711200,1528714799,0.00004174,0.00004191,0.00004160,0.00004190,37756.00000000
1528714800,1528718399,0.00004169,0.00004169,0.00004154,0.00004155,60000.00000000
1528718400,1528721999,0.00004155,0.00004155,0.00004103,0.00004116,150972.00000000
1528722000,1528725599,0.00004120,0.00004133,0.00004113,0.00004115,89439.00000000
1528725600,1528729199,0.00004136,0.00004150,0.00004070,0.00004078,260728.00000000
1528729200,1528732799,0.00004078,0.00004150,0.00004078,0.00004133,79709.00000000
1528732800,1528736399,0.00004122,0.00004180,0.00004101,0.00004123,142136.00000000
1528736400,1528739999,0.00004109,0.00004124,0.00003987,0.00004030,1413604.00000000
1528740000,1528743599,0.00004039,0.00004085,0.00004027,0.00004047,121971.00000000
1528743600,1528747199,0.00004056,0.00004056,0.00004019,0.00004032,82026.00000000
1528747200,1528750799,0.00004034,0.00004068,0.00004020,0.00004068,204235.00000000
1528750800,1528754399,0.00004049,0.00004109,0.00004049,0.00004090,18587.00000000
1528754400,1528757999,0.00004087,0.00004108,0.00004068,0.00004087,625901.00000000
1528758000,1528761599,0.00004102,0.00004179,0.00004062,0.00004140,451519.00000000
1528761600,1528765199,0.00004141,0.00004154,0.00004092,0.00004143,188558.00000000
1528765200,1528768799,0.00004147,0.00004215,0.00004070,0.00004090,668736.00000000
1528768800,1528772399,0.00004110,0.00004110,0.00004032,0.00004078,287085.00000000
1528772400,1528775999,0.00004078,0.00004104,0.00004047,0.00004088,146296.00000000
1528776000,1528779599,0.00004088,0.00004090,0.00004047,0.00004062,194614.00000000
1528779600,1528783199,0.00004062,0.00004078,0.00004047,0.00004060,142327.00000000
1528783200,1528786799,0.00004064,0.00004064,0.00003951,0.00004033,440632.00000000
1528786800,1528790399,0.00004040,0.00004052,0.00004009,0.00004051,222164.00000000
1528790400,1528793999,0.00004051,0.00004087,0.00004022,0.00004033,344916.00000000
1528794000,1528797599,0.00004029,0.00004029,0.00004000,0.00004003,495761.00000000
1528797600,1528801199,0.00004005,0.00004026,0.00003959,0.00004008,276801.00000000
1528801200,1528804799,0.00004010,0.00004063,0.00003990,0.00004027,262932.00000000
1528804800,1528808399,0.00004011,0.00004011,0.00003950,0.00003991,144857.00000000
1528808400,1528811999,0.00003991,0.00003991,0.00003861,0.00003916,1143418.00000000
1528812000,1528815599,0.00003899,0.00003951,0.00003897,0.00003933,125430.00000000
1528815600,1528819199,0.00003929,0.00003961,0.00003910,0.00003934,337287.00000000
1528819200,1528822799,0.00003947,0.00003959,0.00003903,0.00003950,118154.00000000
1528822800,1528826399,0.00003948,0.00003959,0.00003916,0.00003949,49548.00000000
1528826400,1528829999,0.00003951,0.00004012,0.00003951,0.00003981,189861.00000000
1528830000,1528833599,0.00003984,0.00003984,0.00003874,0.00003933,619592.00000000
1528833600,1528837199,0.00003933,0.00003955,0.00003921,0.00003923,554774.00000000
1528837200,1528840799,0.00003927,0.00003927,0.00003875,0.00003907,139737.00000000
1528840800,1528844399,0.00003919,0.00003925,0.00003879,0.00003885,87334.00000000
1528844400,1528847999,0.00003887,0.00003922,0.00003880,0.00003922,263905.00000000
1528848000,1528851599,0.00003925,0.00004060,0.00003920,0.00003944,415174.00000000
1528851600,1528855199,0.00003944,0.00003980,0.00003937,0.00003937,188618.00000000
1528855200,1528858799,0.00003936,0.00003962,0.00003936,0.00003946,353867.00000000
1528858800,1528862399,0.00003947,0.00003950,0.00003897,0.00003917,197746.00000000
1528862400,1528865999,0.00003923,0.00003927,0.00003862,0.00003862,355723.00000000
1528866000,1528869599,0.00003900,0.00003924,0.00003847,0.00003847,238303.00000000
1528869600,1528873199,0.00003868,0.00003883,0.00003839,0.00003865,117955.00000000
1528873200,1528876799,0.00003871,0.00003882,0.00003855,0.00003855,300176.00000000
1528876800,1528880399,0.00003856,0.00003863,0.00003761,0.00003833,582701.00000000
1528880400,1528883999,0.00003823,0.00003823,0.00003635,0.00003700,778304.00000000
1528884000,1528887599,0.00003691,0.00003813,0.00003681,0.00003770,632116.00000000
1528887600,1528891199,0.00003772,0.00003803,0.00003650,0.00003694,666110.00000000
1528891200,1528894799,0.00003681,0.00003805,0.00003679,0.00003716,354434.00000000
1528894800,1528898399,0.00003718,0.00003747,0.00003678,0.00003692,374199.00000000
1528898400,1528901999,0.00003692,0.00003784,0.00003660,0.00003662,360429.00000000
1528902000,1528905599,0.00003660,0.00003780,0.00003550,0.00003669,762927.00000000
1528905600,1528909199,0.00003671,0.00003770,0.00003586,0.00003626,471330.00000000
1528909200,1528912799,0.00003616,0.00003643,0.00003594,0.00003594,248497.00000000
1528912800,1528916399,0.00003594,0.00003642,0.00003577,0.00003637,235610.00000000
1528916400,1528919999,0.00003640,0.00003708,0.00003640,0.00003701,217239.00000000
1528920000,1528923599,0.00003701,0.00003701,0.00003593,0.00003619,269339.00000000
1528923600,1528927199,0.00003619,0.00003694,0.00003594,0.00003639,144927.00000000
1528927200,1528930799,0.00003653,0.00003665,0.00003648,0.00003652,65642.00000000
1528930800,1528934399,0.00003665,0.00003806,0.00003665,0.00003718,257516.00000000
1528934400,1528937999,0.00003738,0.00003760,0.00003716,0.00003744,52858.00000000
1528938000,1528941599,0.00003746,0.00003758,0.00003697,0.00003758,59167.00000000
1528941600,1528945199,0.00003768,0.00003807,0.00003720,0.00003767,103987.00000000
1528945200,1528948799,0.00003764,0.00003891,0.00003751,0.00003891,275676.00000000
1528948800,1528952399,0.00003860,0.00003879,0.00003799,0.00003813,256379.00000000
1528952400,1528955999,0.00003827,0.00003830,0.00003792,0.00003792,88173.00000000
1528956000,1528959599,0.00003808,0.00003861,0.00003808,0.00003850,189768.00000000
1528959600,1528963199,0.00003850,0.00003855,0.00003772,0.00003838,231790.00000000
1528963200,1528966799,0.00003820,0.00003839,0.00003793,0.00003822,113256.00000000
1528966800,1528970399,0.00003803,0.00003923,0.00003803,0.00003874,227353.00000000
1528970400,1528973999,0.00003863,0.00003939,0.00003851,0.00003858,104920.00000000
1528974000,1528977599,0.00003849,0.00003949,0.00003848,0.00003890,337024.00000000
1528977600,1528981199,0.00003883,0.00003920,0.00003791,0.00003820,421142.00000000
1528981200,1528984799,0.00003802,0.00003802,0.00003695,0.00003740,538923.00000000
1528984800,1528988399,0.00003745,0.00003768,0.00003740,0.00003756,134832.00000000
1528988400,1528991999,0.00003764,0.00003764,0.00003699,0.00003756,121425.00000000
1528992000,1528995599,0.00003739,0.00003742,0.00003603,0.00003647,334161.00000000
1528995600,1528999199,0.00003648,0.00003693,0.00003613,0.00003634,426016.00000000
1528999200,1529002799,0.00003688,0.00003704,0.00003636,0.00003688,203196.00000000
1529002800,1529006399,0.00003678,0.00003678,0.00003637,0.00003656,129279.00000000
1529006400,1529009999,0.00003668,0.00003708,0.00003652,0.00003708,35280.00000000
1529010000,1529013599,0.00003700,0.00003705,0.00003652,0.00003669,338545.00000000
1529013600,1529017199,0.00003683,0.00003683,0.00003631,0.00003656,105958.00000000
1529017200,1529020799,0.00003656,0.00003698,0.00003656,0.00003695,54091.00000000
1529020800,1529024399,0.00003689,0.00003714,0.00003666,0.00003684,265611.00000000
1529024400,1529027999,0.00003685,0.00003685,0.00003644,0.00003669,315004.00000000
1529028000,1529031599,0.00003655,0.00003669,0.00003644,0.00003659,14646.00000000
1529031600,1529035199,0.00003662,0.00003717,0.00003659,0.00003717,23513.00000000
1529035200,1529038799,0.00003726,0.00003729,0.00003672,0.00003718,93066.00000000
1529038800,1529042399,0.00003699,0.00003708,0.00003665,0.00003681,178104.00000000
1529042400,1529045999,0.00003668,0.00003684,0.00003645,0.00003658,359569.00000000
1529046000,1529049599,0.00003656,0.00003678,0.00003641,0.00003671,89548.00000000
1529049600,1529053199,0.00003664,0.00003671,0.00003664,0.00003671,113591.00000000
1529053200,1529056799,0.00003690,0.00003718,0.00003648,0.00003669,163540.00000000
1529056800,1529060399,0.00003672,0.00003711,0.00003648,0.00003711,70062.00000000
1529060400,1529063999,0.00003676,0.00003689,0.00003635,0.00003667,65042.00000000
1529064000,1529067599,0.00003657,0.00003709,0.00003657,0.00003699,172551.00000000
1529067600,1529071199,0.00003701,0.00003723,0.00003651,0.00003680,285701.00000000
1529071200,1529074799,0.00003663,0.00003691,0.00003647,0.00003691,176090.00000000
1529074800,1529078399,0.00003700,0.00003717,0.00003650,0.00003650,162265.00000000
1529078400,1529081999,0.00003650,0.00003703,0.00003630,0.00003687,250166.00000000
1529082000,1529085599,0.00003711,0.00003716,0.00003685,0.00003698,45641.00000000
1529085600,1529089199,0.00003685,0.00003694,0.00003685,0.00003694,45327.00000000
1529089200,1529092799,0.00003708,0.00003720,0.00003687,0.00003703,113287.00000000
1529092800,1529096399,0.00003714,0.00003714,0.00003653,0.00003669,71424.00000000
1529096400,1529099999,0.00003664,0.00003665,0.00003644,0.00003645,88918.00000000
1529100000,1529103599,0.00003644,0.00003650,0.00003604,0.00003606,203009.00000000
1529103600,1529107199,0.00003617,0.00003617,0.00003580,0.00003594,95189.00000000
1529107200,1529110799,0.00003586,0.00003594,0.00003555,0.00003588,105754.00000000
1529110800,1529114399,0.00003588,0.00003596,0.00003580,0.00003580,5136.00000000
1529114400,1529117999,0.00003581,0.00003581,0.00003561,0.00003576,37433.00000000
1529118000,1529121599,0.00003571,0.00003594,0.00003569,0.00003579,186461.00000000
1529121600,1529125199,0.00003582,0.00003615,0.00003570,0.00003600,164435.00000000
1529125200,1529128799,0.00003597,0.00003648,0.00003560,0.00003571,158881.00000000
1529128800,1529132399,0.00003567,0.00003600,0.00003555,0.00003557,143791.00000000
1529132400,1529135999,0.00003575,0.00003575,0.00003555,0.00003555,25507.00000000
1529136000,1529139599,0.00003572,0.00003584,0.00003565,0.00003571,79786.00000000
1529139600,1529143199,0.00003580,0.00003606,0.00003580,0.00003606,65196.00000000
1529143200,1529146799,0.00003610,0.00003626,0.00003565,0.00003595,176702.00000000
1529146800,1529150399,0.00003595,0.00003595,0.00003573,0.00003579,247736.00000000
1529150400,1529153999,0.00003580,0.00003582,0.00003580,0.00003582,11369.00000000
1529154000,1529157599,0.00003601,0.00003601,0.00003572,0.00003572,115767.00000000
1529157600,1529161199,0.00003595,0.00003595,0.00003565,0.00003591,68716.00000000
1529161200,1529164799,0.00003595,0.00003603,0.00003566,0.00003579,180372.00000000
1529164800,1529168399,0.00003567,0.00003579,0.00003538,0.00003579,125113.00000000
1529168400,1529171999,0.00003587,0.00003597,0.00003587,0.00003597,29898.00000000
1529172000,1529175599,0.00003597,0.00003597,0.00003579,0.00003596,29796.00000000
1529175600,1529179199,0.00003596,0.00003635,0.00003593,0.00003593,56362.00000000
1529179200,1529182799,0.00003600,0.00003630,0.00003600,0.00003630,129156.00000000
1529182800,1529186399,0.00003630,0.00003630,0.00003614,0.00003630,124289.00000000
1529186400,1529189999,0.00003629,0.00003642,0.00003625,0.00003626,27027.00000000
1529190000,1529193599,0.00003626,0.00003626,0.00003597,0.00003599,85082.00000000
1529193600,1529197199,0.00003633,0.00003669,0.00003622,0.00003669,116188.00000000
1529197200,1529200799,0.00003653,0.00003665,0.00003624,0.00003663,46513.00000000
1529200800,1529204399,0.00003662,0.00003725,0.00003643,0.00003663,394846.00000000
1529204400,1529207999,0.00003642,0.00003649,0.00003616,0.00003644,239213.00000000
1529208000,1529211599,0.00003660,0.00003661,0.00003646,0.00003649,29032.00000000
1529211600,1529215199,0.00003644,0.00003672,0.00003636,0.00003672,39874.00000000
1529215200,1529218799,0.00003656,0.00003668,0.00003642,0.00003647,91854.00000000
1529218800,1529222399,0.00003647,0.00003683,0.00003643,0.00003683,91410.00000000
1529222400,1529225999,0.00003661,0.00003663,0.00003643,0.00003648,195544.00000000
1529226000,1529229599,0.00003648,0.00003648,0.00003604,0.00003627,175088.00000000
1529229600,1529233199,0.00003611,0.00003611,0.00003611,0.00003611,8527.00000000
1529233200,1529236799,0.00003619,0.00003619,0.00003611,0.00003618,5773.00000000
1529236800,1529240399,0.00003614,0.00003620,0.00003602,0.00003608,20893.00000000
1529240400,1529243999,0.00003600,0.00003613,0.00003579,0.00003594,63399.00000000
1529244000,1529247599,0.00003614,0.00003614,0.00003548,0.00003561,151364.00000000
1529247600,1529251199,0.00003575,0.00003590,0.00003563,0.00003570,202301.00000000
1529251200,1529254799,0.00003585,0.00003585,0.00003534,0.00003555,58184.00000000
1529254800,1529258399,0.00003555,0.00003566,0.00003540,0.00003566,129293.00000000
1529258400,1529261999,0.00003567,0.00003567,0.00003531,0.00003539,273063.00000000
1529262000,1529265599,0.00003539,0.00003571,0.00003539,0.00003571,12291.00000000
1529265600,1529269199,0.00003571,0.00003571,0.00003518,0.00003549,55195.00000000
1529269200,1529272799,0.00003553,0.00003570,0.00003516,0.00003530,83803.00000000
1529272800,1529276399,0.00003530,0.00003650,0.00003515,0.00003546,349051.00000000
1529276400,1529279999,0.00003546,0.00003584,0.00003531,0.00003545,46946.00000000
1529280000,1529283599,0.00003580,0.00003580,0.00003549,0.00003549,17500.00000000
1529283600,1529287199,0.00003552,0.00003552,0.00003506,0.00003506,159169.00000000
1529287200,1529290799,0.00003511,0.00003527,0.00003505,0.00003511,80097.00000000
1529290800,1529294399,0.00003511,0.00003513,0.00003501,0.00003503,82589.00000000
1529294400,1529297999,0.00003503,0.00003511,0.00003500,0.00003500,252783.00000000
1529298000,1529301599,0.00003501,0.00003501,0.00003451,0.00003487,418882.00000000
1529301600,1529305199,0.00003468,0.00003497,0.00003462,0.00003497,80774.00000000
1529305200,1529308799,0.00003484,0.00003505,0.00003471,0.00003471,50769.00000000
1529308800,1529312399,0.00003473,0.00003494,0.00003473,0.00003486,22913.00000000
1529312400,1529315999,0.00003471,0.00003496,0.00003471,0.00003471,67294.00000000
1529316000,1529319599,0.00003472,0.00003474,0.00003466,0.00003466,24309.00000000
1529319600,1529323199,0.00003463,0.00003467,0.00003412,0.00003449,358958.00000000
1529323200,1529326799,0.00003436,0.00003455,0.00003436,0.00003453,120237.00000000
1529326800,1529330399,0.00003443,0.00003509,0.00003433,0.00003446,201628.00000000
1529330400,1529333999,0.00003455,0.00003458,0.00003436,0.00003450,110334.00000000
1529334000,1529337599,0.00003453,0.00003473,0.00003440,0.00003446,48407.00000000
1529337600,1529341199,0.00003450,0.00003506,0.00003450,0.00003473,170473.00000000
1529341200,1529344799,0.00003473,0.00003508,0.00003473,0.00003493,96202.00000000
1529344800,1529348399,0.00003505,0.00003520,0.00003487,0.00003509,110324.00000000
1529348400,1529351999,0.00003513,0.00003520,0.00003495,0.00003495,62029.00000000
1529352000,1529355599,0.00003502,0.00003513,0.00003467,0.00003487,111424.00000000
1529355600,1529359199,0.00003487,0.00003520,0.00003487,0.00003515,43277.00000000
1529359200,1529362799,0.00003504,0.00003511,0.00003451,0.00003484,144452.00000000
1529362800,1529366399,0.00003484,0.00003511,0.00003484,0.00003498,92265.00000000
1529366400,1529369999,0.00003474,0.00003486,0.00003474,0.00003477,6216.00000000
1529370000,1529373599,0.00003477,0.00003494,0.00003464,0.00003464,44718.00000000
1529373600,1529377199,0.00003464,0.00003464,0.00003448,0.00003450,37167.00000000
1529377200,1529380799,0.00003450,0.00003461,0.00003430,0.00003438,130522.00000000
1529380800,1529384399,0.00003441,0.00003445,0.00003431,0.00003443,5831.00000000
1529384400,1529387999,0.00003443,0.00003458,0.00003440,0.00003457,176199.00000000
1529388000,1529391599,0.00003459,0.00003460,0.00003423,0.00003423,130557.00000000
1529391600,1529395199,0.00003423,0.00003429,0.00003400,0.00003405,111333.00000000
1529395200,1529398799,0.00003412,0.00003432,0.00003407,0.00003431,62624.00000000
1529398800,1529402399,0.00003423,0.00003459,0.00003410,0.00003438,53808.00000000
1529402400,1529405999,0.00003434,0.00003517,0.00003434,0.00003460,427365.00000000
1529406000,1529409599,0.00003444,0.00003472,0.00003400,0.00003472,156735.00000000
1529409600,1529413199,0.00003440,0.00003471,0.00003425,0.00003433,145119.00000000
1529413200,1529416799,0.00003420,0.00003589,0.00003398,0.00003468,310575.00000000
1529416800,1529420399,0.00003468,0.00003486,0.00003368,0.00003400,555497.00000000
1529420400,1529423999,0.00003400,0.00003409,0.00003388,0.00003388,42926.00000000
1529424000,1529427599,0.00003396,0.00003420,0.00003322,0.00003371,297624.00000000
1529427600,1529431199,0.00003367,0.00003370,0.00003357,0.00003357,143777.00000000
1529431200,1529434799,0.00003377,0.00003378,0.00003346,0.00003366,127805.00000000
1529434800,1529438399,0.00003349,0.00003363,0.00003345,0.00003345,37337.00000000
1529438400,1529441999,0.00003336,0.00003392,0.00003336,0.00003352,92443.00000000
1529442000,1529445599,0.00003346,0.00003399,0.00003346,0.00003393,40045.00000000
1529445600,1529449199,0.00003393,0.00003398,0.00003360,0.00003360,89822.00000000
1529449200,1529452799,0.00003359,0.00003390,0.00003353,0.00003354,112913.00000000
1529452800,1529456399,0.00003353,0.00003378,0.00003350,0.00003378,21918.00000000
1529456400,1529459999,0.00003373,0.00003389,0.00003302,0.00003339,979863.00000000
1529460000,1529463599,0.00003339,0.00003339,0.00003313,0.00003338,26955.00000000
1529463600,1529467199,0.00003338,0.00003339,0.00003317,0.00003325,109120.00000000
1529467200,1529470799,0.00003336,0.00003367,0.00003330,0.00003350,321427.00000000
1529470800,1529474399,0.00003333,0.00003333,0.00003308,0.00003332,73043.00000000
1529474400,1529477999,0.00003344,0.00003344,0.00003318,0.00003318,13562.00000000
1529478000,1529481599,0.00003335,0.00003348,0.00003304,0.00003304,260472.00000000
1529481600,1529485199,0.00003304,0.00003306,0.00003300,0.00003306,128555.00000000
1529485200,1529488799,0.00003303,0.00003303,0.00003256,0.00003256,163411.00000000
1529488800,1529492399,0.00003258,0.00003290,0.00003258,0.00003279,105927.00000000
1529492400,1529495999,0.00003260,0.00003261,0.00003245,0.00003251,71474.00000000
1529496000,1529499599,0.00003247,0.00003264,0.00003218,0.00003219,385933.00000000
1529499600,1529503199,0.00003230,0.00003251,0.00003228,0.00003251,32571.00000000
1529503200,1529506799,0.00003251,0.00003259,0.00003229,0.00003237,137414.00000000
1529506800,1529510399,0.00003240,0.00003240,0.00003202,0.00003230,393753.00000000
1529510400,1529513999,0.00003234,0.00003238,0.00003201,0.00003238,264088.00000000
1529514000,1529517599,0.00003231,0.00003231,0.00003200,0.00003221,200070.00000000
1529517600,1529521199,0.00003222,0.00003252,0.00003221,0.00003230,148084.00000000
1529521200,1529524799,0.00003234,0.00003251,0.00003227,0.00003231,51635.00000000
1529524800,1529528399,0.00003234,0.00003249,0.00003225,0.00003225,84683.00000000
1529528400,1529531999,0.00003222,0.00003247,0.00003220,0.00003236,5989.00000000
1529532000,1529535599,0.00003235,0.00003236,0.00003214,0.00003225,77357.00000000
1529535600,1529539199,0.00003225,0.00003259,0.00003211,0.00003236,290286.00000000
1529539200,1529542799,0.00003225,0.00003234,0.00003215,0.00003215,48224.00000000
1529542800,1529546399,0.00003233,0.00003233,0.00003218,0.00003227,68419.00000000
1529546400,1529549999,0.00003227,0.00003247,0.00003201,0.00003203,111482.00000000
1529550000,1529553599,0.00003203,0.00003239,0.00003200,0.00003200,399629.00000000
1529553600,1529557199,0.00003202,0.00003211,0.00003161,0.00003202,437459.00000000
1529557200,1529560799,0.00003206,0.00003206,0.00003155,0.00003160,137043.00000000
1529560800,1529564399,0.00003158,0.00003166,0.00003135,0.00003161,178507.00000000
1529564400,1529567999,0.00003162,0.00003183,0.00003162,0.00003171,59270.00000000
1529568000,1529571599,0.00003180,0.00003188,0.00003173,0.00003173,64283.00000000
1529571600,1529575199,0.00003172,0.00003203,0.00003164,0.00003203,46828.00000000
1529575200,1529578799,0.00003189,0.00003215,0.00003172,0.00003197,172827.00000000
1529578800,1529582399,0.00003197,0.00003197,0.00003172,0.00003172,149882.00000000
1529582400,1529585999,0.00003171,0.00003181,0.00003161,0.00003171,743717.00000000
1529586000,1529589599,0.00003173,0.00003191,0.00003154,0.00003189,214228.00000000
1529589600,1529593199,0.00003180,0.00003180,0.00003105,0.00003150,1079563.00000000
1529593200,1529596799,0.00003136,0.00003136,0.00003105,0.00003105,238134.00000000
1529596800,1529600399,0.00003125,0.00003150,0.00003014,0.00003089,878800.00000000
1529600400,1529603999,0.00003087,0.00003116,0.00003068,0.00003094,227363.00000000
1529604000,1529607599,0.00003076,0.00003111,0.00003072,0.00003090,206187.00000000
1529607600,1529611199,0.00003099,0.00003116,0.00003088,0.00003102,99671.00000000
1529611200,1529614799,0.00003100,0.00003125,0.00003088,0.00003123,193989.00000000
1529614800,1529618399,0.00003123,0.00003130,0.00003111,0.00003122,124304.00000000
1529618400,1529621999,0.00003117,0.00003125,0.00003076,0.00003083,148181.00000000
1529622000,1529625599,0.00003083,0.00003114,0.00003060,0.00003114,188534.00000000
1529625600,1529629199,0.00003117,0.00003208,0.00003117,0.00003168,344904.00000000
1529629200,1529632799,0.00003168,0.00003172,0.00003139,0.00003157,129184.00000000
1529632800,1529636399,0.00003157,0.00003161,0.00003129,0.00003129,77923.00000000
1529636400,1529639999,0.00003141,0.00003143,0.00003129,0.00003129,15808.00000000
1529640000,1529643599,0.00003141,0.00003141,0.00003141,0.00003141,6001.00000000
1529643600,1529647199,0.00003129,0.00003129,0.00003095,0.00003113,43917.00000000
1529647200,1529650799,0.00003116,0.00003132,0.00003045,0.00003090,183543.00000000
1529650800,1529654399,0.00003090,0.00003091,0.00003018,0.00003042,332146.00000000
1529654400,1529657999,0.00003049,0.00003070,0.00003010,0.00003018,284772.00000000
1529658000,1529661599,0.00003018,0.00003039,0.00003003,0.00003016,69794.00000000
1529661600,1529665199,0.00003016,0.00003043,0.00003010,0.00003035,187958.00000000
1529665200,1529668799,0.00003032,0.00003072,0.00003027,0.00003065,80876.00000000
1529668800,1529672399,0.00003070,0.00003143,0.00003029,0.00003064,473862.00000000
1529672400,1529675999,0.00003062,0.00003073,0.00002983,0.00002996,444116.00000000
1529676000,1529679599,0.00003012,0.00003035,0.00002994,0.00003002,532843.00000000
1529679600,1529683199,0.00003008,0.00003040,0.00002976,0.00002998,485783.00000000
1529683200,1529686799,0.00002986,0.00003005,0.00002957,0.00002987,349878.00000000
1529686800,1529690399,0.00002983,0.00003000,0.00002978,0.00002992,366254.00000000
1529690400,1529693999,0.00002989,0.00002998,0.00002974,0.00002998,402560.00000000
1529694000,1529697599,0.00003013,0.00003040,0.00003010,0.00003023,233730.00000000
1529697600,1529701199,0.00003010,0.00003033,0.00002920,0.00002959,607951.00000000
1529701200,1529704799,0.00002940,0.00002978,0.00002914,0.00002930,178074.00000000
1529704800,1529708399,0.00002921,0.00002965,0.00002920,0.00002950,76196.00000000
1529708400,1529711999,0.00002950,0.00002994,0.00002943,0.00002974,383746.00000000
1529712000,1529715599,0.00002959,0.00002994,0.00002952,0.00002990,135728.00000000
1529715600,1529719199,0.00002995,0.00003034,0.00002995,0.00003004,121638.00000000
1529719200,1529722799,0.00003024,0.00003024,0.00002983,0.00003000,356152.00000000
1529722800,1529726399,0.00003000,0.00003018,0.00002998,0.00003000,136145.00000000
1529726400,1529729999,0.00003000,0.00003008,0.00003000,0.00003003,101564.00000000
1529730000,1529733599,0.00003012,0.00003016,0.00003003,0.00003014,242748.00000000
1529733600,1529737199,0.00003016,0.00003016,0.00003003,0.00003009,234784.00000000
1529737200,1529740799,0.00003026,0.00003053,0.00003014,0.00003029,322668.00000000
1529740800,1529744399,0.00003029,0.00003029,0.00003015,0.00003018,11375.00000000
1529744400,1529747999,0.00003018,0.00003027,0.00003000,0.00003000,142696.00000000
1529748000,1529751599,0.00003000,0.00003000,0.00002969,0.00002985,343641.00000000
1529751600,1529755199,0.00002980,0.00002996,0.00002966,0.00002966,203818.00000000
1529755200,1529758799,0.00002966,0.00002974,0.00002953,0.00002969,67749.00000000
1529758800,1529762399,0.00002969,0.00002973,0.00002946,0.00002946,16291.00000000
1529762400,1529765999,0.00002951,0.00002963,0.00002934,0.00002942,104417.00000000
1529766000,1529769599,0.00002942,0.00003046,0.00002942,0.00002953,198464.00000000
1529769600,1529773199,0.00002968,0.00003002,0.00002963,0.00002966,242794.00000000
1529773200,1529776799,0.00002967,0.00002979,0.00002962,0.00002976,129864.00000000
1529776800,1529780399,0.00002976,0.00003038,0.00002957,0.00002966,217962.00000000
1529780400,1529783999,0.00002994,0.00003029,0.00002974,0.00003025,189103.00000000
1529784000,1529787599,0.00003025,0.00003028,0.00003014,0.00003026,58815.00000000
1529787600,1529791199,0.00003026,0.00003059,0.00003024,0.00003059,467943.00000000
1529791200,1529794799,0.00003059,0.00003110,0.00003052,0.00003103,519137.00000000
1529794800,1529798399,0.00003075,0.00003111,0.00003062,0.00003066,414090.00000000
1529798400,1529801999,0.00003098,0.00003098,0.00003030,0.00003030,410568.00000000
1529802000,1529805599,0.00003037,0.00003066,0.00003030,0.00003066,248024.00000000
1529805600,1529809199,0.00003052,0.00003062,0.00003026,0.00003026,48648.00000000
1529809200,1529812799,0.00003038,0.00003056,0.00003020,0.00003023,453752.00000000
1529812800,1529816399,0.00003012,0.00003023,0.00002947,0.00002952,726127.00000000
1529816400,1529819999,0.00002948,0.00002981,0.00002920,0.00002933,442230.00000000
1529820000,1529823599,0.00002970,0.00002970,0.00002819,0.00002870,1570947.00000000
1529823600,1529827199,0.00002870,0.00002900,0.00002824,0.00002900,871490.00000000
1529827200,1529830799,0.00002867,0.00002867,0.00002805,0.00002824,109085.00000000
1529830800,1529834399,0.00002824,0.00002848,0.00002811,0.00002820,268299.00000000
1529834400,1529837999,0.00002815,0.00002881,0.00002815,0.00002873,169485.00000000
1529838000,1529841599,0.00002885,0.00002926,0.00002884,0.00002909,248044.00000000
1529841600,1529845199,0.00002909,0.00002928,0.00002864,0.00002879,236700.00000000
1529845200,1529848799,0.00002901,0.00002901,0.00002841,0.00002852,289458.00000000
1529848800,1529852399,0.00002856,0.00002891,0.00002856,0.00002865,199235.00000000
1529852400,1529855999,0.00002851,0.00002859,0.00002774,0.00002814,987457.00000000
1529856000,1529859599,0.00002814,0.00002971,0.00002785,0.00002947,1244232.00000000
1529859600,1529863199,0.00002952,0.00003002,0.00002926,0.00002997,614869.00000000
1529863200,1529866799,0.00002995,0.00002995,0.00002923,0.00002949,224636.00000000
1529866800,1529870399,0.00002947,0.00002983,0.00002935,0.00002975,404954.00000000
1529870400,1529873999,0.00002980,0.00002982,0.00002942,0.00002942,102494.00000000
1529874000,1529877599,0.00002957,0.00003002,0.00002949,0.00002975,147416.00000000
1529877600,1529881199,0.00002975,0.00002975,0.00002925,0.00002951,67990.00000000
1529881200,1529884799,0.00002947,0.00002954,0.00002928,0.00002936,75291.00000000
1529884800,1529888399,0.00002946,0.00002947,0.00002923,0.00002940,54011.00000000
1529888400,1529891999,0.00002940,0.00002959,0.00002920,0.00002944,123210.00000000
1529892000,1529895599,0.00002926,0.00002926,0.00002900,0.00002910,51744.00000000
1529895600,1529899199,0.00002909,0.00002909,0.00002886,0.00002892,126509.00000000
1529899200,1529902799,0.00002911,0.00002926,0.00002903,0.00002903,121435.00000000
1529902800,1529906399,0.00002904,0.00002918,0.00002892,0.00002918,74564.00000000
1529906400,1529909999,0.00002913,0.00002933,0.00002897,0.00002933,146826.00000000
1529910000,1529913599,0.00002933,0.00003050,0.00002930,0.00003037,546027.00000000
1529913600,1529917199,0.00003032,0.00003077,0.00002990,0.00003076,784718.00000000
1529917200,1529920799,0.00003049,0.00003182,0.00002990,0.00003056,487314.00000000
1529920800,1529924399,0.00003030,0.00003082,0.00003000,0.00003025,305067.00000000
1529924400,1529927999,0.00003025,0.00003031,0.00002966,0.00002986,314477.00000000
1529928000,1529931599,0.00003005,0.00003014,0.00002936,0.00002949,346043.00000000
1529931600,1529935199,0.00002962,0.00002962,0.00002933,0.00002937,57548.00000000
1529935200,1529938799,0.00002951,0.00003030,0.00002944,0.00002999,258088.00000000
1529938800,1529942399,0.00002998,0.00003069,0.00002991,0.00003065,485233.00000000
1529942400,1529945999,0.00003076,0.00003098,0.00003000,0.00003098,395829.00000000
1529946000,1529949599,0.00003087,0.00003139,0.00003080,0.00003137,522189.00000000
1529949600,1529953199,0.00003121,0.00003184,0.00003121,0.00003163,309842.00000000
1529953200,1529956799,0.00003173,0.00003199,0.00003099,0.00003128,247983.00000000
1529956800,1529960399,0.00003128,0.00003150,0.00003128,0.00003139,117818.00000000
1529960400,1529963999,0.00003143,0.00003164,0.00003106,0.00003130,72505.00000000
1529964000,1529967599,0.00003130,0.00003158,0.00003130,0.00003148,192180.00000000
1529967600,1529971199,0.00003148,0.00003190,0.00003137,0.00003168,609514.00000000
1529971200,1529974799,0.00003167,0.00003174,0.00003143,0.00003144,189256.00000000
1529974800,1529978399,0.00003131,0.00003186,0.00003097,0.00003122,412762.00000000
1530014400,1530017999,0.00003118,0.00003189,0.00003089,0.00003136,247967.00000000
1530018000,1530021599,0.00003136,0.00003189,0.00003132,0.00003136,318351.00000000
1530021600,1530025199,0.00003162,0.00003169,0.00003099,0.00003099,173685.00000000
1530025200,1530028799,0.00003098,0.00003182,0.00003059,0.00003109,257371.00000000
1530028800,1530032399,0.00003126,0.00003174,0.00003108,0.00003153,88707.00000000
1530032400,1530035999,0.00003113,0.00003178,0.00003112,0.00003150,36914.00000000
1530036000,1530039599,0.00003160,0.00003160,0.00003136,0.00003141,26364.00000000
1530039600,1530043199,0.00003141,0.00003160,0.00003109,0.00003109,240256.00000000
1530043200,1530046799,0.00003125,0.00003149,0.00003125,0.00003140,32296.00000000
1530046800,1530050399,0.00003137,0.00003149,0.00003092,0.00003128,259508.00000000
1530050400,1530053999,0.00003115,0.00003185,0.00003042,0.00003075,775908.00000000
1530054000,1530057599,0.00003075,0.00003098,0.00003049,0.00003051,183807.00000000
1530057600,1530061199,0.00003071,0.00003082,0.00003002,0.00003013,323776.00000000
1530061200,1530064799,0.00003020,0.00003051,0.00003020,0.00003049,42121.00000000
1530064800,1530068399,0.00003049,0.00003075,0.00003040,0.00003050,68883.00000000
1530068400,1530071999,0.00003053,0.00003087,0.00003017,0.00003017,236150.00000000
1530072000,1530075599,0.00003013,0.00003054,0.00003008,0.00003024,115557.00000000
1530075600,1530079199,0.00003014,0.00003019,0.00002991,0.00003012,202752.00000000
1530079200,1530082799,0.00003004,0.00003015,0.00002973,0.00002992,283236.00000000
1530082800,1530086399,0.00002992,0.00002992,0.00002956,0.00002967,144465.00000000
1530086400,1530089999,0.00002967,0.00003045,0.00002957,0.00003022,161980.00000000
1530090000,1530093599,0.00003012,0.00003027,0.00003012,0.00003012,39643.00000000
1530093600,1530097199,0.00003012,0.00003021,0.00002996,0.00003003,21069.00000000
1530097200,1530100799,0.00003013,0.00003088,0.00003013,0.00003048,198176.00000000
1530100800,1530104399,0.00003044,0.00003056,0.00002980,0.00003046,291659.00000000
1530108000,1530111599,0.00003063,0.00003063,0.00003025,0.00003039,137128.00000000
1530111600,1530115199,0.00003050,0.00003067,0.00003030,0.00003054,95698.00000000
1530115200,1530118799,0.00003037,0.00003051,0.00003025,0.00003037,9157.00000000
1530118800,1530122399,0.00003048,0.00003100,0.00003047,0.00003077,196935.00000000
1530122400,1530125999,0.00003083,0.00003088,0.00003058,0.00003065,89347.00000000
1530126000,1530129599,0.00003065,0.00003073,0.00003065,0.00003073,35871.00000000
1530129600,1530133199,0.00003073,0.00003098,0.00003073,0.00003078,35303.00000000
1530133200,1530136799,0.00003075,0.00003079,0.00003071,0.00003071,15566.00000000
1530136800,1530140399,0.00003082,0.00003087,0.00003050,0.00003074,326768.00000000
1530140400,1530143999,0.00003074,0.00003156,0.00003047,0.00003099,163970.00000000
1530144000,1530147599,0.00003099,0.00003123,0.00003064,0.00003095,176311.00000000
1530147600,1530151199,0.00003096,0.00003116,0.00003051,0.00003051,244589.00000000
1530151200,1530154799,0.00003064,0.00003082,0.00003048,0.00003048,62345.00000000
1530154800,1530158399,0.00003068,0.00003123,0.00003068,0.00003103,78481.00000000
1530158400,1530161999,0.00003123,0.00003131,0.00003089,0.00003120,172501.00000000
1530162000,1530165599,0.00003120,0.00003120,0.00003062,0.00003071,150605.00000000
1530165600,1530169199,0.00003083,0.00003118,0.00003035,0.00003118,359242.00000000
1530169200,1530172799,0.00003116,0.00003116,0.00003047,0.00003064,89053.00000000
1530172800,1530176399,0.00003064,0.00003069,0.00003049,0.00003063,50031.00000000
1530176400,1530179999,0.00003072,0.00003149,0.00003066,0.00003083,172268.00000000
1530180000,1530183599,0.00003083,0.00003087,0.00003062,0.00003087,54211.00000000
1530183600,1530187199,0.00003086,0.00003188,0.00003086,0.00003144,373725.00000000
1530187200,1530190799,0.00003121,0.00003142,0.00003071,0.00003071,240204.00000000
1530190800,1530194399,0.00003091,0.00003093,0.00003089,0.00003089,17880.00000000
1530194400,1530197999,0.00003092,0.00003122,0.00003075,0.00003115,22242.00000000
1530198000,1530201599,0.00003100,0.00003138,0.00003085,0.00003137,184437.00000000
1530201600,1530205199,0.00003138,0.00003227,0.00003126,0.00003206,1593056.00000000
1530205200,1530208799,0.00003207,0.00003243,0.00003168,0.00003168,358159.00000000
1530208800,1530212399,0.00003168,0.00003185,0.00003150,0.00003166,73708.00000000
1530212400,1530215999,0.00003161,0.00003164,0.00003118,0.00003144,68604.00000000
1530216000,1530219599,0.00003144,0.00003144,0.00003102,0.00003102,70502.00000000
1530219600,1530223199,0.00003105,0.00003134,0.00003020,0.00003025,567761.00000000
1530223200,1530226799,0.00003045,0.00003048,0.00003017,0.00003021,105381.00000000
1530226800,1530230399,0.00003021,0.00003097,0.00002993,0.00002993,846178.00000000
1530230400,1530233999,0.00002993,0.00003073,0.00002993,0.00003025,334287.00000000
1530234000,1530237599,0.00003051,0.00003052,0.00002996,0.00003002,173751.00000000
1530237600,1530241199,0.00003002,0.00003066,0.00002993,0.00003009,438818.00000000
1530241200,1530244799,0.00003028,0.00003065,0.00003007,0.00003065,147163.00000000
1530244800,1530248399,0.00003020,0.00003049,0.00003008,0.00003049,139740.00000000
1530248400,1530251999,0.00003049,0.00003096,0.00003049,0.00003079,206297.00000000
1530252000,1530255599,0.00003078,0.00003100,0.00003056,0.00003098,165927.00000000
1530255600,1530259199,0.00003097,0.00003148,0.00003092,0.00003129,339709.00000000
1530259200,1530262799,0.00003130,0.00003147,0.00003075,0.00003101,234254.00000000
1530262800,1530266399,0.00003121,0.00003138,0.00003121,0.00003133,79588.00000000
1530266400,1530269999,0.00003132,0.00003137,0.00003106,0.00003106,63494.00000000
1530270000,1530273599,0.00003107,0.00003118,0.00003096,0.00003096,59899.00000000
1530273600,1530277199,0.00003099,0.00003107,0.00003072,0.00003072,139676.00000000
1530277200,1530280799,0.00003084,0.00003117,0.00003060,0.00003117,144250.00000000
1530280800,1530284399,0.00003110,0.00003125,0.00003085,0.00003090,182644.00000000
1530284400,1530287999,0.00003107,0.00003131,0.00003068,0.00003103,274584.00000000
1530288000,1530291599,0.00003088,0.00003135,0.00003071,0.00003112,141028.00000000
1530291600,1530295199,0.00003120,0.00003134,0.00003112,0.00003122,87995.00000000
1530295200,1530298799,0.00003122,0.00003137,0.00003102,0.00003108,122080.00000000
1530298800,1530302399,0.00003119,0.00003119,0.00003100,0.00003100,104749.00000000
1530302400,1530305999,0.00003100,0.00003106,0.00003077,0.00003089,117787.00000000
1530306000,1530309599,0.00003089,0.00003110,0.00003079,0.00003097,96342.00000000
1530309600,1530313199,0.00003086,0.00003174,0.00003073,0.00003160,573159.00000000
1530313200,1530316799,0.00003147,0.00003162,0.00003088,0.00003139,490583.00000000
1530316800,1530320399,0.00003163,0.00003296,0.00003098,0.00003208,655529.00000000
1530320400,1530323999,0.00003226,0.00003231,0.00003187,0.00003226,258162.00000000
1530324000,1530327599,0.00003248,0.00003289,0.00003172,0.00003251,476885.00000000
1530327600,1530331199,0.00003270,0.00003321,0.00003235,0.00003250,94583.00000000
1530331200,1530334799,0.00003248,0.00003249,0.00003203,0.00003203,195943.00000000
1530334800,1530338399,0.00003204,0.00003228,0.00003173,0.00003225,230497.00000000
1530338400,1530341999,0.00003206,0.00003333,0.00003206,0.00003277,230965.00000000
1530342000,1530345599,0.00003277,0.00003305,0.00003212,0.00003229,391777.00000000
1530345600,1530349199,0.00003216,0.00003272,0.00003206,0.00003272,121568.00000000
1530349200,1530352799,0.00003240,0.00003268,0.00003216,0.00003249,24402.00000000
1530352800,1530356399,0.00003252,0.00003328,0.00003237,0.00003287,163810.00000000
1530356400,1530359999,0.00003267,0.00003291,0.00003241,0.00003287,36792.00000000
1530360000,1530363599,0.00003271,0.00003326,0.00003247,0.00003313,252082.00000000
1530363600,1530367199,0.00003313,0.00003317,0.00003248,0.00003316,324943.00000000
1530367200,1530370799,0.00003305,0.00003333,0.00003262,0.00003333,167348.00000000
1530370800,1530374399,0.00003294,0.00003331,0.00003272,0.00003303,93231.00000000
1530374400,1530377999,0.00003301,0.00003333,0.00003273,0.00003282,226731.00000000
1530378000,1530381599,0.00003281,0.00003336,0.00003251,0.00003336,412169.00000000
1530381600,1530385199,0.00003322,0.00003336,0.00003293,0.00003300,44909.00000000
1530385200,1530388799,0.00003333,0.00003333,0.00003270,0.00003305,208029.00000000
1530388800,1530392399,0.00003300,0.00003334,0.00003259,0.00003259,203618.00000000
1530392400,1530395999,0.00003309,0.00003310,0.00003258,0.00003276,119182.00000000
1530396000,1530399599,0.00003299,0.00003300,0.00003246,0.00003288,150324.00000000
1530399600,1530403199,0.00003249,0.00003272,0.00003227,0.00003257,54154.00000000
1530403200,1530406799,0.00003248,0.00003279,0.00003248,0.00003263,140441.00000000
1530406800,1530410399,0.00003292,0.00003313,0.00003279,0.00003313,28267.00000000
1530410400,1530413999,0.00003279,0.00003313,0.00003279,0.00003312,34000.00000000
1530414000,1530417599,0.00003288,0.00003315,0.00003286,0.00003315,34439.00000000
1530417600,1530421199,0.00003291,0.00003333,0.00003282,0.00003320,167591.00000000
1530421200,1530424799,0.00003321,0.00003321,0.00003269,0.00003269,121898.00000000
1530424800,1530428399,0.00003269,0.00003308,0.00003261,0.00003280,72579.00000000
1530428400,1530431999,0.00003289,0.00003376,0.00003289,0.00003336,247664.00000000
1530432000,1530435599,0.00003357,0.00003375,0.00003274,0.00003367,330365.00000000
1530435600,1530439199,0.00003367,0.00003423,0.00003354,0.00003402,216736.00000000
1530439200,1530442799,0.00003399,0.00003399,0.00003348,0.00003383,103914.00000000
1530442800,1530446399,0.00003383,0.00003398,0.00003371,0.00003398,18081.00000000
1530446400,1530449999,0.00003384,0.00003384,0.00003332,0.00003360,164347.00000000
1530450000,1530453599,0.00003360,0.00003360,0.00003300,0.00003351,105820.00000000
1530453600,1530457199,0.00003352,0.00003399,0.00003306,0.00003309,143617.00000000
1530457200,1530460799,0.00003304,0.00003362,0.00003282,0.00003351,266850.00000000
1530460800,1530464399,0.00003392,0.00003395,0.00003317,0.00003384,219492.00000000
1530464400,1530467999,0.00003360,0.00003521,0.00003360,0.00003514,592769.00000000
1530468000,1530471599,0.00003507,0.00005499,0.00003500,0.00005486,28588684.00000000
1530471600,1530475199,0.00005408,0.00005550,0.00004270,0.00004650,25368601.00000000
1530475200,1530478799,0.00004643,0.00005800,0.00004502,0.00005599,25971301.00000000
1530478800,1530482399,0.00005526,0.00007224,0.00005211,0.00006028,69523061.00000000
1530482400,1530485999,0.00006002,0.00007295,0.00005930,0.00006264,50488703.00000000
1530486000,1530489599,0.00006227,0.00006420,0.00005050,0.00005201,25344774.00000000
1530489600,1530493199,0.00005203,0.00006205,0.00005020,0.00005858,22928141.00000000
1530493200,1530496799,0.00005848,0.00005950,0.00005210,0.00005325,11845483.00000000
1530496800,1530500399,0.00005331,0.00005509,0.00005100,0.00005154,8104583.00000000
1530500400,1530503999,0.00005159,0.00005500,0.00004903,0.00005161,8844857.00000000
1530504000,1530507599,0.00005152,0.00005776,0.00005000,0.00005416,8133606.00000000
1530507600,1530511199,0.00005479,0.00005899,0.00005260,0.00005699,10456510.00000000
1530511200,1530514799,0.00005685,0.00006200,0.00005583,0.00005731,22166453.00000000
1530514800,1530518399,0.00005745,0.00005749,0.00005217,0.00005332,10354190.00000000
1530518400,1530521999,0.00005357,0.00005700,0.00005307,0.00005450,5897854.00000000
1530522000,1530525599,0.00005457,0.00005457,0.00005113,0.00005113,6666198.00000000
1530525600,1530529199,0.00005136,0.00005320,0.00005119,0.00005199,4591660.00000000
1530529200,1530532799,0.00005199,0.00005425,0.00005165,0.00005180,3977233.00000000
1530532800,1530536399,0.00005180,0.00005241,0.00004962,0.00005061,7437656.00000000
1530536400,1530539999,0.00005059,0.00005059,0.00004397,0.00004565,13357279.00000000
1530540000,1530543599,0.00004562,0.00004856,0.00004400,0.00004706,8243961.00000000
1530543600,1530547199,0.00004703,0.00004888,0.00004551,0.00004555,7440926.00000000
1530547200,1530550799,0.00004562,0.00004670,0.00004437,0.00004499,4158952.00000000
1530550800,1530554399,0.00004512,0.00004700,0.00004400,0.00004597,5630251.00000000
1530554400,1530557999,0.00004598,0.00004895,0.00004591,0.00004648,6460579.00000000
1530558000,1530561599,0.00004628,0.00004669,0.00004435,0.00004485,4215797.00000000
1530561600,1530565199,0.00004537,0.00004564,0.00004405,0.00004440,1764359.00000000
1530565200,1530568799,0.00004436,0.00004470,0.00004295,0.00004375,3162868.00000000
1530568800,1530572399,0.00004375,0.00004392,0.00004273,0.00004290,2078662.00000000
1530572400,1530575999,0.00004287,0.00004330,0.00004208,0.00004285,2010316.00000000
1530576000,1530579599,0.00004281,0.00004370,0.00004224,0.00004289,2160136.00000000
1530579600,1530583199,0.00004289,0.00004297,0.00004144,0.00004177,2544432.00000000
1530583200,1530586799,0.00004177,0.00004278,0.00004048,0.00004252,4431526.00000000
1530586800,1530590399,0.00004249,0.00004329,0.00004140,0.00004258,2322521.00000000
1530590400,1530593999,0.00004255,0.00004298,0.00004196,0.00004273,968787.00000000
1530594000,1530597599,0.00004294,0.00004350,0.00004214,0.00004259,1585710.00000000
1530597600,1530601199,0.00004260,0.00004287,0.00004164,0.00004259,799052.00000000
1530601200,1530604799,0.00004237,0.00004358,0.00004196,0.00004339,1770627.00000000
1530604800,1530608399,0.00004359,0.00004550,0.00004359,0.00004520,3165411.00000000
1530608400,1530611999,0.00004520,0.00004770,0.00004510,0.00004613,4363916.00000000
1530612000,1530615599,0.00004638,0.00004668,0.00004335,0.00004386,4629412.00000000
1530615600,1530619199,0.00004432,0.00004489,0.00004375,0.00004442,659405.00000000
1530619200,1530622799,0.00004408,0.00004527,0.00004403,0.00004403,1350267.00000000
1530622800,1530626399,0.00004446,0.00004465,0.00004277,0.00004317,1958800.00000000
1530626400,1530629999,0.00004333,0.00004407,0.00004304,0.00004383,686968.00000000
1530630000,1530633599,0.00004392,0.00004600,0.00004337,0.00004550,2223778.00000000
1530633600,1530637199,0.00004541,0.00005196,0.00004541,0.00004857,12942481.00000000
1530637200,1530640799,0.00004871,0.00005000,0.00004700,0.00004836,6131870.00000000
1530640800,1530644399,0.00004856,0.00005497,0.00004820,0.00005327,12057450.00000000
1530644400,1530647999,0.00005368,0.00005829,0.00005180,0.00005296,20371264.00000000
1530648000,1530651599,0.00005271,0.00005458,0.00004663,0.00004780,11387704.00000000
1530651600,1530655199,0.00004780,0.00005191,0.00004619,0.00004700,7437323.00000000
1530655200,1530658799,0.00004703,0.00005052,0.00004378,0.00004460,4088223.00000000
1530658800,1530662399,0.00004452,0.00004695,0.00004331,0.00004439,3622548.00000000
1530662400,1530663746,0.00004439,0.00004450,0.00004279,0.00004279,940636.00000000
1530691200,1530694799,0.00004300,0.00004829,0.00004300,0.00004588,4204711.00000000
1530694800,1530698399,0.00004588,0.00004736,0.00004450,0.00004538,1491650.00000000
1530698400,1530701999,0.00004538,0.00004600,0.00004369,0.00004527,1034842.00000000
1530702000,1530705599,0.00004571,0.00004600,0.00004437,0.00004494,421649.00000000
1530705600,1530709199,0.00004500,0.00004599,0.00004415,0.00004452,790787.00000000
1530709200,1530712799,0.00004452,0.00004840,0.00004452,0.00004662,4188140.00000000
1530712800,1530716399,0.00004646,0.00005236,0.00004599,0.00005236,7492934.00000000
1530716400,1530719999,0.00005169,0.00005278,0.00004773,0.00004881,6017448.00000000
1530720000,1530723599,0.00004870,0.00004930,0.00004699,0.00004746,4312205.00000000
1530723600,1530727199,0.00004743,0.00004781,0.00004660,0.00004739,1023132.00000000
1530727200,1530730799,0.00004727,0.00004872,0.00004721,0.00004748,1569342.00000000
1530730800,1530734399,0.00004738,0.00004988,0.00004721,0.00004852,1320713.00000000
1530734400,1530737999,0.00004879,0.00004884,0.00004659,0.00004711,546734.00000000
1530738000,1530741599,0.00004706,0.00004722,0.00004602,0.00004717,717428.00000000
1530741600,1530745199,0.00004702,0.00004725,0.00004560,0.00004612,1155595.00000000
1530745200,1530748799,0.00004609,0.00004690,0.00004573,0.00004612,192894.00000000
1530748800,1530752399,0.00004602,0.00004623,0.00004381,0.00004429,1991460.00000000
1530752400,1530755999,0.00004429,0.00004554,0.00004381,0.00004454,1194663.00000000
1530756000,1530759599,0.00004477,0.00004545,0.00004455,0.00004487,432573.00000000
1530759600,1530763199,0.00004491,0.00004619,0.00004427,0.00004448,267852.00000000
1530763200,1530766799,0.00004453,0.00004585,0.00004452,0.00004514,393849.00000000
1530766800,1530770399,0.00004510,0.00004602,0.00004495,0.00004588,624927.00000000
1530770400,1530773999,0.00004571,0.00004584,0.00004432,0.00004509,739554.00000000
1530774000,1530777599,0.00004515,0.00004566,0.00004445,0.00004450,609437.00000000
1530777600,1530781199,0.00004453,0.00004509,0.00004409,0.00004412,422093.00000000
1530781200,1530784799,0.00004424,0.00004468,0.00004300,0.00004393,1219169.00000000
1530784800,1530788399,0.00004419,0.00004436,0.00004314,0.00004402,327276.00000000
1530788400,1530791999,0.00004400,0.00004525,0.00004380,0.00004498,685589.00000000
1530792000,1530795599,0.00004497,0.00004526,0.00004362,0.00004410,463221.00000000
1530795600,1530799199,0.00004391,0.00004410,0.00004322,0.00004362,362032.00000000
1530799200,1530802799,0.00004348,0.00004376,0.00004310,0.00004362,596704.00000000
1530802800,1530806399,0.00004362,0.00004440,0.00004325,0.00004412,438735.00000000
1530806400,1530809999,0.00004397,0.00004428,0.00004342,0.00004428,650711.00000000
1530810000,1530813599,0.00004436,0.00004441,0.00004342,0.00004342,240626.00000000
1530813600,1530817199,0.00004342,0.00004663,0.00004201,0.00004244,1851338.00000000
1530817200,1530820799,0.00004247,0.00004280,0.00004223,0.00004280,472442.00000000
1530820800,1530824399,0.00004284,0.00004325,0.00004234,0.00004311,142153.00000000
1530824400,1530827999,0.00004315,0.00004324,0.00004160,0.00004165,777242.00000000
1530828000,1530831599,0.00004169,0.00004226,0.00004165,0.00004205,339223.00000000
1530831600,1530835199,0.00004216,0.00004300,0.00004216,0.00004237,273210.00000000
1530835200,1530838799,0.00004237,0.00004250,0.00004100,0.00004154,733128.00000000
1530838800,1530842399,0.00004135,0.00004135,0.00003932,0.00004034,2468251.00000000
1530842400,1530845999,0.00004036,0.00004054,0.00003973,0.00004023,215995.00000000
1530846000,1530849599,0.00004023,0.00004025,0.00003803,0.00003872,1536259.00000000
1530849600,1530853199,0.00003899,0.00003926,0.00003873,0.00003904,1191107.00000000
1530853200,1530856799,0.00003892,0.00003921,0.00003887,0.00003903,688260.00000000
1530856800,1530860399,0.00003906,0.00003918,0.00003721,0.00003770,1243045.00000000
1530860400,1530863999,0.00003761,0.00003782,0.00003591,0.00003753,2177395.00000000
1530864000,1530867599,0.00003753,0.00003911,0.00003719,0.00003897,1090258.00000000
1530867600,1530871199,0.00003905,0.00003954,0.00003860,0.00003914,368447.00000000
1530871200,1530874799,0.00003886,0.00003955,0.00003863,0.00003863,424594.00000000
1530874800,1530878399,0.00003879,0.00003892,0.00003732,0.00003772,873418.00000000
1530878400,1530881999,0.00003772,0.00003847,0.00003731,0.00003825,859623.00000000
1530882000,1530885599,0.00003826,0.00003855,0.00003749,0.00003749,379277.00000000
1530885600,1530889199,0.00003758,0.00003763,0.00003670,0.00003706,648524.00000000
1530889200,1530892799,0.00003742,0.00003952,0.00003742,0.00003898,691849.00000000
1530892800,1530896399,0.00003885,0.00004150,0.00003877,0.00004054,1170361.00000000
1530896400,1530899999,0.00004058,0.00004156,0.00003952,0.00004011,924511.00000000
1530900000,1530903599,0.00004011,0.00004077,0.00003774,0.00003811,2346024.00000000
1530903600,1530907199,0.00003839,0.00003992,0.00003834,0.00003933,560804.00000000
1530907200,1530910799,0.00003905,0.00004150,0.00003850,0.00003960,1414095.00000000
1530910800,1530914399,0.00003976,0.00003998,0.00003908,0.00003971,180478.00000000
1530914400,1530917999,0.00003978,0.00004018,0.00003920,0.00003950,220277.00000000
1530918000,1530921599,0.00003948,0.00003948,0.00003847,0.00003885,335056.00000000
1530921600,1530925199,0.00003861,0.00003911,0.00003822,0.00003822,237951.00000000
1530925200,1530928799,0.00003844,0.00003873,0.00003844,0.00003871,223442.00000000
1530928800,1530932399,0.00003871,0.00003915,0.00003817,0.00003915,188286.00000000
1530932400,1530935999,0.00003915,0.00003997,0.00003879,0.00003991,623790.00000000
1530936000,1530939599,0.00003991,0.00003999,0.00003843,0.00003873,338348.00000000
1530939600,1530943199,0.00003857,0.00003874,0.00003826,0.00003851,309530.00000000
1530943200,1530946799,0.00003855,0.00003915,0.00003835,0.00003902,235517.00000000
1530946800,1530950399,0.00003903,0.00003959,0.00003867,0.00003952,452188.00000000
1530950400,1530953999,0.00003943,0.00003978,0.00003870,0.00003929,625773.00000000
1530954000,1530957599,0.00003926,0.00003958,0.00003899,0.00003910,77056.00000000
1530957600,1530961199,0.00003912,0.00003914,0.00003891,0.00003891,84112.00000000
1530961200,1530964799,0.00003907,0.00003935,0.00003897,0.00003915,70350.00000000
1530964800,1530968399,0.00003915,0.00004003,0.00003900,0.00003951,333280.00000000
1530968400,1530971999,0.00003951,0.00003965,0.00003902,0.00003950,113704.00000000
1530972000,1530975599,0.00003950,0.00003999,0.00003933,0.00003985,271904.00000000
1530975600,1530979199,0.00003974,0.00004001,0.00003958,0.00004001,78985.00000000
1530979200,1530982799,0.00004004,0.00004004,0.00003958,0.00003958,174769.00000000
1530982800,1530986399,0.00003958,0.00003958,0.00003875,0.00003893,412060.00000000
1530986400,1530989999,0.00003883,0.00003940,0.00003853,0.00003897,178942.00000000
1530990000,1530993599,0.00003894,0.00003906,0.00003865,0.00003865,100812.00000000
1530993600,1530997199,0.00003865,0.00003865,0.00003800,0.00003807,229344.00000000
1530997200,1531000799,0.00003807,0.00003850,0.00003759,0.00003807,81576.00000000
1531000800,1531004399,0.00003796,0.00003836,0.00003785,0.00003819,111726.00000000
1531004400,1531007999,0.00003836,0.00003933,0.00003836,0.00003933,260272.00000000
1531008000,1531011599,0.00003933,0.00003933,0.00003848,0.00003884,98083.00000000
1531011600,1531015199,0.00003884,0.00003930,0.00003845,0.00003897,283815.00000000
1531015200,1531018799,0.00003897,0.00003976,0.00003866,0.00003889,265176.00000000
1531018800,1531022399,0.00003891,0.00003895,0.00003846,0.00003846,41226.00000000
1531022400,1531025999,0.00003872,0.00003908,0.00003819,0.00003852,137160.00000000
1531026000,1531029599,0.00003835,0.00003850,0.00003819,0.00003843,66673.00000000
1531029600,1531033199,0.00003852,0.00003943,0.00003847,0.00003898,227149.00000000
1531033200,1531036799,0.00003903,0.00003950,0.00003876,0.00003909,158533.00000000
1531036800,1531040399,0.00003915,0.00003965,0.00003912,0.00003936,191308.00000000
1531040400,1531043999,0.00003936,0.00003963,0.00003903,0.00003904,34282.00000000
1531044000,1531047599,0.00003904,0.00003946,0.00003901,0.00003938,264024.00000000
1531047600,1531051199,0.00003939,0.00003946,0.00003883,0.00003913,174819.00000000
1531051200,1531054799,0.00003914,0.00003927,0.00003880,0.00003880,430523.00000000
1531054800,1531058399,0.00003883,0.00003905,0.00003879,0.00003879,113464.00000000
1531058400,1531061999,0.00003879,0.00003879,0.00003820,0.00003867,162753.00000000
1531062000,1531065599,0.00003867,0.00003897,0.00003824,0.00003884,343579.00000000
1531065600,1531069199,0.00003884,0.00004249,0.00003862,0.00004188,1430548.00000000
1531069200,1531072799,0.00004183,0.00004199,0.00003959,0.00003991,1085515.00000000
1531072800,1531076399,0.00004009,0.00004009,0.00003924,0.00003970,319470.00000000
1531076400,1531079999,0.00003973,0.00004090,0.00003931,0.00003936,227463.00000000
1531080000,1531083599,0.00003932,0.00004055,0.00003932,0.00003980,203513.00000000
1531083600,1531087199,0.00003996,0.00004033,0.00003945,0.00004000,199911.00000000
1531087200,1531090799,0.00004000,0.00004170,0.00004000,0.00004101,550003.00000000
1531090800,1531094399,0.00004100,0.00004100,0.00003955,0.00003996,547595.00000000
1531094400,1531097999,0.00004000,0.00004032,0.00003905,0.00004032,510789.00000000
1531098000,1531101599,0.00004032,0.00004057,0.00003974,0.00003994,124418.00000000
1531101600,1531105199,0.00003994,0.00004022,0.00003952,0.00003995,156082.00000000
1531105200,1531108799,0.00003981,0.00004092,0.00003962,0.00004092,154882.00000000
1531108800,1531112399,0.00004107,0.00004153,0.00003961,0.00004008,310258.00000000
1531112400,1531115999,0.00004013,0.00004029,0.00003950,0.00003984,309265.00000000
1531116000,1531119599,0.00003980,0.00003982,0.00003901,0.00003904,312221.00000000
1531119600,1531123199,0.00003901,0.00003935,0.00003889,0.00003910,188085.00000000
1531123200,1531126799,0.00003910,0.00003925,0.00003845,0.00003912,551858.00000000
1531126800,1531130399,0.00003873,0.00003904,0.00003777,0.00003799,770990.00000000
1531130400,1531133999,0.00003825,0.00003838,0.00003796,0.00003838,112905.00000000
1531134000,1531137599,0.00003838,0.00003873,0.00003838,0.00003867,50067.00000000
1531137600,1531141199,0.00003873,0.00003880,0.00003823,0.00003865,748168.00000000
1531141200,1531144799,0.00003853,0.00003896,0.00003853,0.00003863,43049.00000000
1531144800,1531148399,0.00003863,0.00003885,0.00003823,0.00003836,90073.00000000
1531148400,1531151999,0.00003839,0.00003904,0.00003839,0.00003862,231324.00000000
1531152000,1531155599,0.00003861,0.00003920,0.00003858,0.00003901,180561.00000000
1531155600,1531159199,0.00003896,0.00003929,0.00003847,0.00003885,319909.00000000
1531159200,1531162799,0.00003872,0.00003891,0.00003865,0.00003888,86803.00000000
1531162800,1531166399,0.00003888,0.00003916,0.00003815,0.00003828,116597.00000000
1531166400,1531169999,0.00003831,0.00003844,0.00003753,0.00003772,383785.00000000
1531170000,1531173599,0.00003772,0.00003790,0.00003762,0.00003773,171162.00000000
1531173600,1531177199,0.00003788,0.00003816,0.00003760,0.00003775,395321.00000000
1531177200,1531180799,0.00003775,0.00003783,0.00003730,0.00003777,182803.00000000
1531180800,1531184399,0.00003735,0.00003774,0.00003616,0.00003643,352319.00000000
1531184400,1531187999,0.00003657,0.00003714,0.00003613,0.00003646,313863.00000000
1531188000,1531191599,0.00003667,0.00003723,0.00003631,0.00003671,635560.00000000
1531191600,1531195199,0.00003659,0.00003684,0.00003646,0.00003680,174289.00000000
1531195200,1531198799,0.00003682,0.00003696,0.00003622,0.00003643,110680.00000000
1531198800,1531202399,0.00003661,0.00003746,0.00003628,0.00003704,247509.00000000
1531202400,1531205999,0.00003690,0.00003743,0.00003665,0.00003695,109926.00000000
1531206000,1531209599,0.00003695,0.00003695,0.00003653,0.00003670,50509.00000000
1531209600,1531213199,0.00003685,0.00003719,0.00003643,0.00003683,121984.00000000
1531213200,1531216799,0.00003679,0.00003683,0.00003550,0.00003562,555771.00000000
1531216800,1531220399,0.00003564,0.00003564,0.00003501,0.00003548,727049.00000000
1531220400,1531223999,0.00003546,0.00003580,0.00003516,0.00003539,374784.00000000
1531224000,1531227599,0.00003581,0.00003611,0.00003560,0.00003606,285280.00000000
1531227600,1531231199,0.00003606,0.00003669,0.00003606,0.00003662,125769.00000000
1531231200,1531234799,0.00003670,0.00003682,0.00003626,0.00003663,196643.00000000
1531234800,1531238399,0.00003656,0.00003681,0.00003634,0.00003679,133267.00000000
1531238400,1531241999,0.00003679,0.00003738,0.00003679,0.00003721,127375.00000000
1531242000,1531245599,0.00003680,0.00003724,0.00003654,0.00003724,121532.00000000
1531245600,1531249199,0.00003693,0.00003713,0.00003659,0.00003678,56350.00000000
1531249200,1531252799,0.00003676,0.00003683,0.00003620,0.00003665,135938.00000000
1531252800,1531256399,0.00003678,0.00003702,0.00003657,0.00003702,117841.00000000
1531256400,1531259999,0.00003680,0.00003683,0.00003640,0.00003675,251921.00000000
1531260000,1531263599,0.00003675,0.00003706,0.00003675,0.00003706,45693.00000000
1531263600,1531267199,0.00003706,0.00003706,0.00003552,0.00003554,940312.00000000
1531267200,1531270799,0.00003555,0.00003642,0.00003554,0.00003639,306957.00000000
1531270800,1531274399,0.00003630,0.00003705,0.00003628,0.00003659,138720.00000000
1531274400,1531277999,0.00003660,0.00003660,0.00003590,0.00003594,106386.00000000
1531278000,1531281599,0.00003594,0.00003594,0.00003561,0.00003564,91633.00000000
1531281600,1531285199,0.00003589,0.00003589,0.00003552,0.00003552,153941.00000000
1531285200,1531288799,0.00003552,0.00003638,0.00003552,0.00003600,228533.00000000
1531288800,1531292399,0.00003629,0.00003629,0.00003567,0.00003571,28447.00000000
1531292400,1531295999,0.00003564,0.00003571,0.00003510,0.00003534,642498.00000000
1531296000,1531299599,0.00003557,0.00003637,0.00003557,0.00003613,222323.00000000
1531299600,1531303199,0.00003622,0.00003648,0.00003550,0.00003567,417172.00000000
1531303200,1531306799,0.00003590,0.00003629,0.00003568,0.00003603,169623.00000000
1531306800,1531310399,0.00003602,0.00003663,0.00003602,0.00003605,177091.00000000
1531310400,1531313999,0.00003652,0.00003911,0.00003652,0.00003802,1677746.00000000
1531314000,1531317599,0.00003802,0.00003810,0.00003756,0.00003756,420707.00000000
1531317600,1531321199,0.00003767,0.00003788,0.00003692,0.00003765,295457.00000000
1531321200,1531324799,0.00003793,0.00003798,0.00003691,0.00003714,418229.00000000
1531324800,1531328399,0.00003711,0.00003729,0.00003641,0.00003659,144090.00000000
1531328400,1531331999,0.00003678,0.00003703,0.00003630,0.00003668,229058.00000000
1531332000,1531335599,0.00003699,0.00003718,0.00003685,0.00003718,79300.00000000
1531335600,1531339199,0.00003702,0.00003702,0.00003546,0.00003613,732314.00000000
1531339200,1531342799,0.00003609,0.00003613,0.00003565,0.00003603,258071.00000000
1531342800,1531346399,0.00003599,0.00003662,0.00003573,0.00003611,709761.00000000
1531346400,1531349999,0.00003611,0.00003718,0.00003604,0.00003666,714527.00000000
1531350000,1531353599,0.00003684,0.00003760,0.00003662,0.00003757,547415.00000000
1531353600,1531357199,0.00003760,0.00003772,0.00003717,0.00003717,207168.00000000
1531357200,1531360799,0.00003717,0.00003754,0.00003701,0.00003702,529536.00000000
1531360800,1531364399,0.00003702,0.00003735,0.00003688,0.00003690,280291.00000000
1531364400,1531367999,0.00003692,0.00003698,0.00003673,0.00003693,92275.00000000
1531368000,1531371599,0.00003678,0.00003706,0.00003675,0.00003684,95927.00000000
1531371600,1531375199,0.00003716,0.00003900,0.00003686,0.00003781,989237.00000000
1531375200,1531378799,0.00003728,0.00003728,0.00003654,0.00003695,242793.00000000
1531378800,1531382399,0.00003673,0.00003716,0.00003673,0.00003701,75112.00000000
1531382400,1531385999,0.00003672,0.00003699,0.00003645,0.00003699,563571.00000000
1531386000,1531389599,0.00003678,0.00003780,0.00003678,0.00003713,362157.00000000
1531389600,1531393199,0.00003713,0.00003724,0.00003659,0.00003660,219911.00000000
1531393200,1531396799,0.00003669,0.00003669,0.00003602,0.00003615,409554.00000000
1531396800,1531400399,0.00003615,0.00003628,0.00003601,0.00003626,35631.00000000
1531400400,1531403999,0.00003621,0.00003625,0.00003606,0.00003618,270893.00000000
1531404000,1531407599,0.00003622,0.00003726,0.00003618,0.00003624,163550.00000000
1531407600,1531411199,0.00003646,0.00003647,0.00003604,0.00003604,82991.00000000
1531411200,1531414799,0.00003609,0.00003675,0.00003609,0.00003637,102516.00000000
1531414800,1531418399,0.00003634,0.00003635,0.00003616,0.00003616,13957.00000000
1531418400,1531421999,0.00003616,0.00003633,0.00003604,0.00003604,13870.00000000
1531422000,1531425599,0.00003621,0.00003636,0.00003610,0.00003624,71557.00000000
1531425600,1531429199,0.00003621,0.00003672,0.00003621,0.00003643,116575.00000000
1531429200,1531432799,0.00003657,0.00003657,0.00003638,0.00003638,1636.00000000
1531432800,1531436399,0.00003632,0.00003646,0.00003613,0.00003613,74025.00000000
1531436400,1531439999,0.00003620,0.00003646,0.00003613,0.00003646,58861.00000000
1531440000,1531443599,0.00003646,0.00003710,0.00003646,0.00003668,136183.00000000
1531443600,1531447199,0.00003670,0.00003692,0.00003670,0.00003672,52120.00000000
1531447200,1531450799,0.00003665,0.00003665,0.00003629,0.00003636,76026.00000000
1531450800,1531454399,0.00003640,0.00003647,0.00003633,0.00003646,62356.00000000
1531454400,1531457999,0.00003661,0.00003674,0.00003654,0.00003654,90167.00000000
1531458000,1531461599,0.00003673,0.00003673,0.00003642,0.00003658,29708.00000000
1531461600,1531465199,0.00003648,0.00003723,0.00003638,0.00003670,173052.00000000
1531465200,1531468799,0.00003669,0.00003724,0.00003659,0.00003659,115521.00000000
1531468800,1531472399,0.00003658,0.00003705,0.00003650,0.00003650,302960.00000000
1531472400,1531475999,0.00003655,0.00003695,0.00003652,0.00003678,141664.00000000
1531476000,1531479599,0.00003679,0.00003727,0.00003662,0.00003690,61738.00000000
1531479600,1531483199,0.00003690,0.00003735,0.00003679,0.00003682,19688.00000000
1531483200,1531486799,0.00003665,0.00003698,0.00003662,0.00003670,28386.00000000
1531486800,1531490399,0.00003672,0.00003710,0.00003666,0.00003710,65761.00000000
1531490400,1531493999,0.00003701,0.00003704,0.00003671,0.00003673,84429.00000000
1531494000,1531497599,0.00003673,0.00003678,0.00003619,0.00003635,388344.00000000
1531497600,1531501199,0.00003630,0.00003643,0.00003605,0.00003635,269165.00000000
1531501200,1531504799,0.00003635,0.00003664,0.00003631,0.00003658,158984.00000000
1531504800,1531508399,0.00003664,0.00003704,0.00003658,0.00003661,91216.00000000
1531508400,1531511999,0.00003660,0.00003660,0.00003631,0.00003631,44604.00000000
1531512000,1531515599,0.00003639,0.00003651,0.00003548,0.00003557,533792.00000000
1531515600,1531519199,0.00003552,0.00003603,0.00003547,0.00003603,73862.00000000
1531519200,1531522799,0.00003603,0.00003633,0.00003597,0.00003633,219037.00000000
1531522800,1531526399,0.00003608,0.00003630,0.00003584,0.00003596,93107.00000000
1531526400,1531529999,0.00003596,0.00003653,0.00003596,0.00003644,60487.00000000
1531530000,1531533599,0.00003644,0.00003656,0.00003581,0.00003582,88648.00000000
1531533600,1531537199,0.00003607,0.00003608,0.00003591,0.00003599,30761.00000000
1531537200,1531540799,0.00003607,0.00003608,0.00003570,0.00003570,40482.00000000
1531540800,1531544399,0.00003570,0.00003605,0.00003568,0.00003581,48983.00000000
1531544400,1531547999,0.00003574,0.00003582,0.00003550,0.00003562,63573.00000000
1531548000,1531551599,0.00003551,0.00003567,0.00003533,0.00003537,144042.00000000
1531551600,1531555199,0.00003531,0.00003562,0.00003521,0.00003556,184104.00000000
1531555200,1531558799,0.00003552,0.00003556,0.00003541,0.00003542,33756.00000000
1531558800,1531562399,0.00003556,0.00003567,0.00003542,0.00003554,60877.00000000
1531562400,1531565999,0.00003548,0.00003554,0.00003529,0.00003544,77504.00000000
1531566000,1531569599,0.00003545,0.00003559,0.00003545,0.00003559,120131.00000000
1531569600,1531573199,0.00003553,0.00003573,0.00003553,0.00003556,19920.00000000
1531573200,1531576799,0.00003562,0.00003562,0.00003532,0.00003548,38953.00000000
1531576800,1531580399,0.00003548,0.00003569,0.00003527,0.00003569,118958.00000000
1531580400,1531583999,0.00003556,0.00003556,0.00003526,0.00003540,58829.00000000
1531584000,1531587599,0.00003540,0.00003590,0.00003521,0.00003590,177412.00000000
1531587600,1531591199,0.00003563,0.00003564,0.00003538,0.00003551,73358.00000000
1531591200,1531594799,0.00003551,0.00003559,0.00003547,0.00003559,143412.00000000
1531594800,1531598399,0.00003548,0.00003618,0.00003547,0.00003583,239914.00000000
1531598400,1531601999,0.00003576,0.00003683,0.00003565,0.00003606,140285.00000000
1531602000,1531605599,0.00003617,0.00003625,0.00003601,0.00003603,26555.00000000
1531605600,1531609199,0.00003618,0.00003619,0.00003597,0.00003597,19800.00000000
1531609200,1531612799,0.00003606,0.00003606,0.00003575,0.00003577,77729.00000000
1531612800,1531616399,0.00003577,0.00003583,0.00003565,0.00003565,59745.00000000
1531616400,1531619999,0.00003560,0.00003568,0.00003554,0.00003555,9736.00000000
1531620000,1531623599,0.00003556,0.00003569,0.00003556,0.00003569,12236.00000000
1531623600,1531627199,0.00003572,0.00003574,0.00003547,0.00003547,57084.00000000
1531627200,1531630799,0.00003552,0.00003555,0.00003532,0.00003555,31804.00000000
1531630800,1531634399,0.00003558,0.00003558,0.00003538,0.00003558,44078.00000000
1531634400,1531637999,0.00003551,0.00003554,0.00003522,0.00003523,80087.00000000
1531638000,1531641599,0.00003539,0.00003555,0.00003539,0.00003555,21716.00000000
1531641600,1531645199,0.00003551,0.00003574,0.00003539,0.00003563,62735.00000000
1531645200,1531648799,0.00003558,0.00003562,0.00003558,0.00003562,26555.00000000
1531648800,1531652399,0.00003562,0.00003563,0.00003548,0.00003563,55046.00000000
1531652400,1531655999,0.00003570,0.00003591,0.00003570,0.00003578,100670.00000000
1531656000,1531659599,0.00003582,0.00003600,0.00003578,0.00003579,343134.00000000
1531659600,1531663199,0.00003585,0.00003598,0.00003580,0.00003598,57223.00000000
1531663200,1531666799,0.00003583,0.00003600,0.00003583,0.00003600,273318.00000000
1531666800,1531670399,0.00003588,0.00003593,0.00003588,0.00003592,30412.00000000
1531670400,1531673999,0.00003586,0.00003600,0.00003563,0.00003583,95061.00000000
1531674000,1531677599,0.00003583,0.00003592,0.00003553,0.00003553,46901.00000000
1531677600,1531681199,0.00003553,0.00003555,0.00003538,0.00003541,125636.00000000
1531681200,1531684799,0.00003543,0.00003555,0.00003539,0.00003539,37731.00000000
1531684800,1531688399,0.00003555,0.00003555,0.00003506,0.00003509,269343.00000000
1531688400,1531691999,0.00003522,0.00003538,0.00003482,0.00003516,900932.00000000
1531692000,1531695599,0.00003529,0.00003553,0.00003523,0.00003553,62168.00000000
1531695600,1531699199,0.00003552,0.00003556,0.00003552,0.00003553,114323.00000000
1531699200,1531702799,0.00003529,0.00003602,0.00003529,0.00003600,376631.00000000
1531702800,1531706399,0.00003590,0.00003590,0.00003501,0.00003582,485700.00000000
1531706400,1531709999,0.00003591,0.00003592,0.00003572,0.00003572,27249.00000000
1531710000,1531713599,0.00003574,0.00003618,0.00003574,0.00003596,85797.00000000
1531713600,1531717199,0.00003616,0.00003620,0.00003590,0.00003611,174687.00000000
1531717200,1531720799,0.00003597,0.00003608,0.00003573,0.00003580,72966.00000000
1531720800,1531724399,0.00003563,0.00003563,0.00003526,0.00003526,319740.00000000
1531724400,1531727999,0.00003529,0.00003537,0.00003444,0.00003520,330995.00000000
1531728000,1531731599,0.00003519,0.00003534,0.00003517,0.00003532,188274.00000000
1531731600,1531735199,0.00003540,0.00003646,0.00003533,0.00003633,319788.00000000
1531735200,1531738799,0.00003629,0.00003642,0.00003581,0.00003639,172052.00000000
1531738800,1531742399,0.00003622,0.00003727,0.00003617,0.00003652,951098.00000000
1531742400,1531745999,0.00003658,0.00003690,0.00003588,0.00003646,221521.00000000
1531746000,1531749599,0.00003649,0.00003649,0.00003572,0.00003599,831872.00000000
1531749600,1531753199,0.00003608,0.00003628,0.00003608,0.00003615,49388.00000000
1531753200,1531756799,0.00003609,0.00003628,0.00003609,0.00003628,278900.00000000
1531756800,1531760399,0.00003631,0.00003681,0.00003587,0.00003616,391919.00000000
1531760400,1531763999,0.00003600,0.00003899,0.00003579,0.00003633,547072.00000000
1531764000,1531767599,0.00003625,0.00003646,0.00003624,0.00003646,171282.00000000
1531767600,1531771199,0.00003650,0.00003658,0.00003622,0.00003625,61619.00000000
1531771200,1531774799,0.00003625,0.00003634,0.00003600,0.00003628,130639.00000000
1531774800,1531778399,0.00003627,0.00003649,0.00003623,0.00003641,86784.00000000
1531778400,1531781999,0.00003657,0.00003753,0.00003656,0.00003673,185922.00000000
1531782000,1531785599,0.00003704,0.00003708,0.00003660,0.00003693,64833.00000000
1531785600,1531789199,0.00003695,0.00003700,0.00003637,0.00003654,103879.00000000
1531789200,1531792799,0.00003654,0.00003669,0.00003637,0.00003662,65474.00000000
1531792800,1531796399,0.00003652,0.00003688,0.00003638,0.00003662,51317.00000000
1531796400,1531799999,0.00003658,0.00003698,0.00003658,0.00003663,272057.00000000
1531800000,1531803599,0.00003672,0.00003687,0.00003672,0.00003687,38371.00000000
1531803600,1531807199,0.00003668,0.00003694,0.00003656,0.00003666,72145.00000000
1531807200,1531810799,0.00003685,0.00003685,0.00003632,0.00003632,20390.00000000
1531810800,1531814399,0.00003624,0.00003640,0.00003600,0.00003616,150722.00000000
1531814400,1531817999,0.00003622,0.00003649,0.00003616,0.00003622,79076.00000000
1531818000,1531821599,0.00003622,0.00003641,0.00003622,0.00003626,32269.00000000
1531821600,1531825199,0.00003627,0.00003635,0.00003609,0.00003623,138587.00000000
1531825200,1531828799,0.00003653,0.00003667,0.00003643,0.00003659,180926.00000000
1531828800,1531832399,0.00003660,0.00003678,0.00003600,0.00003635,475409.00000000
1531832400,1531835999,0.00003635,0.00003652,0.00003619,0.00003623,56037.00000000
1531836000,1531839599,0.00003623,0.00003654,0.00003623,0.00003631,88565.00000000
1531839600,1531843199,0.00003649,0.00003668,0.00003639,0.00003666,75940.00000000
1531843200,1531846799,0.00003637,0.00003667,0.00003635,0.00003661,15498.00000000
1531846800,1531850399,0.00003661,0.00003740,0.00003647,0.00003708,190423.00000000
1531850400,1531853999,0.00003708,0.00003776,0.00003695,0.00003745,522452.00000000
1531854000,1531857599,0.00003727,0.00003845,0.00003727,0.00003800,1004489.00000000
1531857600,1531861199,0.00003800,0.00003958,0.00003800,0.00003844,851937.00000000
1531861200,1531864799,0.00003871,0.00003912,0.00003855,0.00003882,306778.00000000
1531864800,1531868399,0.00003876,0.00003980,0.00003856,0.00003876,778970.00000000
1531868400,1531871999,0.00003908,0.00003908,0.00003865,0.00003876,159919.00000000
1531872000,1531875599,0.00003860,0.00003914,0.00003770,0.00003881,348345.00000000
1531875600,1531879199,0.00003881,0.00003967,0.00003868,0.00003965,207831.00000000
1531879200,1531882799,0.00003968,0.00003971,0.00003918,0.00003926,403364.00000000
1531882800,1531886399,0.00003918,0.00004100,0.00003902,0.00004100,692652.00000000
1531886400,1531889999,0.00004073,0.00004098,0.00003977,0.00003986,324635.00000000
1531890000,1531893599,0.00003997,0.00004020,0.00003949,0.00004020,292230.00000000
1531893600,1531897199,0.00004023,0.00004023,0.00003950,0.00003953,281196.00000000
1531897200,1531900799,0.00003971,0.00003985,0.00003934,0.00003977,174572.00000000
1531900800,1531904399,0.00003970,0.00003985,0.00003900,0.00003918,442642.00000000
1531904400,1531907999,0.00003938,0.00004049,0.00003938,0.00003991,241478.00000000
1531908000,1531911599,0.00003991,0.00004031,0.00003960,0.00003981,190658.00000000
1531911600,1531915199,0.00003980,0.00003996,0.00003952,0.00003980,81849.00000000
1531915200,1531918799,0.00003978,0.00004127,0.00003975,0.00004127,800974.00000000
1531918800,1531922399,0.00004107,0.00004395,0.00004107,0.00004235,2939953.00000000
1531922400,1531925999,0.00004250,0.00004369,0.00004111,0.00004249,1260755.00000000
1531926000,1531929599,0.00004249,0.00004600,0.00004221,0.00004394,3065338.00000000
1531929600,1531933199,0.00004389,0.00004573,0.00004351,0.00004379,1237202.00000000
1531933200,1531936799,0.00004379,0.00004414,0.00004330,0.00004370,1016580.00000000
1531936800,1531940399,0.00004384,0.00004397,0.00004260,0.00004275,814718.00000000
1531940400,1531943999,0.00004275,0.00004275,0.00004145,0.00004153,1013504.00000000
1531944000,1531947599,0.00004153,0.00004197,0.00004045,0.00004197,789096.00000000
1531947600,1531951199,0.00004197,0.00004237,0.00004137,0.00004178,517193.00000000
1531951200,1531954799,0.00004188,0.00004190,0.00004093,0.00004128,127114.00000000
1531954800,1531958399,0.00004133,0.00004150,0.00004127,0.00004137,49422.00000000
1531958400,1531961999,0.00004138,0.00004153,0.00003938,0.00003982,1444378.00000000
1531962000,1531965599,0.00003982,0.00003987,0.00003910,0.00003936,667722.00000000
1531965600,1531969199,0.00003940,0.00003957,0.00003810,0.00003910,647546.00000000
1531969200,1531972799,0.00003917,0.00003955,0.00003874,0.00003924,447217.00000000
1531972800,1531976399,0.00003925,0.00004001,0.00003918,0.00003964,370577.00000000
1531976400,1531979999,0.00003973,0.00004015,0.00003924,0.00004015,325541.00000000
1531980000,1531983599,0.00003998,0.00004037,0.00003964,0.00004018,269099.00000000
1531983600,1531987199,0.00004020,0.00004043,0.00004007,0.00004036,136239.00000000
1531987200,1531990799,0.00004029,0.00004074,0.00004015,0.00004016,498575.00000000
1531990800,1531994399,0.00004015,0.00004099,0.00004009,0.00004059,315150.00000000
1531994400,1531997999,0.00004068,0.00004077,0.00004031,0.00004032,89156.00000000
1531998000,1532001599,0.00004032,0.00004054,0.00003981,0.00004023,575463.00000000
1532001600,1532005199,0.00004000,0.00004075,0.00003966,0.00004024,710576.00000000
1532005200,1532008799,0.00004024,0.00004182,0.00004002,0.00004135,436380.00000000
1532008800,1532012399,0.00004108,0.00004266,0.00004092,0.00004190,1178156.00000000
1532012400,1532015999,0.00004190,0.00004256,0.00004099,0.00004202,2112484.00000000
1532016000,1532019599,0.00004212,0.00004262,0.00004070,0.00004070,813831.00000000
1532019600,1532023199,0.00004088,0.00004131,0.00004070,0.00004101,190536.00000000
1532023200,1532026799,0.00004101,0.00004101,0.00004023,0.00004083,150442.00000000
1532026800,1532030399,0.00004079,0.00004080,0.00004054,0.00004056,93387.00000000
1532030400,1532033999,0.00004043,0.00004061,0.00003972,0.00003974,453970.00000000
1532034000,1532037599,0.00003975,0.00004044,0.00003935,0.00004039,511547.00000000
1532037600,1532041199,0.00004028,0.00004062,0.00003959,0.00004062,123608.00000000
1532041200,1532044799,0.00004033,0.00004060,0.00003994,0.00004018,113923.00000000
1532044800,1532048399,0.00004020,0.00004020,0.00003949,0.00003949,116655.00000000
1532048400,1532051999,0.00003958,0.00003958,0.00003773,0.00003787,2068921.00000000
1532052000,1532055599,0.00003803,0.00003863,0.00003784,0.00003799,267777.00000000
1532055600,1532059199,0.00003817,0.00003824,0.00003750,0.00003813,724271.00000000
1532059200,1532062799,0.00003819,0.00003846,0.00003805,0.00003829,93788.00000000
1532062800,1532066399,0.00003831,0.00003842,0.00003736,0.00003770,371042.00000000
1532066400,1532069999,0.00003770,0.00003770,0.00003660,0.00003660,826893.00000000
1532070000,1532073599,0.00003660,0.00003812,0.00003617,0.00003800,564007.00000000
1532073600,1532077199,0.00003800,0.00003854,0.00003760,0.00003760,650183.00000000
1532077200,1532080799,0.00003766,0.00003819,0.00003751,0.00003819,249505.00000000
1532080800,1532084399,0.00003802,0.00003841,0.00003799,0.00003822,81298.00000000
1532084400,1532087999,0.00003830,0.00003830,0.00003769,0.00003770,317745.00000000
1532088000,1532091599,0.00003774,0.00003777,0.00003672,0.00003672,258456.00000000
1532091600,1532095199,0.00003677,0.00003732,0.00003634,0.00003680,420567.00000000
1532095200,1532098799,0.00003671,0.00003789,0.00003669,0.00003789,401882.00000000
1532098800,1532102399,0.00003774,0.00003779,0.00003726,0.00003771,140506.00000000
1532102400,1532105999,0.00003772,0.00003786,0.00003680,0.00003786,318972.00000000
1532106000,1532109599,0.00003782,0.00003782,0.00003685,0.00003688,274105.00000000
1532109600,1532113199,0.00003700,0.00003736,0.00003687,0.00003690,52804.00000000
1532113200,1532116799,0.00003690,0.00003762,0.00003690,0.00003755,70960.00000000
1532116800,1532120399,0.00003742,0.00003811,0.00003742,0.00003801,281832.00000000
1532120400,1532123999,0.00003782,0.00003827,0.00003724,0.00003804,313458.00000000
1532124000,1532127599,0.00003781,0.00003781,0.00003731,0.00003731,19072.00000000
1532127600,1532131199,0.00003730,0.00003777,0.00003721,0.00003757,236275.00000000
1532131200,1532134799,0.00003757,0.00003757,0.00003708,0.00003749,100752.00000000
1532134800,1532138399,0.00003719,0.00003727,0.00003680,0.00003680,80398.00000000
1532138400,1532141999,0.00003700,0.00003981,0.00003700,0.00003806,956885.00000000
1532142000,1532145599,0.00003817,0.00003836,0.00003719,0.00003726,48437.00000000
1532145600,1532149199,0.00003726,0.00003751,0.00003713,0.00003749,232898.00000000
1532149200,1532152799,0.00003732,0.00003784,0.00003732,0.00003759,320406.00000000
1532152800,1532156399,0.00003787,0.00003895,0.00003772,0.00003848,679030.00000000
1532156400,1532159999,0.00003842,0.00003907,0.00003810,0.00003866,475817.00000000
1532160000,1532163599,0.00003841,0.00003872,0.00003763,0.00003813,113678.00000000
1532163600,1532167199,0.00003812,0.00003823,0.00003781,0.00003813,59718.00000000
1532167200,1532170799,0.00003827,0.00003899,0.00003827,0.00003899,199048.00000000
1532170800,1532174399,0.00003869,0.00003946,0.00003869,0.00003885,303066.00000000
1532174400,1532177999,0.00003893,0.00004121,0.00003875,0.00003980,1971465.00000000
1532178000,1532181599,0.00003965,0.00004080,0.00003906,0.00003906,835294.00000000
1532181600,1532185199,0.00003910,0.00003945,0.00003900,0.00003915,140306.00000000
1532185200,1532188799,0.00003916,0.00003950,0.00003902,0.00003904,131183.00000000
1532188800,1532192399,0.00003919,0.00003923,0.00003900,0.00003923,53274.00000000
1532192400,1532195999,0.00003927,0.00003938,0.00003902,0.00003906,53092.00000000
1532196000,1532199599,0.00003910,0.00003924,0.00003901,0.00003905,86049.00000000
1532199600,1532203199,0.00003920,0.00003920,0.00003900,0.00003900,164849.00000000
1532203200,1532206799,0.00003902,0.00003916,0.00003878,0.00003889,88660.00000000
1532206800,1532210399,0.00003909,0.00003920,0.00003878,0.00003884,40615.00000000
1532210400,1532213999,0.00003884,0.00003889,0.00003850,0.00003873,114456.00000000
1532214000,1532217599,0.00003876,0.00003930,0.00003876,0.00003901,135121.00000000
1532217600,1532221199,0.00003895,0.00003910,0.00003854,0.00003910,49094.00000000
1532221200,1532224799,0.00003883,0.00003944,0.00003854,0.00003902,80633.00000000
1532224800,1532228399,0.00003902,0.00003978,0.00003857,0.00003929,70371.00000000
1532228400,1532231999,0.00003926,0.00003926,0.00003819,0.00003880,792502.00000000
1532232000,1532235599,0.00003882,0.00003892,0.00003831,0.00003833,59749.00000000
1532235600,1532239199,0.00003833,0.00003862,0.00003826,0.00003862,54820.00000000
1532239200,1532242799,0.00003850,0.00003850,0.00003810,0.00003822,80466.00000000
1532242800,1532246399,0.00003823,0.00003860,0.00003822,0.00003860,15793.00000000
1532246400,1532249999,0.00003860,0.00003948,0.00003851,0.00003902,120649.00000000
1532250000,1532253599,0.00003917,0.00003980,0.00003851,0.00003899,237203.00000000
1532253600,1532257199,0.00003911,0.00003970,0.00003868,0.00003898,47214.00000000
1532257200,1532260799,0.00003897,0.00003925,0.00003847,0.00003847,94047.00000000
1532260800,1532264399,0.00003847,0.00003946,0.00003847,0.00003946,94198.00000000
1532264400,1532267999,0.00003903,0.00003923,0.00003878,0.00003878,21374.00000000
1532268000,1532271599,0.00003878,0.00003889,0.00003834,0.00003880,100006.00000000
1532271600,1532275199,0.00003893,0.00003898,0.00003788,0.00003806,569062.00000000
1532275200,1532278799,0.00003806,0.00003838,0.00003742,0.00003806,1216203.00000000
1532278800,1532282399,0.00003806,0.00003850,0.00003793,0.00003837,98281.00000000
1532282400,1532285999,0.00003830,0.00003847,0.00003801,0.00003847,94617.00000000
1532286000,1532289599,0.00003821,0.00003821,0.00003745,0.00003792,649672.00000000
1532289600,1532293199,0.00003793,0.00003835,0.00003786,0.00003808,82597.00000000
1532293200,1532296799,0.00003802,0.00003829,0.00003744,0.00003744,127506.00000000
1532296800,1532300399,0.00003769,0.00003775,0.00003736,0.00003736,79972.00000000
1532300400,1532303999,0.00003760,0.00003800,0.00003736,0.00003796,90501.00000000
1532304000,1532307599,0.00003800,0.00003834,0.00003740,0.00003813,293826.00000000
1532307600,1532311199,0.00003813,0.00003831,0.00003808,0.00003829,21355.00000000
1532311200,1532314799,0.00003829,0.00003865,0.00003766,0.00003827,323662.00000000
1532314800,1532318399,0.00003837,0.00003837,0.00003790,0.00003800,230165.00000000
1532318400,1532321999,0.00003781,0.00003831,0.00003781,0.00003831,15873.00000000
1532322000,1532325599,0.00003821,0.00003821,0.00003728,0.00003747,300396.00000000
1532325600,1532329199,0.00003728,0.00003771,0.00003727,0.00003761,133495.00000000
1532329200,1532332799,0.00003768,0.00003792,0.00003737,0.00003758,379209.00000000
1532332800,1532336399,0.00003758,0.00003798,0.00003735,0.00003794,73747.00000000
1532336400,1532339999,0.00003805,0.00003809,0.00003746,0.00003777,342524.00000000
1532340000,1532343599,0.00003768,0.00003813,0.00003744,0.00003792,94157.00000000
1532343600,1532347199,0.00003793,0.00003811,0.00003732,0.00003760,274505.00000000
1532347200,1532350799,0.00003765,0.00003813,0.00003755,0.00003770,127473.00000000
1532350800,1532354399,0.00003773,0.00003777,0.00003722,0.00003722,191151.00000000
1532354400,1532357999,0.00003724,0.00003804,0.00003724,0.00003779,393997.00000000
1532358000,1532361599,0.00003782,0.00003850,0.00003753,0.00003778,396747.00000000
1532361600,1532365199,0.00003785,0.00003881,0.00003759,0.00003784,513468.00000000
1532365200,1532368799,0.00003786,0.00003811,0.00003752,0.00003781,205438.00000000
1532368800,1532372399,0.00003761,0.00003773,0.00003717,0.00003764,299393.00000000
1532372400,1532375999,0.00003748,0.00003748,0.00003695,0.00003723,181459.00000000
1532376000,1532379599,0.00003729,0.00003733,0.00003691,0.00003692,199298.00000000
1532379600,1532383199,0.00003692,0.00003721,0.00003691,0.00003716,80521.00000000
1532383200,1532386799,0.00003717,0.00003739,0.00003680,0.00003729,276272.00000000
1532386800,1532390399,0.00003729,0.00003740,0.00003721,0.00003735,30113.00000000
1532390400,1532393999,0.00003725,0.00003739,0.00003693,0.00003693,48331.00000000
1532394000,1532397599,0.00003693,0.00003800,0.00003665,0.00003799,268879.00000000
1532397600,1532401199,0.00003799,0.00003800,0.00003727,0.00003734,106562.00000000
1532401200,1532404799,0.00003718,0.00003738,0.00003690,0.00003690,228489.00000000
1532404800,1532408399,0.00003682,0.00003700,0.00003607,0.00003652,436648.00000000
1532408400,1532411999,0.00003643,0.00003691,0.00003604,0.00003626,208232.00000000
1532412000,1532415599,0.00003621,0.00003697,0.00003604,0.00003663,346045.00000000
1532415600,1532419199,0.00003663,0.00003693,0.00003561,0.00003584,1032874.00000000
1532419200,1532422799,0.00003594,0.00003604,0.00003550,0.00003572,122133.00000000
1532422800,1532426399,0.00003554,0.00003642,0.00003539,0.00003626,273828.00000000
1532426400,1532429999,0.00003623,0.00003631,0.00003578,0.00003631,191684.00000000
1532430000,1532433599,0.00003620,0.00003777,0.00003620,0.00003700,446651.00000000
1532433600,1532437199,0.00003696,0.00003699,0.00003630,0.00003633,356762.00000000
1532437200,1532440799,0.00003649,0.00003808,0.00003635,0.00003789,436507.00000000
1532440800,1532444399,0.00003751,0.00003844,0.00003751,0.00003800,394293.00000000
1532444400,1532447999,0.00003781,0.00003823,0.00003718,0.00003731,70477.00000000
1532448000,1532451599,0.00003737,0.00003775,0.00003737,0.00003747,42563.00000000
1532451600,1532455199,0.00003775,0.00003776,0.00003736,0.00003736,71135.00000000
1532455200,1532458799,0.00003735,0.00003742,0.00003725,0.00003741,263903.00000000
1532458800,1532462399,0.00003732,0.00003959,0.00003728,0.00003937,1068812.00000000
1532462400,1532465999,0.00003930,0.00004250,0.00003900,0.00004000,5072371.00000000
1532466000,1532469599,0.00003998,0.00004106,0.00003933,0.00003985,833484.00000000
1532469600,1532473199,0.00003985,0.00003985,0.00003823,0.00003902,746964.00000000
1532473200,1532476799,0.00003902,0.00003929,0.00003776,0.00003794,959089.00000000
1532476800,1532480399,0.00003785,0.00004006,0.00003762,0.00003957,701126.00000000
1532480400,1532483999,0.00003950,0.00003979,0.00003800,0.00003819,469610.00000000
1532484000,1532487599,0.00003809,0.00003980,0.00003801,0.00003864,218643.00000000
1532487600,1532491199,0.00003875,0.00003890,0.00003652,0.00003768,1454398.00000000
1532491200,1532494799,0.00003791,0.00003844,0.00003724,0.00003804,534473.00000000
1532494800,1532498399,0.00003806,0.00003932,0.00003803,0.00003898,851218.00000000
1532498400,1532501999,0.00003905,0.00003905,0.00003781,0.00003856,256067.00000000
1532502000,1532505599,0.00003856,0.00003916,0.00003838,0.00003899,102301.00000000
1532505600,1532509199,0.00003906,0.00003950,0.00003900,0.00003905,321426.00000000
1532509200,1532512799,0.00003905,0.00003906,0.00003838,0.00003843,84679.00000000
1532512800,1532516399,0.00003847,0.00003858,0.00003778,0.00003833,428906.00000000
1532516400,1532519999,0.00003829,0.00003850,0.00003785,0.00003826,149230.00000000
1532520000,1532523599,0.00003810,0.00003859,0.00003810,0.00003846,42163.00000000
1532523600,1532527199,0.00003846,0.00003901,0.00003846,0.00003880,232074.00000000
1532527200,1532530799,0.00003858,0.00003879,0.00003793,0.00003851,448713.00000000
1532530800,1532534399,0.00003846,0.00003856,0.00003775,0.00003800,119039.00000000
1532534400,1532537999,0.00003798,0.00003879,0.00003798,0.00003851,139863.00000000
1532538000,1532541599,0.00003851,0.00003870,0.00003825,0.00003826,58594.00000000
1532541600,1532545199,0.00003868,0.00003887,0.00003844,0.00003844,291937.00000000
1532545200,1532548799,0.00003839,0.00003896,0.00003816,0.00003874,298087.00000000
1532548800,1532552399,0.00003885,0.00004055,0.00003868,0.00003936,700473.00000000
1532552400,1532555999,0.00003936,0.00003947,0.00003889,0.00003889,303193.00000000
1532556000,1532559599,0.00003895,0.00003957,0.00003870,0.00003957,95539.00000000
1532559600,1532563199,0.00003957,0.00003957,0.00003904,0.00003912,122330.00000000
1532563200,1532566799,0.00003932,0.00003940,0.00003911,0.00003916,51549.00000000
1532566800,1532570399,0.00003916,0.00003920,0.00003900,0.00003910,105799.00000000
1532570400,1532573999,0.00003910,0.00003938,0.00003908,0.00003938,185097.00000000
1532574000,1532577599,0.00003939,0.00003940,0.00003922,0.00003925,107417.00000000
1532577600,1532581199,0.00003925,0.00003936,0.00003908,0.00003917,45080.00000000
1532581200,1532584799,0.00003916,0.00003916,0.00003839,0.00003851,438348.00000000
1532584800,1532588399,0.00003851,0.00003926,0.00003849,0.00003874,173420.00000000
1532588400,1532591999,0.00003861,0.00003900,0.00003855,0.00003864,123477.00000000
1532592000,1532595599,0.00003869,0.00003871,0.00003842,0.00003842,60371.00000000
1532595600,1532599199,0.00003846,0.00003861,0.00003842,0.00003846,64977.00000000
1532599200,1532602799,0.00003846,0.00003903,0.00003846,0.00003903,151487.00000000
1532602800,1532606399,0.00003903,0.00004100,0.00003900,0.00004010,1490624.00000000
1532606400,1532609999,0.00004025,0.00004025,0.00003939,0.00003954,284466.00000000
1532610000,1532613599,0.00003983,0.00003986,0.00003907,0.00003914,117746.00000000
1532613600,1532617199,0.00003906,0.00003986,0.00003890,0.00003943,539218.00000000
1532617200,1532620799,0.00003943,0.00003963,0.00003937,0.00003963,140411.00000000
1532620800,1532624399,0.00003954,0.00004032,0.00003954,0.00003974,141218.00000000
1532624400,1532627999,0.00003974,0.00004053,0.00003974,0.00004027,174979.00000000
1532628000,1532631599,0.00004027,0.00004044,0.00004000,0.00004021,158451.00000000
1532631600,1532635199,0.00004037,0.00004058,0.00003999,0.00004001,227960.00000000
1532635200,1532638799,0.00004000,0.00004017,0.00003993,0.00003993,303450.00000000
1532638800,1532642399,0.00003982,0.00003993,0.00003804,0.00003841,561257.00000000
1532642400,1532645999,0.00003852,0.00003852,0.00003761,0.00003786,937078.00000000
1532646000,1532649599,0.00003789,0.00003802,0.00003670,0.00003797,803935.00000000
1532649600,1532653199,0.00003805,0.00003810,0.00003732,0.00003752,170054.00000000
1532653200,1532656799,0.00003736,0.00003886,0.00003690,0.00003722,700349.00000000
1532656800,1532660399,0.00003723,0.00003723,0.00003703,0.00003715,12715.00000000
1532660400,1532663999,0.00003704,0.00003752,0.00003703,0.00003740,124647.00000000
1532664000,1532667599,0.00003741,0.00003774,0.00003730,0.00003774,102535.00000000
1532667600,1532671199,0.00003768,0.00003777,0.00003749,0.00003749,84760.00000000
1532671200,1532674799,0.00003749,0.00003829,0.00003667,0.00003693,844788.00000000
1532674800,1532678399,0.00003703,0.00003729,0.00003691,0.00003721,173255.00000000
1532678400,1532681999,0.00003728,0.00003763,0.00003722,0.00003757,214158.00000000
1532682000,1532685599,0.00003769,0.00003800,0.00003748,0.00003748,314340.00000000
1532685600,1532689199,0.00003748,0.00003771,0.00003737,0.00003737,107104.00000000
1532689200,1532692799,0.00003737,0.00003764,0.00003705,0.00003710,210482.00000000
1532692800,1532696399,0.00003705,0.00003730,0.00003685,0.00003705,175907.00000000
1532696400,1532699999,0.00003684,0.00003723,0.00003665,0.00003710,395812.00000000
1532700000,1532703599,0.00003711,0.00003741,0.00003700,0.00003700,165323.00000000
1532703600,1532707199,0.00003688,0.00003799,0.00003683,0.00003790,400747.00000000
1532707200,1532710799,0.00003790,0.00003858,0.00003789,0.00003858,127993.00000000
1532710800,1532714399,0.00003858,0.00003864,0.00003805,0.00003846,149941.00000000
1532714400,1532717999,0.00003846,0.00003940,0.00003846,0.00003923,432066.00000000
1532718000,1532721599,0.00003928,0.00003928,0.00003878,0.00003921,69129.00000000
1532721600,1532725199,0.00003921,0.00003940,0.00003890,0.00003910,328726.00000000
1532725200,1532728799,0.00003906,0.00003906,0.00003850,0.00003850,42080.00000000
1532728800,1532732399,0.00003854,0.00003898,0.00003854,0.00003874,88738.00000000
1532732400,1532735999,0.00003879,0.00003882,0.00003812,0.00003855,229247.00000000
1532736000,1532739599,0.00003832,0.00003834,0.00003808,0.00003808,66905.00000000
1532739600,1532743199,0.00003832,0.00003855,0.00003832,0.00003837,45373.00000000
1532743200,1532746799,0.00003833,0.00003843,0.00003778,0.00003782,132473.00000000
1532746800,1532750399,0.00003816,0.00003840,0.00003791,0.00003791,50467.00000000
1532750400,1532753999,0.00003810,0.00003840,0.00003800,0.00003835,37616.00000000
1532754000,1532757599,0.00003816,0.00003823,0.00003810,0.00003816,70602.00000000
1532757600,1532761199,0.00003803,0.00003806,0.00003792,0.00003806,48520.00000000
1532761200,1532764799,0.00003807,0.00003826,0.00003784,0.00003814,54594.00000000
1532764800,1532768399,0.00003798,0.00003855,0.00003795,0.00003854,137977.00000000
1532768400,1532771999,0.00003854,0.00003857,0.00003828,0.00003845,93186.00000000
1532772000,1532775599,0.00003855,0.00003891,0.00003839,0.00003891,178301.00000000
1532775600,1532779199,0.00003890,0.00003958,0.00003884,0.00003958,352753.00000000
1532779200,1532782799,0.00003958,0.00004040,0.00003933,0.00003955,1086474.00000000
1532782800,1532786399,0.00003955,0.00004005,0.00003955,0.00003969,179081.00000000
1532786400,1532789999,0.00003968,0.00003980,0.00003949,0.00003949,396904.00000000
1532790000,1532793599,0.00003959,0.00003978,0.00003921,0.00003935,376826.00000000
1532793600,1532797199,0.00003940,0.00004040,0.00003940,0.00004017,293718.00000000
1532797200,1532800799,0.00004000,0.00004057,0.00003984,0.00004027,229568.00000000
1532800800,1532804399,0.00004021,0.00004056,0.00004016,0.00004043,60937.00000000
1532804400,1532807999,0.00004049,0.00004055,0.00004003,0.00004011,67354.00000000
1532808000,1532811599,0.00004009,0.00004056,0.00004009,0.00004037,131968.00000000
1532811600,1532815199,0.00004038,0.00004043,0.00004010,0.00004037,120027.00000000
1532815200,1532818799,0.00004004,0.00004030,0.00003997,0.00003997,54230.00000000
1532818800,1532822399,0.00004012,0.00004022,0.00003985,0.00003985,119144.00000000
1532822400,1532825999,0.00003984,0.00004056,0.00003966,0.00004056,69515.00000000
1532826000,1532829599,0.00004056,0.00004210,0.00004040,0.00004204,990006.00000000
1532829600,1532833199,0.00004188,0.00004188,0.00004126,0.00004126,440388.00000000
1532833200,1532836799,0.00004161,0.00004170,0.00004101,0.00004134,451031.00000000
1532836800,1532840399,0.00004134,0.00004155,0.00004113,0.00004113,73867.00000000
1532840400,1532843999,0.00004113,0.00004126,0.00004098,0.00004100,443003.00000000
1532844000,1532847599,0.00004100,0.00004117,0.00004062,0.00004108,461768.00000000
1532847600,1532851199,0.00004092,0.00004108,0.00004072,0.00004108,56237.00000000
1532851200,1532854799,0.00004097,0.00004097,0.00004050,0.00004081,47659.00000000
1532854800,1532858399,0.00004056,0.00004115,0.00004056,0.00004115,87679.00000000
1532858400,1532861999,0.00004103,0.00004103,0.00004030,0.00004037,83035.00000000
1532862000,1532865599,0.00004044,0.00004084,0.00004036,0.00004036,245809.00000000
1532865600,1532869199,0.00004031,0.00004133,0.00004031,0.00004109,213745.00000000
1532869200,1532872799,0.00004106,0.00004133,0.00004062,0.00004113,156982.00000000
1532872800,1532876399,0.00004117,0.00004130,0.00004080,0.00004080,122143.00000000
1532876400,1532879999,0.00004068,0.00004085,0.00004032,0.00004053,233750.00000000
1532880000,1532883599,0.00004033,0.00004060,0.00004033,0.00004060,44402.00000000
1532883600,1532887199,0.00004060,0.00004070,0.00004030,0.00004064,175786.00000000
1532887200,1532890799,0.00004052,0.00004064,0.00004029,0.00004033,64400.00000000
1532890800,1532894399,0.00004035,0.00004063,0.00004033,0.00004050,195448.00000000
1532894400,1532897999,0.00004050,0.00004069,0.00004050,0.00004053,21458.00000000
1532898000,1532901599,0.00004054,0.00004069,0.00004045,0.00004067,61242.00000000
1532901600,1532905199,0.00004058,0.00004072,0.00004033,0.00004071,93801.00000000
1532905200,1532908799,0.00004071,0.00004190,0.00004049,0.00004056,252960.00000000
1532908800,1532912399,0.00004057,0.00004057,0.00003982,0.00004016,204387.00000000
1532912400,1532915999,0.00004027,0.00004038,0.00004016,0.00004032,48124.00000000
1532916000,1532919599,0.00004025,0.00004034,0.00004016,0.00004017,98200.00000000
1532919600,1532923199,0.00003995,0.00004041,0.00003995,0.00004041,145086.00000000
1532923200,1532926799,0.00004036,0.00004036,0.00004010,0.00004010,175952.00000000
1532926800,1532930399,0.00004018,0.00004027,0.00004010,0.00004017,44212.00000000
1532930400,1532933999,0.00004010,0.00004037,0.00004000,0.00004023,311763.00000000
1532934000,1532937599,0.00004023,0.00004025,0.00004000,0.00004018,191050.00000000
1532937600,1532941199,0.00004014,0.00004014,0.00003964,0.00003988,88455.00000000
1532941200,1532944799,0.00003988,0.00004013,0.00003933,0.00003972,224587.00000000
1532944800,1532948399,0.00003970,0.00003970,0.00003947,0.00003965,122103.00000000
1532948400,1532951999,0.00003957,0.00003957,0.00003882,0.00003907,479608.00000000
1532952000,1532955599,0.00003901,0.00003932,0.00003856,0.00003884,250321.00000000
1532955600,1532959199,0.00003882,0.00003904,0.00003882,0.00003891,67776.00000000
1532959200,1532962799,0.00003881,0.00003898,0.00003855,0.00003859,100435.00000000
1532962800,1532966399,0.00003855,0.00003918,0.00003855,0.00003899,153063.00000000
1532966400,1532969999,0.00003902,0.00003927,0.00003850,0.00003850,365068.00000000
1532970000,1532973599,0.00003857,0.00003859,0.00003767,0.00003809,411795.00000000
1532973600,1532977199,0.00003798,0.00003856,0.00003766,0.00003827,307918.00000000
1532977200,1532980799,0.00003831,0.00003885,0.00003831,0.00003884,319374.00000000
1532980800,1532984399,0.00003884,0.00003927,0.00003836,0.00003927,60263.00000000
1532984400,1532987999,0.00003927,0.00003935,0.00003889,0.00003889,46062.00000000
1532988000,1532991599,0.00003892,0.00003928,0.00003891,0.00003928,215085.00000000
1532991600,1532995199,0.00003891,0.00003898,0.00003868,0.00003868,75705.00000000
1532995200,1532998799,0.00003879,0.00003879,0.00003858,0.00003869,89412.00000000
1532998800,1533002399,0.00003865,0.00003913,0.00003847,0.00003907,69426.00000000
1533002400,1533005999,0.00003890,0.00003913,0.00003868,0.00003912,10765.00000000
1533006000,1533009599,0.00003924,0.00003924,0.00003883,0.00003905,42226.00000000
1533009600,1533013199,0.00003925,0.00003925,0.00003805,0.00003859,421200.00000000
1533013200,1533016799,0.00003861,0.00003878,0.00003813,0.00003820,82632.00000000
1533016800,1533020399,0.00003841,0.00003841,0.00003822,0.00003823,39880.00000000
1533020400,1533023999,0.00003823,0.00003862,0.00003823,0.00003828,141911.00000000
1533024000,1533027599,0.00003832,0.00003869,0.00003832,0.00003861,64841.00000000
1533027600,1533031199,0.00003843,0.00003843,0.00003758,0.00003768,400923.00000000
1533031200,1533034799,0.00003771,0.00003830,0.00003753,0.00003804,425289.00000000
1533034800,1533038399,0.00003811,0.00003824,0.00003791,0.00003807,74200.00000000
1533038400,1533041999,0.00003815,0.00003815,0.00003749,0.00003750,110369.00000000
1533042000,1533045599,0.00003748,0.00003824,0.00003743,0.00003782,280461.00000000
1533045600,1533049199,0.00003762,0.00003799,0.00003729,0.00003770,133556.00000000
1533049200,1533052799,0.00003781,0.00003789,0.00003753,0.00003763,84568.00000000
1533052800,1533056399,0.00003764,0.00003837,0.00003764,0.00003819,105740.00000000
1533056400,1533059999,0.00003822,0.00003928,0.00003796,0.00003902,541588.00000000
1533060000,1533063599,0.00003925,0.00003938,0.00003810,0.00003832,184452.00000000
1533063600,1533067199,0.00003852,0.00003860,0.00003822,0.00003823,34885.00000000
1533067200,1533070799,0.00003833,0.00003834,0.00003760,0.00003760,109940.00000000
1533070800,1533074399,0.00003786,0.00003786,0.00003742,0.00003759,41409.00000000
1533074400,1533077999,0.00003767,0.00003806,0.00003741,0.00003744,193681.00000000
1533078000,1533081599,0.00003744,0.00003791,0.00003741,0.00003791,272320.00000000
1533081600,1533085199,0.00003782,0.00003782,0.00003760,0.00003773,316724.00000000
1533085200,1533088799,0.00003760,0.00003789,0.00003713,0.00003789,497123.00000000
1533088800,1533092399,0.00003786,0.00003800,0.00003757,0.00003757,43309.00000000
1533092400,1533095999,0.00003766,0.00003770,0.00003742,0.00003753,120174.00000000
1533096000,1533099599,0.00003753,0.00003778,0.00003745,0.00003762,54783.00000000
1533099600,1533103199,0.00003761,0.00003774,0.00003715,0.00003715,89940.00000000
1533103200,1533106799,0.00003715,0.00003715,0.00003682,0.00003698,67392.00000000
1533106800,1533110399,0.00003732,0.00003786,0.00003726,0.00003762,59383.00000000
1533110400,1533113999,0.00003782,0.00003803,0.00003760,0.00003802,12202.00000000
1533114000,1533117599,0.00003792,0.00003792,0.00003752,0.00003755,28281.00000000
1533117600,1533121199,0.00003755,0.00003764,0.00003726,0.00003749,97321.00000000
1533121200,1533124799,0.00003726,0.00003741,0.00003726,0.00003741,8861.00000000
1533124800,1533128399,0.00003724,0.00003736,0.00003701,0.00003701,49355.00000000
1533128400,1533131999,0.00003721,0.00003766,0.00003710,0.00003754,158961.00000000
1533132000,1533135599,0.00003775,0.00003790,0.00003755,0.00003755,74509.00000000
1533135600,1533139199,0.00003758,0.00003792,0.00003755,0.00003792,16178.00000000
1533139200,1533142799,0.00003778,0.00003791,0.00003744,0.00003744,21861.00000000
1533142800,1533146399,0.00003742,0.00003758,0.00003732,0.00003752,48930.00000000
1533146400,1533149999,0.00003745,0.00003745,0.00003717,0.00003745,14630.00000000
1533150000,1533153599,0.00003745,0.00003764,0.00003740,0.00003764,38636.00000000
1533153600,1533157199,0.00003732,0.00003791,0.00003714,0.00003791,71028.00000000
1533157200,1533160799,0.00003791,0.00003791,0.00003713,0.00003722,37590.00000000
1533160800,1533164399,0.00003736,0.00003736,0.00003646,0.00003697,306809.00000000
1533164400,1533167999,0.00003677,0.00003726,0.00003671,0.00003721,59704.00000000
1533168000,1533171599,0.00003721,0.00003756,0.00003712,0.00003728,95103.00000000
1533171600,1533175199,0.00003735,0.00003749,0.00003641,0.00003713,163955.00000000
1533175200,1533178799,0.00003718,0.00003773,0.00003718,0.00003754,121400.00000000
1533178800,1533182399,0.00003757,0.00003789,0.00003738,0.00003751,110684.00000000
1533182400,1533185999,0.00003773,0.00003773,0.00003744,0.00003744,28490.00000000
1533186000,1533189599,0.00003744,0.00003753,0.00003730,0.00003736,36929.00000000
1533189600,1533193199,0.00003751,0.00003773,0.00003751,0.00003757,36519.00000000
1533193200,1533196799,0.00003757,0.00003758,0.00003737,0.00003737,80760.00000000
1533196800,1533200399,0.00003748,0.00003748,0.00003736,0.00003736,13378.00000000
1533200400,1533203999,0.00003736,0.00003824,0.00003734,0.00003768,139645.00000000
1533204000,1533207599,0.00003768,0.00003768,0.00003732,0.00003736,86166.00000000
1533207600,1533211199,0.00003728,0.00003739,0.00003702,0.00003706,211340.00000000
1533211200,1533214799,0.00003727,0.00003727,0.00003591,0.00003591,603459.00000000
1533214800,1533218399,0.00003591,0.00003597,0.00003447,0.00003482,1017224.00000000
1533218400,1533221999,0.00003498,0.00003537,0.00003486,0.00003499,50693.00000000
1533222000,1533225599,0.00003471,0.00003527,0.00003461,0.00003517,149092.00000000
1533225600,1533229199,0.00003518,0.00003597,0.00003493,0.00003587,280582.00000000
1533229200,1533232799,0.00003599,0.00003606,0.00003547,0.00003570,120986.00000000
1533232800,1533236399,0.00003547,0.00003564,0.00003526,0.00003529,70088.00000000
1533236400,1533239999,0.00003564,0.00003589,0.00003528,0.00003528,67445.00000000
1533240000,1533243599,0.00003524,0.00003543,0.00003514,0.00003535,116275.00000000
1533243600,1533247199,0.00003536,0.00003589,0.00003518,0.00003528,164789.00000000
1533247200,1533250799,0.00003526,0.00003528,0.00003502,0.00003505,85997.00000000
1533250800,1533254399,0.00003525,0.00003525,0.00003468,0.00003468,247149.00000000
1533254400,1533257999,0.00003491,0.00003538,0.00003408,0.00003424,426590.00000000
1533258000,1533261599,0.00003424,0.00003474,0.00003347,0.00003404,319077.00000000
1533261600,1533265199,0.00003372,0.00003435,0.00003371,0.00003380,407703.00000000
1533265200,1533268799,0.00003410,0.00003442,0.00003363,0.00003363,190929.00000000
1533268800,1533272399,0.00003363,0.00003401,0.00003287,0.00003344,487900.00000000
1533272400,1533275999,0.00003340,0.00003403,0.00003334,0.00003380,188762.00000000
1533276000,1533279599,0.00003365,0.00003387,0.00003300,0.00003326,283698.00000000
1533279600,1533283199,0.00003316,0.00003328,0.00003287,0.00003302,104798.00000000
1533283200,1533286799,0.00003324,0.00003348,0.00003324,0.00003333,108069.00000000
1533286800,1533290399,0.00003333,0.00003343,0.00003310,0.00003318,189384.00000000
1533290400,1533293999,0.00003337,0.00003337,0.00003319,0.00003319,117427.00000000
1533294000,1533297599,0.00003327,0.00003327,0.00003280,0.00003313,104863.00000000
1533297600,1533301199,0.00003304,0.00003324,0.00003280,0.00003300,176080.00000000
1533301200,1533304799,0.00003311,0.00003412,0.00003311,0.00003373,232014.00000000
1533304800,1533308399,0.00003391,0.00003500,0.00003374,0.00003424,338501.00000000
1533308400,1533311999,0.00003432,0.00003493,0.00003432,0.00003446,545873.00000000
1533312000,1533315599,0.00003452,0.00003475,0.00003408,0.00003408,105509.00000000
1533315600,1533319199,0.00003426,0.00003455,0.00003403,0.00003451,81548.00000000
1533319200,1533322799,0.00003451,0.00003452,0.00003341,0.00003341,504336.00000000
1533322800,1533326399,0.00003391,0.00003391,0.00003358,0.00003373,36027.00000000
1533326400,1533329999,0.00003365,0.00003365,0.00003357,0.00003358,29232.00000000
1533330000,1533333599,0.00003339,0.00003349,0.00003315,0.00003346,50635.00000000
1533333600,1533337199,0.00003354,0.00003354,0.00003344,0.00003344,41501.00000000
1533337200,1533340799,0.00003345,0.00003372,0.00003345,0.00003371,45207.00000000
1533340800,1533344399,0.00003360,0.00003442,0.00003355,0.00003442,270746.00000000
1533344400,1533347999,0.00003439,0.00003439,0.00003400,0.00003425,88663.00000000
1533348000,1533351599,0.00003428,0.00003428,0.00003389,0.00003389,50041.00000000
1533351600,1533355199,0.00003390,0.00003390,0.00003359,0.00003366,108139.00000000
1533355200,1533358799,0.00003367,0.00003375,0.00003366,0.00003375,64482.00000000
1533358800,1533362399,0.00003378,0.00003388,0.00003378,0.00003388,73028.00000000
1533362400,1533365999,0.00003377,0.00003377,0.00003370,0.00003370,21166.00000000
1533366000,1533369599,0.00003370,0.00003393,0.00003368,0.00003374,51077.00000000
1533369600,1533373199,0.00003385,0.00003393,0.00003368,0.00003393,83406.00000000
1533373200,1533376799,0.00003399,0.00003418,0.00003362,0.00003403,91512.00000000
1533376800,1533380399,0.00003413,0.00003413,0.00003379,0.00003394,33531.00000000
1533380400,1533383999,0.00003395,0.00003397,0.00003369,0.00003379,86360.00000000
1533384000,1533387599,0.00003379,0.00003379,0.00003346,0.00003346,112976.00000000
1533387600,1533391199,0.00003346,0.00003346,0.00003312,0.00003328,228865.00000000
1533391200,1533394799,0.00003312,0.00003325,0.00003223,0.00003239,540925.00000000
1533394800,1533398399,0.00003246,0.00003264,0.00003196,0.00003220,321247.00000000
1533398400,1533401999,0.00003212,0.00003249,0.00003203,0.00003220,49110.00000000
1533402000,1533405599,0.00003197,0.00003229,0.00003175,0.00003206,212439.00000000
1533405600,1533409199,0.00003210,0.00003210,0.00003160,0.00003160,35214.00000000
1533409200,1533412799,0.00003169,0.00003206,0.00003169,0.00003190,86715.00000000
1533412800,1533416399,0.00003190,0.00003211,0.00003189,0.00003190,21244.00000000
1533416400,1533419999,0.00003203,0.00003243,0.00003178,0.00003235,87005.00000000
1533420000,1533423599,0.00003235,0.00003259,0.00003235,0.00003240,35808.00000000
1533423600,1533427199,0.00003240,0.00003240,0.00003240,0.00003240,431.00000000
1533427200,1533430799,0.00003238,0.00003524,0.00003207,0.00003231,412240.00000000
1533430800,1533434399,0.00003221,0.00003230,0.00003202,0.00003207,86856.00000000
1533434400,1533437999,0.00003202,0.00003241,0.00003202,0.00003224,72403.00000000
1533438000,1533441599,0.00003225,0.00003244,0.00003200,0.00003244,173433.00000000
1533441600,1533445199,0.00003240,0.00003262,0.00003233,0.00003262,120575.00000000
1533445200,1533448799,0.00003262,0.00003262,0.00003262,0.00003262,2170.00000000
1533448800,1533452399,0.00003259,0.00003266,0.00003245,0.00003254,92267.00000000
1533452400,1533455999,0.00003263,0.00003272,0.00003263,0.00003272,18449.00000000
1533456000,1533459599,0.00003260,0.00003272,0.00003260,0.00003272,21760.00000000
1533459600,1533463199,0.00003277,0.00003299,0.00003267,0.00003282,112398.00000000
1533463200,1533466799,0.00003301,0.00003311,0.00003287,0.00003287,28080.00000000
1533466800,1533470399,0.00003286,0.00003298,0.00003278,0.00003297,46892.00000000
1533470400,1533473999,0.00003292,0.00003296,0.00003292,0.00003296,19909.00000000
1533474000,1533477599,0.00003278,0.00003278,0.00003252,0.00003261,25067.00000000
1533477600,1533481199,0.00003278,0.00003278,0.00003253,0.00003261,76572.00000000
1533481200,1533484799,0.00003266,0.00003300,0.00003266,0.00003294,85287.00000000
1533484800,1533488399,0.00003293,0.00003391,0.00003289,0.00003339,359802.00000000
1533488400,1533491999,0.00003351,0.00003401,0.00003331,0.00003369,275805.00000000
1533492000,1533495599,0.00003383,0.00003383,0.00003317,0.00003317,56642.00000000
1533495600,1533499199,0.00003321,0.00003351,0.00003321,0.00003335,55455.00000000
1533499200,1533502799,0.00003351,0.00003375,0.00003334,0.00003334,150957.00000000
1533502800,1533506399,0.00003339,0.00003376,0.00003330,0.00003376,130333.00000000
1533506400,1533509999,0.00003358,0.00003360,0.00003316,0.00003349,113221.00000000
1533510000,1533513599,0.00003361,0.00003361,0.00003340,0.00003340,59860.00000000
1533513600,1533517199,0.00003349,0.00003357,0.00003315,0.00003350,62512.00000000
1533517200,1533520799,0.00003331,0.00003388,0.00003331,0.00003388,31707.00000000
1533520800,1533524399,0.00003372,0.00003396,0.00003372,0.00003395,104901.00000000
1533524400,1533527999,0.00003388,0.00003405,0.00003382,0.00003398,115210.00000000
1533528000,1533531599,0.00003398,0.00003398,0.00003371,0.00003371,40754.00000000
1533531600,1533535199,0.00003349,0.00003379,0.00003328,0.00003351,178550.00000000
1533535200,1533538799,0.00003360,0.00003375,0.00003348,0.00003369,47397.00000000
1533538800,1533542399,0.00003353,0.00003353,0.00003315,0.00003320,132281.00000000
1533542400,1533545999,0.00003331,0.00003336,0.00003246,0.00003271,70865.00000000
1533546000,1533549599,0.00003271,0.00003284,0.00003253,0.00003253,47393.00000000
1533549600,1533553199,0.00003285,0.00003291,0.00003272,0.00003275,59324.00000000
1533553200,1533556799,0.00003275,0.00003275,0.00003200,0.00003229,490597.00000000
1533556800,1533560399,0.00003261,0.00003288,0.00003261,0.00003288,33901.00000000
1533560400,1533563999,0.00003288,0.00003307,0.00003264,0.00003264,88174.00000000
1533564000,1533567599,0.00003271,0.00003288,0.00003271,0.00003274,39401.00000000
1533567600,1533571199,0.00003274,0.00003315,0.00003269,0.00003315,81550.00000000
1533571200,1533574799,0.00003326,0.00003336,0.00003270,0.00003270,40633.00000000
1533574800,1533578399,0.00003270,0.00003359,0.00003270,0.00003342,162260.00000000
1533578400,1533581999,0.00003330,0.00003340,0.00003282,0.00003294,82933.00000000
1533582000,1533585599,0.00003292,0.00003300,0.00003280,0.00003300,48344.00000000
1533585600,1533589199,0.00003301,0.00003359,0.00003295,0.00003328,106872.00000000
1533589200,1533592799,0.00003328,0.00003328,0.00003298,0.00003301,103781.00000000
1533592800,1533596399,0.00003306,0.00003306,0.00003290,0.00003292,85388.00000000
1533596400,1533599999,0.00003279,0.00003279,0.00003279,0.00003279,307.00000000
1533600000,1533603599,0.00003299,0.00003372,0.00003282,0.00003357,201263.00000000
1533603600,1533607199,0.00003354,0.00003354,0.00003304,0.00003331,153561.00000000
1533607200,1533610799,0.00003331,0.00003338,0.00003275,0.00003305,81996.00000000
1533610800,1533614399,0.00003295,0.00003348,0.00003289,0.00003321,187833.00000000
1533614400,1533617999,0.00003335,0.00003363,0.00003335,0.00003356,194847.00000000
1533618000,1533621599,0.00003349,0.00003374,0.00003349,0.00003374,114970.00000000
1533621600,1533625199,0.00003374,0.00003574,0.00003370,0.00003479,949292.00000000
1533625200,1533628799,0.00003470,0.00003700,0.00003456,0.00003615,1878600.00000000
1533628800,1533632399,0.00003615,0.00003972,0.00003541,0.00003744,2501540.00000000
1533632400,1533635999,0.00003759,0.00003805,0.00003612,0.00003612,1037461.00000000
1533636000,1533639599,0.00003613,0.00003668,0.00003531,0.00003550,1352643.00000000
1533639600,1533643199,0.00003532,0.00003670,0.00003532,0.00003650,400041.00000000
1533643200,1533646799,0.00003650,0.00003660,0.00003572,0.00003599,168480.00000000
1533646800,1533650399,0.00003601,0.00003656,0.00003568,0.00003568,80724.00000000
1533650400,1533653999,0.00003564,0.00003572,0.00003520,0.00003542,561869.00000000
1533654000,1533657599,0.00003547,0.00003565,0.00003538,0.00003542,87339.00000000
1533657600,1533661199,0.00003546,0.00003730,0.00003546,0.00003655,347274.00000000
1533661200,1533664799,0.00003660,0.00003727,0.00003582,0.00003615,477008.00000000
1533664800,1533668399,0.00003607,0.00003652,0.00003607,0.00003652,65129.00000000
1533668400,1533671999,0.00003649,0.00003663,0.00003594,0.00003648,288424.00000000
1533672000,1533675599,0.00003657,0.00003675,0.00003530,0.00003578,657978.00000000
1533675600,1533679199,0.00003578,0.00003578,0.00003450,0.00003517,1046438.00000000
1533679200,1533682799,0.00003515,0.00003535,0.00003430,0.00003479,173851.00000000
1533682800,1533686399,0.00003470,0.00003496,0.00003455,0.00003484,249439.00000000
1533686400,1533689999,0.00003475,0.00003475,0.00003322,0.00003368,1066892.00000000
1533690000,1533693599,0.00003351,0.00003373,0.00003320,0.00003320,127839.00000000
1533693600,1533697199,0.00003330,0.00003425,0.00003300,0.00003425,1178932.00000000
1533697200,1533700799,0.00003404,0.00003421,0.00003323,0.00003323,237928.00000000
1533700800,1533704399,0.00003343,0.00003343,0.00003200,0.00003264,697757.00000000
1533704400,1533707999,0.00003264,0.00003299,0.00003238,0.00003285,442036.00000000
1533708000,1533711599,0.00003287,0.00003341,0.00003287,0.00003322,182061.00000000
1533711600,1533715199,0.00003313,0.00003313,0.00003255,0.00003256,124118.00000000
1533715200,1533718799,0.00003275,0.00003289,0.00003226,0.00003279,303333.00000000
1533718800,1533722399,0.00003282,0.00003297,0.00003271,0.00003272,206694.00000000
1533722400,1533725999,0.00003261,0.00003302,0.00003226,0.00003302,692126.00000000
1533726000,1533729599,0.00003306,0.00003371,0.00003285,0.00003316,605605.00000000
1533729600,1533733199,0.00003314,0.00003367,0.00003314,0.00003345,150722.00000000
1533733200,1533736799,0.00003346,0.00003348,0.00003309,0.00003325,93144.00000000
1533736800,1533740399,0.00003325,0.00003334,0.00003273,0.00003294,667969.00000000
1533740400,1533743999,0.00003268,0.00003325,0.00003254,0.00003254,312966.00000000
1533744000,1533747599,0.00003263,0.00003325,0.00003254,0.00003254,239870.00000000
1533747600,1533751199,0.00003253,0.00003277,0.00003223,0.00003223,159469.00000000
1533751200,1533754799,0.00003228,0.00003228,0.00003136,0.00003190,535373.00000000
1533754800,1533758399,0.00003213,0.00003234,0.00003207,0.00003222,108876.00000000
1533758400,1533761999,0.00003222,0.00003260,0.00003222,0.00003260,66987.00000000
1533762000,1533765599,0.00003260,0.00003325,0.00003233,0.00003241,322444.00000000
1533765600,1533769199,0.00003234,0.00003281,0.00003234,0.00003248,39803.00000000
1533769200,1533772799,0.00003279,0.00003281,0.00003251,0.00003263,106809.00000000
1533772800,1533776399,0.00003247,0.00003252,0.00003244,0.00003245,92768.00000000
1533776400,1533779999,0.00003253,0.00003266,0.00003244,0.00003266,100143.00000000
1533780000,1533783599,0.00003268,0.00003280,0.00003229,0.00003269,245727.00000000
1533783600,1533787199,0.00003269,0.00003278,0.00003236,0.00003236,128675.00000000
1533787200,1533790799,0.00003240,0.00003240,0.00003213,0.00003228,97049.00000000
1533790800,1533794399,0.00003248,0.00003267,0.00003242,0.00003267,71122.00000000
1533794400,1533797999,0.00003255,0.00003280,0.00003247,0.00003261,78695.00000000
1533798000,1533801599,0.00003262,0.00003286,0.00003244,0.00003248,185223.00000000
1533801600,1533805199,0.00003240,0.00003240,0.00003188,0.00003200,170541.00000000
1533805200,1533808799,0.00003204,0.00003242,0.00003203,0.00003223,12305.00000000
1533808800,1533812399,0.00003251,0.00003318,0.00003251,0.00003317,154437.00000000
1533812400,1533815999,0.00003317,0.00003317,0.00003268,0.00003304,61871.00000000
1533816000,1533819599,0.00003302,0.00003302,0.00003245,0.00003254,100016.00000000
1533819600,1533823199,0.00003279,0.00003314,0.00003255,0.00003314,123281.00000000
1533823200,1533826799,0.00003302,0.00003359,0.00003295,0.00003320,187992.00000000
1533826800,1533830399,0.00003342,0.00003376,0.00003336,0.00003350,77557.00000000
1533830400,1533833999,0.00003353,0.00003377,0.00003337,0.00003374,215855.00000000
1533834000,1533837599,0.00003374,0.00003409,0.00003362,0.00003400,118951.00000000
1533837600,1533841199,0.00003400,0.00003432,0.00003389,0.00003400,92290.00000000
1533841200,1533844799,0.00003394,0.00003394,0.00003309,0.00003362,417362.00000000
1533844800,1533848399,0.00003358,0.00003371,0.00003346,0.00003365,122881.00000000
1533848400,1533851999,0.00003364,0.00003385,0.00003329,0.00003330,157240.00000000
1533852000,1533855599,0.00003365,0.00003382,0.00003365,0.00003372,67177.00000000
1533855600,1533859199,0.00003382,0.00003405,0.00003365,0.00003373,209341.00000000
1533859200,1533862799,0.00003358,0.00003389,0.00003348,0.00003348,64081.00000000
1533862800,1533866399,0.00003354,0.00003354,0.00003328,0.00003347,61140.00000000
1533866400,1533869999,0.00003345,0.00003373,0.00003322,0.00003352,747816.00000000
1533870000,1533873599,0.00003352,0.00003365,0.00003333,0.00003355,154685.00000000
1533873600,1533877199,0.00003322,0.00003331,0.00003305,0.00003305,12284.00000000
1533877200,1533880799,0.00003322,0.00003325,0.00003305,0.00003306,28899.00000000
1533880800,1533884399,0.00003311,0.00003333,0.00003311,0.00003333,1587.00000000
1533884400,1533887999,0.00003333,0.00003362,0.00003322,0.00003347,21185.00000000
1533888000,1533891599,0.00003332,0.00003337,0.00003300,0.00003306,149917.00000000
1533891600,1533895199,0.00003317,0.00003318,0.00003270,0.00003270,168266.00000000
1533895200,1533898799,0.00003271,0.00003289,0.00003271,0.00003289,37384.00000000
1533898800,1533902399,0.00003292,0.00003298,0.00003263,0.00003278,218961.00000000
1533902400,1533905999,0.00003275,0.00003337,0.00003275,0.00003333,33859.00000000
1533906000,1533909599,0.00003347,0.00003427,0.00003341,0.00003381,213289.00000000
1533909600,1533913199,0.00003389,0.00003409,0.00003326,0.00003380,132676.00000000
1533913200,1533916799,0.00003381,0.00003415,0.00003325,0.00003400,500804.00000000
1533916800,1533920399,0.00003383,0.00003408,0.00003209,0.00003223,462153.00000000
1533920400,1533923999,0.00003237,0.00003310,0.00003237,0.00003310,165393.00000000
1533924000,1533927599,0.00003295,0.00003312,0.00003256,0.00003266,273923.00000000
1533927600,1533931199,0.00003274,0.00003275,0.00003247,0.00003268,27629.00000000
1533931200,1533934799,0.00003273,0.00003273,0.00003233,0.00003266,182673.00000000
1533934800,1533938399,0.00003266,0.00003314,0.00003223,0.00003302,193615.00000000
1533938400,1533941999,0.00003314,0.00003347,0.00003314,0.00003330,127280.00000000
1533942000,1533945599,0.00003337,0.00003361,0.00003307,0.00003354,114766.00000000
1533945600,1533949199,0.00003340,0.00003340,0.00003320,0.00003320,87927.00000000
1533949200,1533952799,0.00003326,0.00003352,0.00003319,0.00003330,123180.00000000
1533952800,1533956399,0.00003336,0.00003336,0.00003279,0.00003307,201841.00000000
1533956400,1533959999,0.00003307,0.00003330,0.00003266,0.00003296,59905.00000000
1533960000,1533963599,0.00003276,0.00003276,0.00003244,0.00003273,32804.00000000
1533963600,1533967199,0.00003278,0.00003287,0.00003172,0.00003178,556251.00000000
1533967200,1533970799,0.00003206,0.00003206,0.00003206,0.00003206,1247.00000000
1533970800,1533974399,0.00003182,0.00003182,0.00003081,0.00003168,501605.00000000
1533974400,1533977999,0.00003155,0.00003206,0.00003146,0.00003160,166856.00000000
1533978000,1533981599,0.00003160,0.00003216,0.00003160,0.00003213,125357.00000000
1533981600,1533985199,0.00003213,0.00003287,0.00003182,0.00003220,484757.00000000
1533985200,1533988799,0.00003192,0.00003280,0.00003192,0.00003218,285793.00000000
1533988800,1533992399,0.00003190,0.00003405,0.00003098,0.00003149,1175868.00000000
1533992400,1533995999,0.00003144,0.00003176,0.00003136,0.00003176,344984.00000000
1533996000,1533999599,0.00003163,0.00003217,0.00003129,0.00003141,391400.00000000
1533999600,1534003199,0.00003144,0.00003202,0.00003144,0.00003196,119632.00000000
1534003200,1534006799,0.00003204,0.00003242,0.00003204,0.00003234,104701.00000000
1534006800,1534010399,0.00003212,0.00003340,0.00003211,0.00003307,815983.00000000
1534010400,1534013999,0.00003291,0.00003294,0.00003218,0.00003262,261817.00000000
1534014000,1534017599,0.00003231,0.00003257,0.00003211,0.00003211,215207.00000000
1534017600,1534021199,0.00003228,0.00003263,0.00003187,0.00003199,131568.00000000
1534021200,1534024799,0.00003194,0.00003204,0.00003186,0.00003195,45870.00000000
1534024800,1534028399,0.00003191,0.00003191,0.00003169,0.00003169,28725.00000000
1534028400,1534031999,0.00003167,0.00003180,0.00003079,0.00003117,398808.00000000
1534032000,1534035599,0.00003102,0.00003127,0.00003086,0.00003122,311439.00000000
1534035600,1534039199,0.00003109,0.00003112,0.00003042,0.00003072,384431.00000000
1534039200,1534042799,0.00003072,0.00003079,0.00003054,0.00003072,15165.00000000
1534042800,1534046399,0.00003070,0.00003070,0.00003065,0.00003065,2789.00000000
1534046400,1534049999,0.00003061,0.00003061,0.00003041,0.00003044,17158.00000000
1534050000,1534053599,0.00003044,0.00003111,0.00003044,0.00003101,102659.00000000
1534053600,1534057199,0.00003089,0.00003101,0.00003085,0.00003101,169786.00000000
1534057200,1534060799,0.00003111,0.00003134,0.00003067,0.00003114,155341.00000000
1534060800,1534064399,0.00003098,0.00003098,0.00003097,0.00003097,23500.00000000
1534064400,1534067999,0.00003097,0.00003128,0.00003088,0.00003088,163478.00000000
1534068000,1534071599,0.00003107,0.00003133,0.00003070,0.00003099,89028.00000000
1534071600,1534075199,0.00003104,0.00003116,0.00003104,0.00003116,73021.00000000
1534075200,1534078799,0.00003119,0.00003175,0.00003119,0.00003121,116864.00000000
1534078800,1534082399,0.00003139,0.00003150,0.00003139,0.00003145,49800.00000000
1534082400,1534085999,0.00003150,0.00003164,0.00003122,0.00003164,94748.00000000
1534086000,1534089599,0.00003141,0.00003168,0.00003138,0.00003168,78876.00000000
1534089600,1534093199,0.00003151,0.00003175,0.00003145,0.00003175,94851.00000000
1534093200,1534096799,0.00003176,0.00003211,0.00003167,0.00003211,71071.00000000
1534096800,1534100399,0.00003211,0.00003230,0.00003161,0.00003161,123181.00000000
1534100400,1534103999,0.00003150,0.00003150,0.00003121,0.00003139,173268.00000000
1534104000,1534107599,0.00003133,0.00003150,0.00003121,0.00003121,151768.00000000
1534107600,1534111199,0.00003134,0.00003139,0.00003124,0.00003124,12832.00000000
1534111200,1534114799,0.00003135,0.00003138,0.00003124,0.00003138,62091.00000000
1534114800,1534118399,0.00003133,0.00003138,0.00003052,0.00003052,507854.00000000
1534118400,1534121999,0.00003059,0.00003087,0.00003058,0.00003083,373106.00000000
1534122000,1534125599,0.00003075,0.00003076,0.00003075,0.00003076,3333.00000000
1534125600,1534129199,0.00003077,0.00003086,0.00003051,0.00003070,118191.00000000
1534129200,1534132799,0.00003087,0.00003148,0.00003085,0.00003147,142738.00000000
1534132800,1534136399,0.00003147,0.00003148,0.00003096,0.00003099,406830.00000000
1534136400,1534139999,0.00003099,0.00003204,0.00003086,0.00003204,2699021.00000000
1534140000,1534143599,0.00003217,0.00003380,0.00003171,0.00003203,1458146.00000000
1534143600,1534147199,0.00003200,0.00003272,0.00003200,0.00003272,369287.00000000
1534147200,1534150799,0.00003255,0.00003270,0.00003255,0.00003265,78429.00000000
1534150800,1534154399,0.00003247,0.00003247,0.00003216,0.00003216,171449.00000000
1534154400,1534157999,0.00003219,0.00003243,0.00003208,0.00003219,168356.00000000
1534158000,1534161599,0.00003215,0.00003215,0.00003163,0.00003204,236990.00000000
1534161600,1534165199,0.00003203,0.00003203,0.00003162,0.00003176,129399.00000000
1534165200,1534168799,0.00003164,0.00003201,0.00003150,0.00003170,146208.00000000
1534168800,1534172399,0.00003181,0.00003191,0.00003117,0.00003117,283993.00000000
1534172400,1534175999,0.00003140,0.00003202,0.00003052,0.00003089,1499580.00000000
1534176000,1534179599,0.00003075,0.00003121,0.00003039,0.00003077,764517.00000000
1534179600,1534183199,0.00003066,0.00003081,0.00002988,0.00003074,1078822.00000000
1534183200,1534186799,0.00003074,0.00003089,0.00003025,0.00003074,280200.00000000
1534186800,1534190399,0.00003080,0.00003126,0.00003071,0.00003086,254439.00000000
1534190400,1534193999,0.00003089,0.00003112,0.00003082,0.00003106,203963.00000000
1534194000,1534197599,0.00003112,0.00003143,0.00003043,0.00003066,211702.00000000
1534197600,1534201199,0.00003039,0.00003040,0.00002955,0.00003001,689042.00000000
1534201200,1534204799,0.00002988,0.00003001,0.00002988,0.00003001,12326.00000000
1534204800,1534208399,0.00002985,0.00003006,0.00002864,0.00002921,1198253.00000000
1534208400,1534211999,0.00002920,0.00002951,0.00002822,0.00002914,543206.00000000
1534212000,1534215599,0.00002894,0.00002985,0.00002848,0.00002897,763831.00000000
1534215600,1534219199,0.00002898,0.00003006,0.00002884,0.00003002,494105.00000000
1534219200,1534222799,0.00002988,0.00003049,0.00002886,0.00002886,595087.00000000
1534222800,1534226399,0.00002886,0.00002926,0.00002885,0.00002905,143748.00000000
1534226400,1534229999,0.00002926,0.00002931,0.00002839,0.00002839,896977.00000000
1534230000,1534233599,0.00002851,0.00002884,0.00002766,0.00002831,787307.00000000
1534233600,1534237199,0.00002819,0.00002957,0.00002819,0.00002923,328483.00000000
1534237200,1534240799,0.00002950,0.00002958,0.00002895,0.00002934,402142.00000000
1534240800,1534244399,0.00002951,0.00003010,0.00002951,0.00002986,740305.00000000
1534244400,1534247999,0.00003000,0.00003000,0.00002924,0.00002924,256603.00000000
1534248000,1534251599,0.00002924,0.00002929,0.00002852,0.00002912,484324.00000000
1534251600,1534255199,0.00002901,0.00002976,0.00002899,0.00002970,149652.00000000
1534255200,1534258799,0.00002945,0.00003021,0.00002908,0.00002998,282400.00000000
1534258800,1534262399,0.00002999,0.00002999,0.00002913,0.00002914,314250.00000000
1534262400,1534265999,0.00002958,0.00002958,0.00002864,0.00002898,290728.00000000
1534266000,1534269599,0.00002857,0.00002900,0.00002828,0.00002857,252820.00000000
1534269600,1534273199,0.00002882,0.00002898,0.00002846,0.00002846,207114.00000000
1534273200,1534276799,0.00002847,0.00002935,0.00002847,0.00002860,298501.00000000
1534276800,1534280399,0.00002860,0.00002974,0.00002838,0.00002879,278011.00000000
1534280400,1534283999,0.00002903,0.00002933,0.00002903,0.00002906,136447.00000000
1534284000,1534287599,0.00002915,0.00002915,0.00002889,0.00002889,8353.00000000
1534287600,1534291199,0.00002879,0.00002955,0.00002828,0.00002913,458298.00000000
1534291200,1534294799,0.00002890,0.00003022,0.00002883,0.00002965,427510.00000000
1534294800,1534298399,0.00002965,0.00002965,0.00002926,0.00002959,206328.00000000
1534298400,1534301999,0.00002951,0.00002960,0.00002905,0.00002929,438212.00000000
1534302000,1534305599,0.00002953,0.00003041,0.00002932,0.00003016,297079.00000000
1534305600,1534309199,0.00003014,0.00003090,0.00002994,0.00003050,362955.00000000
1534309200,1534312799,0.00003029,0.00003168,0.00003006,0.00003074,340469.00000000
1534312800,1534316399,0.00003076,0.00003125,0.00002977,0.00002991,438565.00000000
1534316400,1534319999,0.00003009,0.00003498,0.00003009,0.00003261,3573767.00000000
1534320000,1534323599,0.00003248,0.00003248,0.00003104,0.00003168,261359.00000000
1534323600,1534327199,0.00003147,0.00003200,0.00003064,0.00003126,569996.00000000
1534327200,1534330799,0.00003152,0.00003156,0.00003078,0.00003088,181730.00000000
1534330800,1534334399,0.00003074,0.00003088,0.00003030,0.00003088,465741.00000000
1534334400,1534337999,0.00003088,0.00003160,0.00003030,0.00003119,554632.00000000
1534338000,1534341599,0.00003120,0.00003156,0.00003040,0.00003048,294531.00000000
1534341600,1534345199,0.00003052,0.00003052,0.00002972,0.00002997,331004.00000000
1534345200,1534348799,0.00003004,0.00003008,0.00002962,0.00002981,131544.00000000
1534348800,1534352399,0.00003017,0.00003058,0.00003000,0.00003012,313616.00000000
1534352400,1534355999,0.00003017,0.00003034,0.00003006,0.00003020,150792.00000000
1534356000,1534359599,0.00003018,0.00003032,0.00002940,0.00002985,806351.00000000
1534359600,1534363199,0.00002985,0.00003003,0.00002854,0.00002878,736941.00000000
1534363200,1534366799,0.00002877,0.00002970,0.00002864,0.00002970,868537.00000000
1534366800,1534370399,0.00002981,0.00003011,0.00002934,0.00003011,356115.00000000
1534370400,1534373999,0.00002985,0.00003001,0.00002934,0.00002983,41968.00000000
1534374000,1534377599,0.00002966,0.00002976,0.00002890,0.00002890,350015.00000000
1534377600,1534381199,0.00002890,0.00002904,0.00002856,0.00002887,316077.00000000
1534381200,1534384799,0.00002887,0.00002890,0.00002820,0.00002832,496313.00000000
1534384800,1534388399,0.00002829,0.00002829,0.00002758,0.00002807,746372.00000000
1534388400,1534391999,0.00002808,0.00002824,0.00002808,0.00002819,221480.00000000
1534392000,1534395599,0.00002821,0.00002897,0.00002821,0.00002860,588426.00000000
1534395600,1534399199,0.00002887,0.00002890,0.00002870,0.00002871,215012.00000000
1534399200,1534402799,0.00002860,0.00002871,0.00002843,0.00002871,148956.00000000
1534402800,1534406399,0.00002893,0.00002998,0.00002869,0.00002941,856512.00000000
1534406400,1534409999,0.00002972,0.00002986,0.00002944,0.00002944,177094.00000000
1534410000,1534413599,0.00002944,0.00003002,0.00002921,0.00002921,76103.00000000
1534413600,1534417199,0.00002939,0.00003047,0.00002897,0.00002988,642132.00000000
1534417200,1534420799,0.00002958,0.00002958,0.00002908,0.00002924,330876.00000000
1534420800,1534424399,0.00002919,0.00003008,0.00002919,0.00002949,306470.00000000
1534424400,1534427999,0.00002926,0.00002950,0.00002916,0.00002942,118989.00000000
1534428000,1534431599,0.00002916,0.00002941,0.00002916,0.00002930,82320.00000000
1534431600,1534435199,0.00002935,0.00002973,0.00002928,0.00002973,39026.00000000
1534435200,1534438799,0.00002973,0.00003026,0.00002941,0.00003013,204936.00000000
1534438800,1534442399,0.00003014,0.00003050,0.00002950,0.00003024,489988.00000000
1534442400,1534445999,0.00003041,0.00003045,0.00002974,0.00002974,139221.00000000
1534446000,1534449599,0.00002999,0.00002999,0.00002969,0.00002992,95119.00000000
1534449600,1534453199,0.00002980,0.00003011,0.00002980,0.00002997,288165.00000000
1534453200,1534456799,0.00002963,0.00002977,0.00002963,0.00002971,102481.00000000
1534456800,1534460399,0.00002960,0.00002966,0.00002938,0.00002957,143478.00000000
1534460400,1534463999,0.00002948,0.00002975,0.00002939,0.00002962,92331.00000000
1534464000,1534467599,0.00002948,0.00002966,0.00002938,0.00002943,39392.00000000
1534467600,1534471199,0.00002932,0.00003089,0.00002932,0.00003063,410490.00000000
1534471200,1534474799,0.00003047,0.00003064,0.00003018,0.00003036,163641.00000000
1534474800,1534478399,0.00003066,0.00003082,0.00003036,0.00003037,247257.00000000
1534478400,1534481999,0.00003030,0.00003104,0.00003025,0.00003092,338812.00000000
1534482000,1534485599,0.00003104,0.00003120,0.00003005,0.00003053,469376.00000000
1534485600,1534489199,0.00003083,0.00003112,0.00003053,0.00003109,145693.00000000
1534489200,1534492799,0.00003109,0.00003183,0.00003109,0.00003147,493700.00000000
1534492800,1534496399,0.00003147,0.00003176,0.00003072,0.00003157,378103.00000000
1534496400,1534499999,0.00003143,0.00003233,0.00003089,0.00003179,856083.00000000
1534500000,1534503599,0.00003190,0.00003210,0.00003128,0.00003159,436794.00000000
1534503600,1534507199,0.00003176,0.00003201,0.00003117,0.00003168,138009.00000000
1534507200,1534510799,0.00003170,0.00003190,0.00003145,0.00003170,352247.00000000
1534510800,1534514399,0.00003151,0.00003201,0.00003140,0.00003156,138183.00000000
1534514400,1534517999,0.00003170,0.00003203,0.00003138,0.00003201,269325.00000000
1534518000,1534521599,0.00003204,0.00003280,0.00003204,0.00003273,308968.00000000
1534521600,1534525199,0.00003276,0.00003473,0.00003246,0.00003393,1795770.00000000
1534525200,1534528799,0.00003388,0.00003413,0.00003313,0.00003403,352660.00000000
1534528800,1534532399,0.00003399,0.00003431,0.00003304,0.00003364,252619.00000000
1534532400,1534535999,0.00003364,0.00003426,0.00003341,0.00003376,525354.00000000
1534536000,1534539599,0.00003376,0.00003376,0.00003325,0.00003333,112578.00000000
1534539600,1534543199,0.00003333,0.00003370,0.00003287,0.00003307,193244.00000000
1534543200,1534546799,0.00003306,0.00003316,0.00003242,0.00003298,359285.00000000
1534546800,1534550399,0.00003299,0.00003351,0.00003280,0.00003308,207281.00000000
1534550400,1534553999,0.00003281,0.00003313,0.00003223,0.00003289,523712.00000000
1534554000,1534557599,0.00003267,0.00003331,0.00003211,0.00003211,748280.00000000
1534557600,1534561199,0.00003220,0.00003350,0.00003220,0.00003290,780942.00000000
1534561200,1534564799,0.00003290,0.00003329,0.00003255,0.00003255,187603.00000000
1534564800,1534568399,0.00003284,0.00003284,0.00003262,0.00003262,4117.00000000
1534568400,1534571999,0.00003262,0.00003324,0.00003239,0.00003276,213562.00000000
1534572000,1534575599,0.00003268,0.00003290,0.00003066,0.00003085,2612118.00000000
1534575600,1534579199,0.00003069,0.00003122,0.00003007,0.00003099,1994469.00000000
1534579200,1534582799,0.00003120,0.00003175,0.00003092,0.00003157,376287.00000000
1534582800,1534586399,0.00003169,0.00003174,0.00003103,0.00003127,363959.00000000
1534586400,1534589999,0.00003130,0.00003143,0.00003103,0.00003129,171027.00000000
1534590000,1534593599,0.00003129,0.00003148,0.00003111,0.00003111,236222.00000000
1534593600,1534597199,0.00003114,0.00003173,0.00003104,0.00003166,159993.00000000
1534597200,1534600799,0.00003150,0.00003154,0.00003021,0.00003055,2016945.00000000
1534600800,1534604399,0.00003054,0.00003144,0.00003035,0.00003050,284084.00000000
1534604400,1534607999,0.00003046,0.00003116,0.00003014,0.00003048,216645.00000000
1534608000,1534611599,0.00003071,0.00003088,0.00002975,0.00003005,269012.00000000
1534611600,1534615199,0.00003011,0.00003043,0.00002960,0.00003030,229823.00000000
1534615200,1534618799,0.00003043,0.00003159,0.00003025,0.00003084,648674.00000000
1534618800,1534622399,0.00003113,0.00003150,0.00003112,0.00003127,226104.00000000
1534622400,1534625999,0.00003123,0.00003124,0.00003063,0.00003063,211768.00000000
1534626000,1534629599,0.00003063,0.00003078,0.00003041,0.00003048,85791.00000000
1534629600,1534633199,0.00003040,0.00003121,0.00003040,0.00003078,194959.00000000
1534633200,1534636799,0.00003073,0.00003089,0.00003061,0.00003072,58971.00000000
1534636800,1534640399,0.00003072,0.00003072,0.00003063,0.00003071,11527.00000000
1534640400,1534643999,0.00003058,0.00003073,0.00003047,0.00003065,46872.00000000
1534644000,1534647599,0.00003072,0.00003072,0.00003016,0.00003054,150885.00000000
1534647600,1534651199,0.00003054,0.00003054,0.00003038,0.00003038,5876.00000000
1534651200,1534654799,0.00003036,0.00003065,0.00003036,0.00003049,92028.00000000
1534654800,1534658399,0.00003067,0.00003144,0.00003067,0.00003096,444040.00000000
1534658400,1534661999,0.00003096,0.00003104,0.00003052,0.00003052,146576.00000000
1534662000,1534665599,0.00003076,0.00003079,0.00003041,0.00003079,129429.00000000
1534665600,1534669199,0.00003082,0.00003082,0.00003044,0.00003064,30869.00000000
1534669200,1534672799,0.00003073,0.00003122,0.00003073,0.00003122,59494.00000000
1534672800,1534676399,0.00003102,0.00003133,0.00003102,0.00003133,16447.00000000
1534676400,1534679999,0.00003116,0.00003167,0.00003087,0.00003122,168949.00000000
1534680000,1534683599,0.00003117,0.00003212,0.00003117,0.00003211,239176.00000000
1534683600,1534687199,0.00003218,0.00003266,0.00003154,0.00003210,661906.00000000
1534687200,1534690799,0.00003210,0.00003309,0.00003200,0.00003257,530470.00000000
1534690800,1534694399,0.00003244,0.00003248,0.00003188,0.00003188,54492.00000000
1534694400,1534697999,0.00003192,0.00003212,0.00003174,0.00003203,231357.00000000
1534698000,1534701599,0.00003186,0.00003272,0.00003170,0.00003176,150109.00000000
1534701600,1534705199,0.00003177,0.00003198,0.00003133,0.00003171,422355.00000000
1534705200,1534708799,0.00003172,0.00003172,0.00003122,0.00003162,443675.00000000
1534708800,1534712399,0.00003152,0.00003223,0.00003110,0.00003223,323521.00000000
1534712400,1534715999,0.00003230,0.00003230,0.00003139,0.00003196,292196.00000000
1534716000,1534719599,0.00003194,0.00003256,0.00003184,0.00003256,267655.00000000
1534719600,1534723199,0.00003235,0.00003235,0.00003137,0.00003161,216137.00000000
1534723200,1534726799,0.00003192,0.00003200,0.00003172,0.00003188,66724.00000000
1534726800,1534730399,0.00003198,0.00003211,0.00003198,0.00003207,145785.00000000
1534730400,1534733999,0.00003205,0.00003212,0.00003175,0.00003189,87015.00000000
1534734000,1534737599,0.00003209,0.00003215,0.00003209,0.00003215,40033.00000000
1534737600,1534741199,0.00003193,0.00003204,0.00003187,0.00003187,64184.00000000
1534741200,1534744799,0.00003191,0.00003192,0.00003173,0.00003190,139700.00000000
1534744800,1534748399,0.00003191,0.00003223,0.00003189,0.00003204,65247.00000000
1534748400,1534751999,0.00003207,0.00003208,0.00003207,0.00003208,16015.00000000
1534752000,1534755599,0.00003211,0.00003263,0.00003208,0.00003230,262611.00000000
1534755600,1534759199,0.00003229,0.00003229,0.00003136,0.00003159,537961.00000000
1534759200,1534762799,0.00003159,0.00003175,0.00003159,0.00003175,18574.00000000
1534762800,1534766399,0.00003175,0.00003233,0.00003162,0.00003209,279643.00000000
1534766400,1534769999,0.00003207,0.00003207,0.00003185,0.00003205,34795.00000000
1534770000,1534773599,0.00003205,0.00003245,0.00003189,0.00003218,192336.00000000
1534773600,1534777199,0.00003218,0.00003219,0.00003181,0.00003218,141129.00000000
1534777200,1534780799,0.00003218,0.00003283,0.00003218,0.00003245,400510.00000000
1534780800,1534784399,0.00003253,0.00003278,0.00003244,0.00003244,315469.00000000
1534784400,1534787999,0.00003256,0.00003481,0.00003253,0.00003413,1965209.00000000
1534788000,1534791599,0.00003394,0.00003500,0.00003386,0.00003468,2052362.00000000
1534791600,1534795199,0.00003480,0.00003495,0.00003410,0.00003443,922040.00000000
1534795200,1534798799,0.00003448,0.00003462,0.00003403,0.00003427,490277.00000000
1534798800,1534802399,0.00003428,0.00003435,0.00003383,0.00003428,243428.00000000
1534802400,1534805999,0.00003428,0.00003485,0.00003330,0.00003339,799866.00000000
1534806000,1534809599,0.00003339,0.00003499,0.00003324,0.00003434,696334.00000000
1534809600,1534813199,0.00003434,0.00003490,0.00003379,0.00003400,543332.00000000
1534813200,1534816799,0.00003415,0.00003455,0.00003371,0.00003396,56758.00000000
1534816800,1534820399,0.00003410,0.00003436,0.00003387,0.00003387,94379.00000000
1534820400,1534823999,0.00003415,0.00003418,0.00003386,0.00003415,16622.00000000
1534824000,1534827599,0.00003401,0.00003405,0.00003378,0.00003378,77822.00000000
1534827600,1534831199,0.00003367,0.00003388,0.00003365,0.00003388,196532.00000000
1534831200,1534834799,0.00003388,0.00003499,0.00003388,0.00003479,657120.00000000
1534834800,1534838399,0.00003495,0.00003657,0.00003467,0.00003550,2026887.00000000
1534838400,1534841999,0.00003567,0.00003800,0.00003499,0.00003711,1048957.00000000
1534842000,1534845599,0.00003702,0.00003771,0.00003622,0.00003747,1508441.00000000
1534845600,1534849199,0.00003773,0.00003908,0.00003700,0.00003711,3225239.00000000
1534849200,1534852799,0.00003713,0.00003761,0.00003665,0.00003685,404586.00000000
1534852800,1534856399,0.00003707,0.00003836,0.00003615,0.00003784,1394513.00000000
1534856400,1534859999,0.00003775,0.00003775,0.00003664,0.00003711,866194.00000000
1534860000,1534863599,0.00003694,0.00003740,0.00003609,0.00003688,914494.00000000
1534863600,1534867199,0.00003684,0.00003685,0.00003576,0.00003638,633813.00000000
1534867200,1534870799,0.00003613,0.00003648,0.00003562,0.00003633,447248.00000000
1534870800,1534874399,0.00003624,0.00003794,0.00003624,0.00003674,1123492.00000000
1534874400,1534877999,0.00003651,0.00003651,0.00003580,0.00003612,362283.00000000
1534878000,1534881599,0.00003619,0.00003648,0.00003600,0.00003601,222555.00000000
1534881600,1534885199,0.00003606,0.00003631,0.00003560,0.00003584,171572.00000000
1534885200,1534888799,0.00003578,0.00003606,0.00003543,0.00003587,287492.00000000
1534888800,1534892399,0.00003566,0.00003595,0.00003543,0.00003584,57958.00000000
1534892400,1534895999,0.00003560,0.00003630,0.00003544,0.00003603,75578.00000000
1534896000,1534899599,0.00003617,0.00003638,0.00003617,0.00003633,159625.00000000
1534899600,1534903199,0.00003630,0.00003752,0.00003595,0.00003617,653964.00000000
1534903200,1534906799,0.00003610,0.00003623,0.00003581,0.00003595,245660.00000000
1534906800,1534910399,0.00003596,0.00003596,0.00003508,0.00003560,588394.00000000
1534910400,1534913999,0.00003558,0.00003563,0.00003525,0.00003563,180042.00000000
1534914000,1534917599,0.00003559,0.00003582,0.00003522,0.00003547,188898.00000000
1534917600,1534921199,0.00003543,0.00003573,0.00003520,0.00003570,164282.00000000
1534921200,1534924799,0.00003576,0.00003583,0.00003530,0.00003572,304203.00000000
1534924800,1534928399,0.00003562,0.00003586,0.00003562,0.00003585,305485.00000000
1534928400,1534931999,0.00003564,0.00003608,0.00003562,0.00003584,69241.00000000
1534932000,1534935599,0.00003575,0.00003596,0.00003570,0.00003570,141725.00000000
1534935600,1534939199,0.00003573,0.00003671,0.00003573,0.00003626,628435.00000000
1534939200,1534942799,0.00003611,0.00003671,0.00003576,0.00003627,426074.00000000
1534942800,1534946399,0.00003628,0.00003648,0.00003597,0.00003597,69527.00000000
1534946400,1534949999,0.00003598,0.00003598,0.00003553,0.00003562,416883.00000000
1534950000,1534953599,0.00003583,0.00003596,0.00003553,0.00003596,487692.00000000
1534953600,1534957199,0.00003568,0.00003568,0.00003390,0.00003473,1500270.00000000
1534957200,1534960799,0.00003472,0.00003494,0.00003454,0.00003459,138611.00000000
1534960800,1534964399,0.00003464,0.00003490,0.00003405,0.00003470,223269.00000000
1534964400,1534967999,0.00003470,0.00003481,0.00003457,0.00003478,263166.00000000
1534968000,1534971599,0.00003478,0.00003495,0.00003402,0.00003402,206239.00000000
1534971600,1534975199,0.00003428,0.00003530,0.00003390,0.00003399,537914.00000000
1534975200,1534978799,0.00003423,0.00003452,0.00003381,0.00003406,249003.00000000
1534978800,1534982399,0.00003381,0.00003431,0.00003380,0.00003393,30734.00000000
1534982400,1534985999,0.00003419,0.00003485,0.00003419,0.00003443,166455.00000000
1534986000,1534989599,0.00003472,0.00003488,0.00003430,0.00003461,360058.00000000
1534989600,1534993199,0.00003462,0.00003471,0.00003450,0.00003450,207953.00000000
1534993200,1534996799,0.00003461,0.00003490,0.00003458,0.00003479,77770.00000000
1534996800,1535000399,0.00003471,0.00003471,0.00003413,0.00003426,130664.00000000
1535000400,1535003999,0.00003437,0.00003447,0.00003397,0.00003399,54674.00000000
1535004000,1535007599,0.00003404,0.00003413,0.00003399,0.00003399,13892.00000000
1535007600,1535011199,0.00003415,0.00003468,0.00003379,0.00003450,183007.00000000
1535011200,1535014799,0.00003455,0.00003455,0.00003444,0.00003446,29148.00000000
1535014800,1535018399,0.00003450,0.00003469,0.00003376,0.00003410,153409.00000000
1535018400,1535021999,0.00003402,0.00003420,0.00003402,0.00003420,3588.00000000
1535022000,1535025599,0.00003430,0.00003436,0.00003396,0.00003414,26966.00000000
1535025600,1535029199,0.00003414,0.00003416,0.00003383,0.00003384,24544.00000000
1535029200,1535032799,0.00003412,0.00003415,0.00003401,0.00003414,83066.00000000
1535032800,1535036399,0.00003400,0.00003408,0.00003360,0.00003375,111410.00000000
1535036400,1535039999,0.00003383,0.00003416,0.00003379,0.00003416,229143.00000000
1535040000,1535043599,0.00003416,0.00003445,0.00003380,0.00003413,152735.00000000
1535043600,1535047199,0.00003413,0.00003483,0.00003400,0.00003483,235401.00000000
1535047200,1535050799,0.00003473,0.00003483,0.00003430,0.00003460,196069.00000000
1535050800,1535054399,0.00003462,0.00003464,0.00003353,0.00003396,308833.00000000
1535054400,1535057999,0.00003419,0.00003456,0.00003394,0.00003425,163539.00000000
1535058000,1535061599,0.00003417,0.00003448,0.00003405,0.00003437,258853.00000000
1535061600,1535065199,0.00003451,0.00003488,0.00003438,0.00003459,138937.00000000
1535065200,1535068799,0.00003459,0.00003490,0.00003459,0.00003469,39388.00000000
1535068800,1535072399,0.00003490,0.00003492,0.00003475,0.00003475,15210.00000000
1535072400,1535075999,0.00003475,0.00003514,0.00003475,0.00003514,142327.00000000
1535076000,1535079599,0.00003514,0.00003514,0.00003446,0.00003484,216938.00000000
1535079600,1535083199,0.00003485,0.00003500,0.00003452,0.00003461,72667.00000000
1535083200,1535086799,0.00003485,0.00003529,0.00003485,0.00003506,120850.00000000
1535086800,1535090399,0.00003525,0.00003537,0.00003452,0.00003482,204765.00000000
1535090400,1535093999,0.00003482,0.00003499,0.00003479,0.00003481,95556.00000000
1535094000,1535097599,0.00003487,0.00003509,0.00003466,0.00003466,287158.00000000
1535097600,1535101199,0.00003482,0.00003497,0.00003482,0.00003493,131047.00000000
1535101200,1535104799,0.00003496,0.00003519,0.00003496,0.00003516,414661.00000000
1535104800,1535108399,0.00003509,0.00003564,0.00003509,0.00003564,362395.00000000
1535108400,1535111999,0.00003564,0.00003564,0.00003516,0.00003554,406076.00000000
1535112000,1535115599,0.00003525,0.00003571,0.00003502,0.00003502,73255.00000000
1535115600,1535119199,0.00003501,0.00003520,0.00003490,0.00003490,429881.00000000
1535119200,1535122799,0.00003499,0.00003521,0.00003480,0.00003485,451217.00000000
1535122800,1535126399,0.00003485,0.00003500,0.00003480,0.00003481,144297.00000000
1535126400,1535129999,0.00003482,0.00003526,0.00003480,0.00003503,161956.00000000
1535130000,1535133599,0.00003503,0.00003515,0.00003500,0.00003509,254594.00000000
1535133600,1535137199,0.00003510,0.00003536,0.00003466,0.00003483,554640.00000000
1535137200,1535140799,0.00003485,0.00003533,0.00003485,0.00003526,16119.00000000
1535140800,1535144399,0.00003538,0.00003557,0.00003520,0.00003541,130315.00000000
1535144400,1535147999,0.00003549,0.00003634,0.00003546,0.00003553,442641.00000000
1535148000,1535151599,0.00003577,0.00003577,0.00003488,0.00003531,352052.00000000
1535151600,1535155199,0.00003543,0.00003565,0.00003535,0.00003543,143869.00000000
1535155200,1535158799,0.00003546,0.00003561,0.00003518,0.00003518,57652.00000000
1535158800,1535162399,0.00003530,0.00003553,0.00003486,0.00003492,238274.00000000
1535162400,1535165999,0.00003517,0.00003537,0.00003517,0.00003527,171939.00000000
1535166000,1535169599,0.00003520,0.00003536,0.00003498,0.00003515,198167.00000000
1535169600,1535173199,0.00003515,0.00003515,0.00003515,0.00003515,0.00000000
1535173200,1535176799,0.00003526,0.00003530,0.00003510,0.00003529,31699.00000000
1535176800,1535180399,0.00003529,0.00003529,0.00003487,0.00003520,33223.00000000
1535180400,1535183999,0.00003513,0.00003513,0.00003400,0.00003447,1232570.00000000
1535184000,1535187599,0.00003451,0.00003492,0.00003450,0.00003471,141199.00000000
1535187600,1535191199,0.00003481,0.00003530,0.00003481,0.00003530,144717.00000000
1535191200,1535194799,0.00003530,0.00003530,0.00003487,0.00003487,77321.00000000
1535194800,1535198399,0.00003487,0.00003515,0.00003463,0.00003504,101293.00000000
1535198400,1535201999,0.00003503,0.00003504,0.00003463,0.00003469,266063.00000000
1535202000,1535205599,0.00003463,0.00003475,0.00003463,0.00003475,118123.00000000
1535205600,1535209199,0.00003475,0.00003490,0.00003471,0.00003485,293065.00000000
1535209200,1535212799,0.00003471,0.00003599,0.00003471,0.00003538,246061.00000000
1535212800,1535216399,0.00003527,0.00003540,0.00003523,0.00003523,61811.00000000
1535216400,1535219999,0.00003523,0.00003523,0.00003506,0.00003510,67777.00000000
1535220000,1535223599,0.00003506,0.00003506,0.00003495,0.00003505,139937.00000000
1535223600,1535227199,0.00003505,0.00003510,0.00003491,0.00003502,58674.00000000
1535227200,1535230799,0.00003510,0.00003510,0.00003487,0.00003508,8570.00000000
1535230800,1535234399,0.00003501,0.00003510,0.00003500,0.00003509,44439.00000000
1535234400,1535237999,0.00003509,0.00003604,0.00003509,0.00003538,182425.00000000
1535238000,1535241599,0.00003535,0.00003543,0.00003527,0.00003539,87591.00000000
1535241600,1535245199,0.00003531,0.00003562,0.00003531,0.00003550,93560.00000000
1535245200,1535248799,0.00003550,0.00003551,0.00003534,0.00003547,87146.00000000
1535248800,1535252399,0.00003553,0.00003558,0.00003468,0.00003510,614044.00000000
1535252400,1535255999,0.00003496,0.00003511,0.00003460,0.00003460,252466.00000000
1535256000,1535259599,0.00003477,0.00003477,0.00003455,0.00003455,164533.00000000
1535259600,1535263199,0.00003461,0.00003469,0.00003453,0.00003453,59086.00000000
1535263200,1535266799,0.00003452,0.00003458,0.00003437,0.00003457,218324.00000000
1535266800,1535270399,0.00003457,0.00003457,0.00003455,0.00003455,7702.00000000
1535270400,1535273999,0.00003454,0.00003456,0.00003445,0.00003456,113990.00000000
1535274000,1535277599,0.00003441,0.00003445,0.00003441,0.00003445,2881.00000000
1535277600,1535281199,0.00003445,0.00003459,0.00003431,0.00003459,211676.00000000
1535281200,1535284799,0.00003467,0.00003578,0.00003462,0.00003535,335459.00000000
1535284800,1535288399,0.00003552,0.00003591,0.00003532,0.00003556,141549.00000000
1535288400,1535291999,0.00003564,0.00003643,0.00003545,0.00003602,622849.00000000
1535292000,1535295599,0.00003603,0.00003629,0.00003579,0.00003579,1066979.00000000
1535295600,1535299199,0.00003579,0.00003611,0.00003551,0.00003551,77336.00000000
1535299200,1535302799,0.00003551,0.00003586,0.00003537,0.00003539,464340.00000000
1535302800,1535306399,0.00003547,0.00003565,0.00003534,0.00003534,60306.00000000
1535306400,1535309999,0.00003535,0.00003563,0.00003518,0.00003541,139766.00000000
1535310000,1535313599,0.00003547,0.00003563,0.00003528,0.00003528,397931.00000000
1535313600,1535317199,0.00003552,0.00003558,0.00003525,0.00003525,71184.00000000
1535317200,1535320799,0.00003526,0.00003563,0.00003516,0.00003528,294107.00000000
1535320800,1535324399,0.00003558,0.00003576,0.00003520,0.00003550,223355.00000000
1535324400,1535327999,0.00003550,0.00003598,0.00003528,0.00003598,148945.00000000
1535328000,1535331599,0.00003591,0.00003607,0.00003579,0.00003597,141921.00000000
1535331600,1535335199,0.00003594,0.00003594,0.00003575,0.00003589,19660.00000000
1535335200,1535338799,0.00003592,0.00003610,0.00003591,0.00003610,108958.00000000
1535338800,1535342399,0.00003610,0.00003700,0.00003610,0.00003645,334630.00000000
1535342400,1535345999,0.00003655,0.00003655,0.00003574,0.00003611,172621.00000000
1535346000,1535349599,0.00003607,0.00003654,0.00003607,0.00003619,286014.00000000
1535349600,1535353199,0.00003647,0.00003647,0.00003595,0.00003638,100887.00000000
1535353200,1535356799,0.00003640,0.00003699,0.00003598,0.00003669,1120251.00000000
1535356800,1535360399,0.00003670,0.00003700,0.00003649,0.00003692,296667.00000000
1535360400,1535363999,0.00003692,0.00003692,0.00003639,0.00003654,171696.00000000
1535364000,1535367599,0.00003654,0.00003672,0.00003623,0.00003661,180924.00000000
1535367600,1535371199,0.00003660,0.00003700,0.00003651,0.00003685,231868.00000000
1535371200,1535374799,0.00003683,0.00003683,0.00003628,0.00003636,208362.00000000
1535374800,1535378399,0.00003635,0.00003666,0.00003584,0.00003650,718839.00000000
1535378400,1535381999,0.00003660,0.00003700,0.00003641,0.00003699,736914.00000000
1535382000,1535385599,0.00003700,0.00003707,0.00003681,0.00003681,48292.00000000
1535385600,1535389199,0.00003685,0.00003694,0.00003676,0.00003694,76992.00000000
1535389200,1535392799,0.00003694,0.00003819,0.00003647,0.00003734,2499188.00000000
1535392800,1535396399,0.00003707,0.00003753,0.00003674,0.00003727,461092.00000000
1535396400,1535399999,0.00003723,0.00003799,0.00003713,0.00003751,335721.00000000
1535400000,1535403599,0.00003784,0.00003804,0.00003742,0.00003765,69627.00000000
1535403600,1535407199,0.00003750,0.00003750,0.00003705,0.00003705,166384.00000000
1535407200,1535410799,0.00003740,0.00003740,0.00003711,0.00003717,123172.00000000
1535410800,1535414399,0.00003704,0.00003800,0.00003694,0.00003760,251167.00000000
1535414400,1535417999,0.00003778,0.00003782,0.00003725,0.00003782,97640.00000000
1535418000,1535421599,0.00003751,0.00003799,0.00003751,0.00003775,984801.00000000
1535421600,1535425199,0.00003775,0.00003826,0.00003775,0.00003787,377828.00000000
1535425200,1535428799,0.00003784,0.00003811,0.00003778,0.00003806,99150.00000000
1535428800,1535432399,0.00003785,0.00003785,0.00003743,0.00003780,454214.00000000
1535432400,1535435999,0.00003768,0.00003777,0.00003738,0.00003738,123089.00000000
1535436000,1535439599,0.00003742,0.00003771,0.00003732,0.00003750,79221.00000000
1535439600,1535443199,0.00003750,0.00003785,0.00003750,0.00003778,125330.00000000
1535443200,1535446799,0.00003768,0.00003897,0.00003768,0.00003844,581429.00000000
1535446800,1535450399,0.00003852,0.00004024,0.00003833,0.00003932,1666259.00000000
1535450400,1535453999,0.00003932,0.00003982,0.00003863,0.00003921,323635.00000000
1535454000,1535457599,0.00003899,0.00004012,0.00003848,0.00003979,568857.00000000
1535457600,1535461199,0.00003999,0.00004050,0.00003948,0.00003962,399791.00000000
1535461200,1535464799,0.00003964,0.00004120,0.00003927,0.00003966,1479201.00000000
1535464800,1535468399,0.00003993,0.00004000,0.00003949,0.00003993,773023.00000000
1535468400,1535471999,0.00003993,0.00004021,0.00003963,0.00003988,417878.00000000
1535472000,1535475599,0.00003961,0.00004009,0.00003915,0.00003966,245300.00000000
1535475600,1535479199,0.00003965,0.00003971,0.00003901,0.00003905,283669.00000000
1535479200,1535482799,0.00003914,0.00003945,0.00003893,0.00003893,170913.00000000
1535482800,1535486399,0.00003900,0.00003984,0.00003900,0.00003965,248598.00000000
1535486400,1535489999,0.00003965,0.00003980,0.00003879,0.00003923,101881.00000000
1535490000,1535493599,0.00003929,0.00003929,0.00003821,0.00003870,800180.00000000
1535493600,1535497199,0.00003870,0.00003911,0.00003847,0.00003885,205639.00000000
1535497200,1535500799,0.00003893,0.00003919,0.00003885,0.00003901,98733.00000000
1535500800,1535504399,0.00003914,0.00003920,0.00003829,0.00003829,269658.00000000
1535504400,1535507999,0.00003853,0.00003853,0.00003848,0.00003848,11662.00000000
1535508000,1535511599,0.00003848,0.00003848,0.00003680,0.00003693,1378583.00000000
1535511600,1535515199,0.00003709,0.00003761,0.00003564,0.00003631,1178764.00000000
1535515200,1535518799,0.00003637,0.00003801,0.00003637,0.00003723,339953.00000000
1535518800,1535522399,0.00003722,0.00003748,0.00003690,0.00003690,68685.00000000
1535522400,1535525999,0.00003716,0.00003754,0.00003681,0.00003681,197584.00000000
1535526000,1535529599,0.00003690,0.00003693,0.00003687,0.00003687,29430.00000000
1535529600,1535533199,0.00003687,0.00003687,0.00003622,0.00003653,354997.00000000
1535533200,1535536799,0.00003647,0.00003709,0.00003616,0.00003682,444549.00000000
1535536800,1535540399,0.00003705,0.00003740,0.00003700,0.00003714,284975.00000000
1535540400,1535543999,0.00003710,0.00003761,0.00003705,0.00003705,571304.00000000
1535544000,1535547599,0.00003732,0.00003763,0.00003705,0.00003730,157956.00000000
1535547600,1535551199,0.00003735,0.00003786,0.00003727,0.00003733,437439.00000000
1535551200,1535554799,0.00003734,0.00003787,0.00003734,0.00003749,519305.00000000
1535554800,1535558399,0.00003760,0.00003760,0.00003623,0.00003624,529535.00000000
1535558400,1535561999,0.00003649,0.00003663,0.00003599,0.00003645,275886.00000000
1535562000,1535565599,0.00003645,0.00003700,0.00003643,0.00003700,204623.00000000
1535565600,1535569199,0.00003700,0.00003700,0.00003642,0.00003642,183903.00000000
1535569200,1535572799,0.00003642,0.00003676,0.00003642,0.00003674,10624.00000000
1535572800,1535576399,0.00003674,0.00003704,0.00003652,0.00003696,122711.00000000
1535576400,1535579999,0.00003686,0.00003719,0.00003680,0.00003680,232208.00000000
1535580000,1535583599,0.00003707,0.00003719,0.00003682,0.00003684,28789.00000000
1535583600,1535587199,0.00003688,0.00003727,0.00003684,0.00003702,102575.00000000
1535587200,1535590799,0.00003690,0.00003702,0.00003660,0.00003693,127531.00000000
1535590800,1535594399,0.00003693,0.00003693,0.00003683,0.00003687,14835.00000000
1535594400,1535597999,0.00003660,0.00003692,0.00003614,0.00003614,515293.00000000
1535598000,1535601599,0.00003626,0.00003658,0.00003599,0.00003658,156331.00000000
1535601600,1535605199,0.00003650,0.00003686,0.00003614,0.00003686,410416.00000000
1535605200,1535608799,0.00003689,0.00003702,0.00003633,0.00003653,135280.00000000
1535608800,1535612399,0.00003633,0.00003699,0.00003599,0.00003608,215045.00000000
1535612400,1535615999,0.00003619,0.00003619,0.00003596,0.00003616,67486.00000000
1535616000,1535619599,0.00003600,0.00003635,0.00003599,0.00003616,86344.00000000
1535619600,1535623199,0.00003617,0.00003620,0.00003575,0.00003575,114165.00000000
1535623200,1535626799,0.00003580,0.00003608,0.00003571,0.00003582,231087.00000000
1535626800,1535630399,0.00003601,0.00003613,0.00003549,0.00003567,256622.00000000
1535630400,1535633999,0.00003567,0.00003613,0.00003543,0.00003543,107541.00000000
1535634000,1535637599,0.00003547,0.00003548,0.00003522,0.00003530,137563.00000000
1535637600,1535641199,0.00003530,0.00003592,0.00003526,0.00003590,71929.00000000
1535641200,1535644799,0.00003590,0.00003601,0.00003553,0.00003553,151653.00000000
1535644800,1535648399,0.00003560,0.00003560,0.00003515,0.00003529,188161.00000000
1535648400,1535651999,0.00003559,0.00003568,0.00003501,0.00003531,208977.00000000
1535652000,1535655599,0.00003559,0.00003590,0.00003539,0.00003548,74238.00000000
1535655600,1535659199,0.00003548,0.00003567,0.00003500,0.00003538,140615.00000000
1535659200,1535662799,0.00003528,0.00003576,0.00003467,0.00003576,682515.00000000
1535662800,1535666399,0.00003570,0.00003614,0.00003570,0.00003591,120343.00000000
1535666400,1535669999,0.00003594,0.00003630,0.00003576,0.00003600,181472.00000000
1535670000,1535673599,0.00003588,0.00003673,0.00003588,0.00003646,153203.00000000
1535673600,1535677199,0.00003656,0.00003660,0.00003609,0.00003633,270015.00000000
1535677200,1535680799,0.00003607,0.00003660,0.00003601,0.00003659,533420.00000000
1535680800,1535684399,0.00003659,0.00003699,0.00003659,0.00003680,158916.00000000
1535684400,1535687999,0.00003680,0.00003724,0.00003676,0.00003699,151510.00000000
1535688000,1535691599,0.00003677,0.00003740,0.00003676,0.00003719,402466.00000000
1535691600,1535695199,0.00003723,0.00003777,0.00003702,0.00003773,293656.00000000
1535695200,1535698799,0.00003778,0.00003850,0.00003728,0.00003820,607498.00000000
1535698800,1535702399,0.00003820,0.00003835,0.00003782,0.00003792,129292.00000000
1535702400,1535705999,0.00003795,0.00003809,0.00003769,0.00003769,123786.00000000
1535706000,1535709599,0.00003767,0.00003769,0.00003697,0.00003710,271107.00000000
1535709600,1535713199,0.00003711,0.00003711,0.00003675,0.00003676,26334.00000000
1535713200,1535716799,0.00003676,0.00003721,0.00003676,0.00003695,109943.00000000
1535716800,1535720399,0.00003695,0.00003708,0.00003632,0.00003632,388898.00000000
1535720400,1535723999,0.00003639,0.00003661,0.00003626,0.00003626,71126.00000000
1535724000,1535727599,0.00003647,0.00003688,0.00003647,0.00003663,98629.00000000
1535727600,1535731199,0.00003663,0.00003715,0.00003663,0.00003693,158137.00000000
1535731200,1535734799,0.00003692,0.00003697,0.00003673,0.00003673,31502.00000000
1535734800,1535738399,0.00003701,0.00003730,0.00003690,0.00003710,179577.00000000
1535738400,1535741999,0.00003730,0.00003744,0.00003715,0.00003730,127183.00000000
1535742000,1535745599,0.00003730,0.00003732,0.00003693,0.00003710,69772.00000000
1535745600,1535749199,0.00003719,0.00003729,0.00003668,0.00003700,146032.00000000
1535749200,1535752799,0.00003701,0.00003701,0.00003675,0.00003675,110053.00000000
1535752800,1535756399,0.00003682,0.00003700,0.00003678,0.00003678,30588.00000000
1535756400,1535759999,0.00003678,0.00003701,0.00003667,0.00003701,29561.00000000
1535760000,1535763599,0.00003701,0.00003814,0.00003701,0.00003736,381904.00000000
1535763600,1535767199,0.00003736,0.00003778,0.00003736,0.00003745,69014.00000000
1535767200,1535770799,0.00003744,0.00003746,0.00003721,0.00003721,82962.00000000
1535770800,1535774399,0.00003742,0.00003742,0.00003719,0.00003720,12997.00000000
1535774400,1535777999,0.00003759,0.00003759,0.00003743,0.00003743,9144.00000000
1535778000,1535781599,0.00003741,0.00003750,0.00003704,0.00003704,55240.00000000
1535781600,1535785199,0.00003757,0.00003799,0.00003755,0.00003786,148866.00000000
1535785200,1535788799,0.00003786,0.00003821,0.00003768,0.00003806,250426.00000000
1535788800,1535792399,0.00003780,0.00003897,0.00003780,0.00003886,607328.00000000
1535792400,1535795999,0.00003882,0.00003904,0.00003828,0.00003888,534401.00000000
1535796000,1535799599,0.00003900,0.00003910,0.00003850,0.00003892,295199.00000000
1535799600,1535803199,0.00003891,0.00003916,0.00003855,0.00003868,397842.00000000
1535803200,1535806799,0.00003859,0.00003870,0.00003829,0.00003860,105273.00000000
1535806800,1535810399,0.00003868,0.00003870,0.00003851,0.00003853,210373.00000000
1535810400,1535813999,0.00003857,0.00003857,0.00003806,0.00003821,164252.00000000
1535814000,1535817599,0.00003816,0.00003843,0.00003806,0.00003828,226300.00000000
1535817600,1535821199,0.00003828,0.00003860,0.00003803,0.00003830,312219.00000000
1535821200,1535824799,0.00003839,0.00003844,0.00003811,0.00003815,169249.00000000
1535824800,1535828399,0.00003824,0.00003844,0.00003814,0.00003814,52795.00000000
1535828400,1535831999,0.00003837,0.00003858,0.00003789,0.00003813,435620.00000000
1535832000,1535835599,0.00003836,0.00003847,0.00003806,0.00003812,202777.00000000
1535835600,1535839199,0.00003815,0.00003821,0.00003809,0.00003815,60501.00000000
1535839200,1535842799,0.00003832,0.00003844,0.00003815,0.00003844,30295.00000000
1535842800,1535846399,0.00003849,0.00003870,0.00003799,0.00003821,144780.00000000
1535846400,1535849999,0.00003831,0.00003831,0.00003783,0.00003783,90660.00000000
1535850000,1535853599,0.00003783,0.00003792,0.00003768,0.00003792,153689.00000000
1535853600,1535857199,0.00003783,0.00003813,0.00003771,0.00003801,250496.00000000
1535857200,1535860799,0.00003805,0.00003811,0.00003793,0.00003793,63589.00000000
1535860800,1535864399,0.00003809,0.00003816,0.00003792,0.00003806,67850.00000000
1535864400,1535867999,0.00003804,0.00003810,0.00003788,0.00003788,81444.00000000
1535868000,1535871599,0.00003787,0.00003789,0.00003744,0.00003775,232635.00000000
1535871600,1535875199,0.00003785,0.00003839,0.00003777,0.00003823,232467.00000000
1535875200,1535878799,0.00003849,0.00003870,0.00003808,0.00003808,157265.00000000
1535878800,1535882399,0.00003841,0.00003869,0.00003793,0.00003804,458829.00000000
1535882400,1535885999,0.00003810,0.00003838,0.00003782,0.00003782,153693.00000000
1535886000,1535889599,0.00003775,0.00003813,0.00003750,0.00003766,390670.00000000
1535889600,1535893199,0.00003755,0.00003783,0.00003746,0.00003783,22805.00000000
1535893200,1535896799,0.00003783,0.00003783,0.00003740,0.00003740,68409.00000000
1535896800,1535900399,0.00003741,0.00003755,0.00003712,0.00003755,163253.00000000
1535900400,1535903999,0.00003759,0.00003786,0.00003755,0.00003762,128127.00000000
1535904000,1535907599,0.00003762,0.00003785,0.00003739,0.00003747,63428.00000000
1535907600,1535911199,0.00003735,0.00003749,0.00003735,0.00003749,31866.00000000
1535911200,1535914799,0.00003748,0.00003770,0.00003739,0.00003766,176340.00000000
1535914800,1535918399,0.00003777,0.00003784,0.00003736,0.00003784,105592.00000000
1535918400,1535921999,0.00003749,0.00003749,0.00003719,0.00003741,63668.00000000
1535922000,1535925599,0.00003720,0.00003770,0.00003706,0.00003768,128540.00000000
1535925600,1535929199,0.00003761,0.00003761,0.00003746,0.00003755,14424.00000000
1535929200,1535932799,0.00003750,0.00003750,0.00003739,0.00003742,47445.00000000
1535932800,1535936399,0.00003713,0.00003724,0.00003713,0.00003715,21099.00000000
1535936400,1535939999,0.00003736,0.00003736,0.00003708,0.00003727,42811.00000000
1535940000,1535943599,0.00003709,0.00003823,0.00003709,0.00003735,288461.00000000
1535943600,1535947199,0.00003735,0.00003829,0.00003726,0.00003757,112518.00000000
1535947200,1535950799,0.00003757,0.00003765,0.00003702,0.00003723,291628.00000000
1535950800,1535954399,0.00003723,0.00003751,0.00003720,0.00003740,73667.00000000
1535954400,1535957999,0.00003740,0.00003743,0.00003701,0.00003740,171299.00000000
1535958000,1535961599,0.00003744,0.00003758,0.00003740,0.00003742,30262.00000000
1535961600,1535965199,0.00003742,0.00003763,0.00003730,0.00003738,191504.00000000
1535965200,1535968799,0.00003738,0.00003762,0.00003738,0.00003749,49124.00000000
1535968800,1535972399,0.00003753,0.00003753,0.00003742,0.00003742,341055.00000000
1535972400,1535975999,0.00003745,0.00003745,0.00003700,0.00003725,633255.00000000
1535976000,1535979599,0.00003730,0.00003850,0.00003730,0.00003829,352988.00000000
1535979600,1535983199,0.00003797,0.00003848,0.00003784,0.00003823,174808.00000000
1535983200,1535986799,0.00003848,0.00003848,0.00003813,0.00003820,142052.00000000
1535986800,1535990399,0.00003813,0.00003855,0.00003788,0.00003815,216666.00000000
1535990400,1535993999,0.00003815,0.00003836,0.00003806,0.00003832,101849.00000000
1535994000,1535997599,0.00003816,0.00003900,0.00003810,0.00003850,238777.00000000
1535997600,1536001199,0.00003834,0.00003834,0.00003809,0.00003809,161963.00000000
1536001200,1536004799,0.00003806,0.00003811,0.00003801,0.00003801,236369.00000000
1536004800,1536008399,0.00003815,0.00003837,0.00003807,0.00003818,28654.00000000
1536008400,1536011999,0.00003836,0.00003895,0.00003836,0.00003866,111491.00000000
1536012000,1536015599,0.00003866,0.00003926,0.00003840,0.00003863,937728.00000000
1536015600,1536019199,0.00003850,0.00003874,0.00003815,0.00003849,153064.00000000
1536019200,1536022799,0.00003838,0.00003858,0.00003826,0.00003858,27216.00000000
1536022800,1536026399,0.00003858,0.00003917,0.00003848,0.00003865,333356.00000000
1536026400,1536029999,0.00003872,0.00003873,0.00003832,0.00003839,93279.00000000
1536030000,1536033599,0.00003839,0.00003858,0.00003839,0.00003843,94750.00000000
1536033600,1536037199,0.00003842,0.00003926,0.00003841,0.00003909,820162.00000000
1536037200,1536040799,0.00003909,0.00003921,0.00003909,0.00003921,402755.00000000
1536040800,1536044399,0.00003917,0.00004050,0.00003917,0.00003927,991644.00000000
1536044400,1536047999,0.00003926,0.00003927,0.00003913,0.00003918,418846.00000000
1536048000,1536051599,0.00003917,0.00003961,0.00003917,0.00003945,107645.00000000
1536051600,1536055199,0.00003945,0.00004059,0.00003916,0.00004002,418245.00000000
1536055200,1536058799,0.00004002,0.00004030,0.00003992,0.00003999,243826.00000000
1536058800,1536062399,0.00003983,0.00003996,0.00003972,0.00003991,150955.00000000
1536062400,1536065999,0.00003976,0.00003990,0.00003927,0.00003966,237417.00000000
1536066000,1536069599,0.00003972,0.00004004,0.00003972,0.00003991,304115.00000000
1536069600,1536073199,0.00003979,0.00003998,0.00003962,0.00003973,186449.00000000
1536073200,1536076799,0.00003957,0.00003977,0.00003954,0.00003976,72183.00000000
1536076800,1536080399,0.00003970,0.00004496,0.00003970,0.00004273,2228176.00000000
1536080400,1536083999,0.00004292,0.00004300,0.00004060,0.00004180,2658869.00000000
1536084000,1536087599,0.00004189,0.00004250,0.00004125,0.00004189,1451318.00000000
1536087600,1536091199,0.00004191,0.00004247,0.00004126,0.00004150,485018.00000000
1536091200,1536094799,0.00004148,0.00004194,0.00004131,0.00004170,294992.00000000
1536094800,1536098399,0.00004170,0.00004196,0.00004021,0.00004070,765828.00000000
1536098400,1536101999,0.00004070,0.00004108,0.00004021,0.00004080,641669.00000000
1536102000,1536105599,0.00004097,0.00004122,0.00004041,0.00004098,447628.00000000
1536105600,1536109199,0.00004098,0.00004234,0.00004096,0.00004187,583137.00000000
1536109200,1536112799,0.00004196,0.00004206,0.00004165,0.00004206,161998.00000000
1536112800,1536116399,0.00004206,0.00004208,0.00004161,0.00004165,137246.00000000
1536116400,1536119999,0.00004179,0.00004224,0.00004151,0.00004224,348265.00000000
1536120000,1536123599,0.00004224,0.00004232,0.00004094,0.00004168,465888.00000000
1536123600,1536127199,0.00004173,0.00004175,0.00004072,0.00004139,629586.00000000
1536127200,1536130799,0.00004135,0.00004138,0.00004082,0.00004121,273507.00000000
1536130800,1536134399,0.00004138,0.00004171,0.00004121,0.00004142,471088.00000000
1536134400,1536137999,0.00004142,0.00004161,0.00004128,0.00004128,77371.00000000
1536138000,1536141599,0.00004128,0.00004132,0.00004098,0.00004107,73235.00000000
1536141600,1536145199,0.00004097,0.00004121,0.00003912,0.00003928,1759492.00000000
1536145200,1536148799,0.00003910,0.00003948,0.00003843,0.00003883,1159589.00000000
1536148800,1536152399,0.00003855,0.00004037,0.00003855,0.00003927,839350.00000000
1536152400,1536155999,0.00003927,0.00003955,0.00003760,0.00003856,2132825.00000000
1536156000,1536159599,0.00003870,0.00003913,0.00003810,0.00003818,512330.00000000
1536159600,1536163199,0.00003844,0.00003849,0.00003813,0.00003827,270129.00000000
1536163200,1536166799,0.00003845,0.00003932,0.00003820,0.00003859,702680.00000000
1536166800,1536170399,0.00003856,0.00003919,0.00003834,0.00003909,725661.00000000
1536170400,1536173999,0.00003893,0.00003973,0.00003844,0.00003885,501126.00000000
1536174000,1536177599,0.00003885,0.00003973,0.00003885,0.00003953,125193.00000000
1536177600,1536181199,0.00003933,0.00003989,0.00003903,0.00003937,225444.00000000
1536181200,1536184799,0.00003937,0.00003972,0.00003903,0.00003943,92968.00000000
1536184800,1536188399,0.00003945,0.00003978,0.00003877,0.00003877,225376.00000000
1536188400,1536191999,0.00003895,0.00004053,0.00003872,0.00003959,704014.00000000
1536192000,1536195599,0.00003963,0.00004058,0.00003882,0.00004000,1809682.00000000
1536195600,1536199199,0.00004000,0.00004041,0.00003905,0.00003910,351118.00000000
1536199200,1536202799,0.00003911,0.00003963,0.00003900,0.00003900,362583.00000000
1536202800,1536206399,0.00003925,0.00003926,0.00003894,0.00003898,37710.00000000
1536206400,1536209999,0.00003903,0.00003931,0.00003868,0.00003913,388890.00000000
1536210000,1536213599,0.00003921,0.00003987,0.00003906,0.00003915,222346.00000000
1536213600,1536217199,0.00003917,0.00003964,0.00003905,0.00003930,137569.00000000
1536217200,1536220799,0.00003928,0.00003928,0.00003868,0.00003899,192463.00000000
1536220800,1536224399,0.00003899,0.00003912,0.00003879,0.00003880,62750.00000000
1536224400,1536227999,0.00003905,0.00003927,0.00003865,0.00003865,282003.00000000
1536228000,1536231599,0.00003890,0.00003890,0.00003854,0.00003854,231885.00000000
1536231600,1536235199,0.00003853,0.00003878,0.00003853,0.00003878,39486.00000000
1536235200,1536238799,0.00003882,0.00003892,0.00003878,0.00003878,74270.00000000
1536238800,1536242399,0.00003885,0.00003932,0.00003851,0.00003932,303557.00000000
1536242400,1536245999,0.00003930,0.00004004,0.00003921,0.00003931,292336.00000000
1536246000,1536249599,0.00003931,0.00003941,0.00003912,0.00003936,88034.00000000
1536249600,1536253199,0.00003946,0.00003949,0.00003912,0.00003946,83498.00000000
1536253200,1536256799,0.00003934,0.00004013,0.00003933,0.00004013,207835.00000000
1536256800,1536260399,0.00004017,0.00004039,0.00004002,0.00004016,65250.00000000
1536260400,1536263999,0.00004020,0.00004165,0.00004009,0.00004094,925666.00000000
1536264000,1536267599,0.00004115,0.00004143,0.00004069,0.00004073,143515.00000000
1536267600,1536271199,0.00004074,0.00004104,0.00004049,0.00004104,59578.00000000
1536271200,1536274799,0.00004106,0.00004141,0.00004082,0.00004085,86826.00000000
1536274800,1536278399,0.00004086,0.00004091,0.00004055,0.00004084,568463.00000000
1536278400,1536281999,0.00004079,0.00004087,0.00004008,0.00004043,327056.00000000
1536282000,1536285599,0.00004045,0.00004101,0.00004044,0.00004070,337496.00000000
1536285600,1536289199,0.00004051,0.00004051,0.00004044,0.00004044,50831.00000000
1536289200,1536292799,0.00004065,0.00004080,0.00004048,0.00004058,44322.00000000
1536292800,1536296399,0.00004058,0.00004058,0.00004005,0.00004029,140490.00000000
1536296400,1536299999,0.00004046,0.00004047,0.00004031,0.00004031,42404.00000000
1536300000,1536303599,0.00004049,0.00004067,0.00004048,0.00004060,79206.00000000
1536303600,1536307199,0.00004045,0.00004083,0.00004045,0.00004058,56590.00000000
1536307200,1536310799,0.00004059,0.00004059,0.00003953,0.00004029,579524.00000000
1536310800,1536314399,0.00004043,0.00004049,0.00004011,0.00004012,51369.00000000
1536314400,1536317999,0.00004005,0.00004029,0.00003958,0.00003995,318486.00000000
1536318000,1536321599,0.00003990,0.00004035,0.00003990,0.00004011,80534.00000000
1536321600,1536325199,0.00004000,0.00004012,0.00003965,0.00004012,111806.00000000
1536325200,1536328799,0.00004012,0.00004063,0.00003998,0.00004046,173674.00000000
1536328800,1536332399,0.00004063,0.00004078,0.00004036,0.00004078,471429.00000000
1536332400,1536335999,0.00004087,0.00004092,0.00004017,0.00004033,113516.00000000
1536336000,1536339599,0.00004051,0.00004064,0.00004008,0.00004025,244702.00000000
1536339600,1536343199,0.00004026,0.00004054,0.00004013,0.00004040,5920.00000000
1536343200,1536346799,0.00004039,0.00004046,0.00003890,0.00004006,1624331.00000000
1536346800,1536350399,0.00004007,0.00004009,0.00004007,0.00004009,43913.00000000
1536350400,1536353999,0.00004011,0.00004041,0.00004011,0.00004041,103217.00000000
1536354000,1536357599,0.00004040,0.00004062,0.00004022,0.00004049,152518.00000000
1536357600,1536361199,0.00004061,0.00004061,0.00004015,0.00004015,97840.00000000
1536361200,1536364799,0.00004016,0.00004061,0.00004016,0.00004061,38914.00000000
1536364800,1536368399,0.00004021,0.00004024,0.00004001,0.00004024,167746.00000000
1536368400,1536371999,0.00004025,0.00004034,0.00004024,0.00004026,51193.00000000
1536372000,1536375599,0.00004024,0.00004037,0.00004024,0.00004030,138422.00000000
1536375600,1536379199,0.00004037,0.00004065,0.00004037,0.00004065,259683.00000000
1536379200,1536382799,0.00004065,0.00004090,0.00004042,0.00004090,109673.00000000
1536382800,1536386399,0.00004071,0.00004072,0.00004051,0.00004055,49561.00000000
1536386400,1536389999,0.00004058,0.00004100,0.00004055,0.00004066,136234.00000000
1536390000,1536393599,0.00004074,0.00004076,0.00004046,0.00004059,80610.00000000
1536393600,1536397199,0.00004061,0.00004065,0.00004025,0.00004065,39525.00000000
1536397200,1536400799,0.00004067,0.00004072,0.00004051,0.00004067,28155.00000000
1536400800,1536404399,0.00004056,0.00004056,0.00004039,0.00004039,23619.00000000
1536404400,1536407999,0.00004061,0.00004061,0.00004041,0.00004041,52477.00000000
1536408000,1536411599,0.00004069,0.00004072,0.00004006,0.00004035,149979.00000000
1536411600,1536415199,0.00004006,0.00004021,0.00003985,0.00004020,570123.00000000
1536415200,1536418799,0.00004020,0.00004042,0.00004010,0.00004040,59947.00000000
1536418800,1536422399,0.00004035,0.00004055,0.00004030,0.00004055,171250.00000000
1536422400,1536425999,0.00004051,0.00004083,0.00004010,0.00004066,107143.00000000
1536426000,1536429599,0.00004050,0.00004110,0.00003822,0.00003998,2214064.00000000
1536429600,1536433199,0.00003998,0.00003998,0.00003885,0.00003915,474905.00000000
1536433200,1536436799,0.00003915,0.00003978,0.00003915,0.00003939,227805.00000000
1536436800,1536440399,0.00003943,0.00004022,0.00003938,0.00003981,387837.00000000
1536440400,1536443999,0.00003981,0.00004017,0.00003976,0.00004000,74878.00000000
1536444000,1536447599,0.00003983,0.00004012,0.00003954,0.00003979,266417.00000000
1536447600,1536451199,0.00004009,0.00004047,0.00003984,0.00004025,263647.00000000
1536451200,1536454799,0.00004006,0.00004047,0.00004006,0.00004042,140956.00000000
1536454800,1536458399,0.00004018,0.00004082,0.00004018,0.00004062,137920.00000000
1536458400,1536461999,0.00004079,0.00004093,0.00003940,0.00004028,789073.00000000
1536462000,1536465599,0.00004032,0.00004060,0.00003983,0.00004006,447737.00000000
1536465600,1536469199,0.00004031,0.00004097,0.00004005,0.00004068,231729.00000000
1536469200,1536472799,0.00004053,0.00004060,0.00004017,0.00004033,121915.00000000
1536472800,1536476399,0.00004017,0.00004041,0.00004008,0.00004022,52307.00000000
1536476400,1536479999,0.00004022,0.00004151,0.00004022,0.00004151,486198.00000000
1536480000,1536483599,0.00004139,0.00004200,0.00004053,0.00004125,148281.00000000
1536483600,1536487199,0.00004123,0.00004123,0.00004005,0.00004022,530647.00000000
1536487200,1536490799,0.00004026,0.00004093,0.00004026,0.00004093,201552.00000000
1536490800,1536494399,0.00004093,0.00004093,0.00004045,0.00004073,73321.00000000
1536494400,1536497999,0.00004077,0.00004077,0.00004030,0.00004066,67585.00000000
1536498000,1536501599,0.00004056,0.00004082,0.00003981,0.00004022,433508.00000000
1536501600,1536505199,0.00003991,0.00004078,0.00003975,0.00004064,885616.00000000
1536505200,1536508799,0.00004062,0.00004075,0.00004038,0.00004065,84561.00000000
1536508800,1536512399,0.00004065,0.00004065,0.00003966,0.00003989,306569.00000000
1536512400,1536515999,0.00004023,0.00004093,0.00004002,0.00004062,267201.00000000
1536516000,1536519599,0.00004078,0.00004078,0.00004003,0.00004037,103417.00000000
1536519600,1536523199,0.00004068,0.00004087,0.00003995,0.00003996,126648.00000000
1536523200,1536526799,0.00004026,0.00004126,0.00004020,0.00004086,474715.00000000
1536526800,1536530399,0.00004084,0.00004095,0.00004084,0.00004095,68546.00000000
1536530400,1536533999,0.00004101,0.00004132,0.00004081,0.00004091,231848.00000000
1536534000,1536537599,0.00004091,0.00004091,0.00004036,0.00004049,181632.00000000
1536537600,1536541199,0.00004049,0.00004067,0.00004005,0.00004067,158281.00000000
1536541200,1536544799,0.00004055,0.00004077,0.00004000,0.00004048,268958.00000000
1536544800,1536548399,0.00004047,0.00004070,0.00004015,0.00004045,88641.00000000
1536548400,1536551999,0.00004045,0.00004078,0.00004045,0.00004078,38366.00000000
1536552000,1536555599,0.00004078,0.00004086,0.00004012,0.00004029,192883.00000000
1536555600,1536559199,0.00004043,0.00004070,0.00004043,0.00004044,50138.00000000
1536559200,1536562799,0.00004044,0.00004044,0.00004015,0.00004015,30457.00000000
1536562800,1536566399,0.00004015,0.00004049,0.00004001,0.00004028,470821.00000000
1536566400,1536569999,0.00004050,0.00004080,0.00004036,0.00004080,159661.00000000
1536570000,1536573599,0.00004086,0.00004097,0.00004062,0.00004097,42155.00000000
1536573600,1536577199,0.00004089,0.00004089,0.00004060,0.00004060,76302.00000000
1536577200,1536580799,0.00004062,0.00004097,0.00004062,0.00004097,322953.00000000
1536580800,1536584399,0.00004100,0.00004103,0.00004078,0.00004101,47854.00000000
1536584400,1536587999,0.00004101,0.00004126,0.00004061,0.00004061,278433.00000000
1536588000,1536591599,0.00004077,0.00004090,0.00004061,0.00004061,119879.00000000
1536591600,1536595199,0.00004082,0.00004209,0.00004074,0.00004135,241064.00000000
1536595200,1536598799,0.00004135,0.00004171,0.00004124,0.00004142,158200.00000000
1536598800,1536602399,0.00004171,0.00004209,0.00004142,0.00004197,151012.00000000
1536602400,1536605999,0.00004172,0.00004172,0.00004112,0.00004112,262320.00000000
1536606000,1536609599,0.00004148,0.00004186,0.00004091,0.00004110,210065.00000000
1536609600,1536613199,0.00004078,0.00004149,0.00004050,0.00004091,131544.00000000
1536613200,1536616799,0.00004098,0.00004101,0.00004047,0.00004098,111079.00000000
1536616800,1536620399,0.00004098,0.00004098,0.00004072,0.00004088,41344.00000000
1536620400,1536623999,0.00004070,0.00004096,0.00004068,0.00004096,30673.00000000
1536624000,1536627599,0.00004109,0.00004123,0.00004082,0.00004092,179554.00000000
1536627600,1536631199,0.00004092,0.00004118,0.00004057,0.00004118,51300.00000000
1536631200,1536634799,0.00004123,0.00004139,0.00004097,0.00004107,60637.00000000
1536634800,1536638399,0.00004108,0.00004135,0.00004108,0.00004135,12557.00000000
1536638400,1536641999,0.00004131,0.00004141,0.00004131,0.00004141,35079.00000000
1536642000,1536645599,0.00004144,0.00004185,0.00004131,0.00004132,99501.00000000
1536645600,1536649199,0.00004131,0.00004140,0.00004131,0.00004137,375896.00000000
1536649200,1536652799,0.00004131,0.00004156,0.00004105,0.00004105,52887.00000000
1536652800,1536656399,0.00004140,0.00004140,0.00004138,0.00004138,10313.00000000
1536656400,1536659999,0.00004138,0.00004138,0.00004138,0.00004138,5000.00000000
1536660000,1536663599,0.00004136,0.00004156,0.00004136,0.00004156,69668.00000000
1536663600,1536667199,0.00004152,0.00004167,0.00003951,0.00004034,1815225.00000000
1536667200,1536670799,0.00004046,0.00004054,0.00004002,0.00004054,337675.00000000
1536670800,1536674399,0.00004052,0.00004094,0.00004021,0.00004061,280197.00000000
1536674400,1536677999,0.00004053,0.00004088,0.00004017,0.00004049,248419.00000000
1536678000,1536681599,0.00004042,0.00004058,0.00003997,0.00004018,681860.00000000
1536681600,1536685199,0.00004018,0.00004067,0.00004018,0.00004067,82940.00000000
1536685200,1536688799,0.00004067,0.00004224,0.00004003,0.00004077,1014307.00000000
1536688800,1536692399,0.00004088,0.00004098,0.00003952,0.00004043,421718.00000000
1536692400,1536695999,0.00004047,0.00004069,0.00004047,0.00004059,105065.00000000
1536696000,1536699599,0.00004058,0.00004072,0.00004028,0.00004041,185817.00000000
1536699600,1536703199,0.00004058,0.00004083,0.00004041,0.00004075,272628.00000000
1536703200,1536706799,0.00004082,0.00004082,0.00004044,0.00004063,54124.00000000
1536706800,1536710399,0.00004064,0.00004084,0.00004018,0.00004067,139765.00000000
1536710400,1536713999,0.00004027,0.00004067,0.00004027,0.00004067,9875.00000000
1536714000,1536717599,0.00004055,0.00004084,0.00004012,0.00004051,164251.00000000
1536717600,1536721199,0.00004043,0.00004088,0.00004023,0.00004023,234259.00000000
1536721200,1536724799,0.00004048,0.00004078,0.00004038,0.00004039,136986.00000000
1536724800,1536728399,0.00004039,0.00004075,0.00003980,0.00004001,281879.00000000
1536728400,1536731999,0.00003998,0.00004126,0.00003969,0.00004058,741145.00000000
1536732000,1536735599,0.00004061,0.00004072,0.00003989,0.00004064,242873.00000000
1536735600,1536739199,0.00004081,0.00004162,0.00003962,0.00004005,756818.00000000
1536739200,1536742799,0.00003978,0.00004055,0.00003978,0.00003983,136972.00000000
1536742800,1536746399,0.00003982,0.00004009,0.00003968,0.00004006,139473.00000000
1536746400,1536749999,0.00003981,0.00004025,0.00003946,0.00004025,172937.00000000
1536750000,1536753599,0.00004025,0.00004110,0.00004022,0.00004038,219533.00000000
1536753600,1536757199,0.00004036,0.00004047,0.00004005,0.00004030,123403.00000000
1536757200,1536760799,0.00004030,0.00004073,0.00003848,0.00004068,908431.00000000
1536760800,1536764399,0.00004047,0.00004120,0.00004026,0.00004102,250084.00000000
1536764400,1536767999,0.00004102,0.00004174,0.00004065,0.00004065,509425.00000000
1536768000,1536771599,0.00004093,0.00004142,0.00004075,0.00004109,123330.00000000
1536771600,1536775199,0.00004109,0.00004113,0.00004049,0.00004052,268295.00000000
1536775200,1536778799,0.00004058,0.00004079,0.00003980,0.00004014,300390.00000000
1536778800,1536782399,0.00004014,0.00004110,0.00003994,0.00004025,295812.00000000
1536782400,1536785999,0.00004019,0.00004019,0.00003953,0.00003958,180965.00000000
1536786000,1536789599,0.00003977,0.00003989,0.00003949,0.00003989,118434.00000000
1536789600,1536793199,0.00003992,0.00004008,0.00003950,0.00004006,193121.00000000
1536793200,1536796799,0.00004007,0.00004249,0.00003950,0.00004081,1457048.00000000
1536796800,1536800399,0.00004056,0.00004198,0.00004026,0.00004118,627583.00000000
1536800400,1536803999,0.00004108,0.00004118,0.00004059,0.00004114,171953.00000000
1536804000,1536807599,0.00004090,0.00004147,0.00004090,0.00004101,50202.00000000
1536807600,1536811199,0.00004095,0.00004095,0.00004017,0.00004020,117074.00000000
1536811200,1536814799,0.00004015,0.00004058,0.00004000,0.00004039,174246.00000000
1536814800,1536818399,0.00004040,0.00004083,0.00003953,0.00004045,356159.00000000
1536818400,1536821999,0.00004044,0.00004044,0.00003990,0.00003990,85392.00000000
1536822000,1536825599,0.00004006,0.00004039,0.00003990,0.00004030,99053.00000000
1536825600,1536829199,0.00004030,0.00004084,0.00004014,0.00004070,261281.00000000
1536829200,1536832799,0.00004061,0.00004220,0.00004061,0.00004172,631954.00000000
1536832800,1536836399,0.00004130,0.00004148,0.00004097,0.00004136,321045.00000000
1536836400,1536839999,0.00004123,0.00004123,0.00004071,0.00004087,93787.00000000
1536840000,1536843599,0.00004085,0.00004100,0.00004012,0.00004016,223509.00000000
1536843600,1536847199,0.00004033,0.00004033,0.00003870,0.00004013,585695.00000000
1536847200,1536850799,0.00004013,0.00004045,0.00003964,0.00004003,177344.00000000
1536850800,1536854399,0.00004034,0.00004049,0.00003948,0.00003950,141767.00000000
1536854400,1536857999,0.00003953,0.00003974,0.00003825,0.00003865,491581.00000000
1536858000,1536861599,0.00003884,0.00003910,0.00003818,0.00003821,340827.00000000
1536861600,1536865199,0.00003821,0.00003879,0.00003806,0.00003820,101314.00000000
1536865200,1536868799,0.00003819,0.00003858,0.00003726,0.00003726,410434.00000000
1536868800,1536872399,0.00003791,0.00003840,0.00003722,0.00003774,295090.00000000
1536872400,1536875999,0.00003774,0.00003823,0.00003744,0.00003823,140595.00000000
1536876000,1536879599,0.00003834,0.00003850,0.00003765,0.00003765,91862.00000000
1536879600,1536883199,0.00003774,0.00003794,0.00003697,0.00003757,278005.00000000
1536883200,1536886799,0.00003738,0.00003785,0.00003698,0.00003717,227765.00000000
1536886800,1536890399,0.00003730,0.00003744,0.00003676,0.00003707,138465.00000000
1536890400,1536893999,0.00003709,0.00003740,0.00003611,0.00003663,682567.00000000
1536894000,1536897599,0.00003664,0.00003717,0.00003625,0.00003651,79255.00000000
1536897600,1536901199,0.00003653,0.00003717,0.00003651,0.00003717,83430.00000000
1536901200,1536904799,0.00003704,0.00003715,0.00003659,0.00003715,196477.00000000
1536904800,1536908399,0.00003684,0.00003722,0.00003684,0.00003699,43108.00000000
1536908400,1536911999,0.00003709,0.00003749,0.00003668,0.00003735,108463.00000000
1536912000,1536915599,0.00003754,0.00003791,0.00003666,0.00003666,380023.00000000
1536915600,1536919199,0.00003660,0.00003718,0.00003634,0.00003710,279904.00000000
1536919200,1536922799,0.00003710,0.00003810,0.00003674,0.00003709,329103.00000000
1536922800,1536926399,0.00003699,0.00003746,0.00003659,0.00003733,110817.00000000
1536926400,1536929999,0.00003748,0.00003837,0.00003703,0.00003723,146120.00000000
1536930000,1536933599,0.00003750,0.00003765,0.00003667,0.00003733,403620.00000000
1536933600,1536937199,0.00003737,0.00003784,0.00003724,0.00003724,134879.00000000
1536937200,1536940799,0.00003741,0.00003741,0.00003684,0.00003684,276457.00000000
1536940800,1536944399,0.00003705,0.00003710,0.00003641,0.00003651,324755.00000000
1536944400,1536947999,0.00003649,0.00003701,0.00003631,0.00003655,108885.00000000
1536948000,1536951599,0.00003656,0.00003680,0.00003656,0.00003680,43380.00000000
1536951600,1536955199,0.00003673,0.00003675,0.00003639,0.00003644,96900.00000000
1536955200,1536958799,0.00003641,0.00003675,0.00003625,0.00003675,56048.00000000
1536958800,1536962399,0.00003675,0.00003746,0.00003664,0.00003719,341112.00000000
1536962400,1536965999,0.00003726,0.00003763,0.00003704,0.00003734,247263.00000000
1536966000,1536969599,0.00003739,0.00003795,0.00003738,0.00003785,49122.00000000
1536969600,1536973199,0.00003778,0.00003782,0.00003753,0.00003757,34160.00000000
1536973200,1536976799,0.00003748,0.00003748,0.00003699,0.00003715,122139.00000000
1536976800,1536980399,0.00003734,0.00003771,0.00003717,0.00003745,50070.00000000
1536980400,1536983999,0.00003726,0.00003733,0.00003716,0.00003716,468477.00000000
1536984000,1536987599,0.00003689,0.00003725,0.00003682,0.00003712,67160.00000000
1536987600,1536991199,0.00003715,0.00003734,0.00003715,0.00003725,25930.00000000
1536991200,1536994799,0.00003721,0.00003807,0.00003721,0.00003744,168509.00000000
1536994800,1536998399,0.00003724,0.00003735,0.00003712,0.00003735,62410.00000000
1536998400,1537001999,0.00003738,0.00003798,0.00003725,0.00003766,190126.00000000
1537002000,1537005599,0.00003793,0.00003810,0.00003757,0.00003781,117769.00000000
1537005600,1537009199,0.00003801,0.00003855,0.00003785,0.00003808,418508.00000000
1537009200,1537012799,0.00003819,0.00003877,0.00003779,0.00003791,166545.00000000
1537012800,1537016399,0.00003784,0.00003800,0.00003769,0.00003795,133878.00000000
1537016400,1537019999,0.00003787,0.00003879,0.00003780,0.00003805,635110.00000000
1537020000,1537023599,0.00003805,0.00003805,0.00003706,0.00003716,389227.00000000
1537023600,1537027199,0.00003718,0.00003759,0.00003702,0.00003702,176900.00000000
1537027200,1537030799,0.00003724,0.00003724,0.00003681,0.00003708,74298.00000000
1537030800,1537034399,0.00003703,0.00003751,0.00003689,0.00003695,182954.00000000
1537034400,1537037999,0.00003692,0.00004000,0.00003692,0.00003920,2824680.00000000
1537038000,1537041599,0.00003935,0.00003935,0.00003855,0.00003912,891793.00000000
1537041600,1537045199,0.00003916,0.00003952,0.00003872,0.00003891,49232.00000000
1537045200,1537048799,0.00003891,0.00003891,0.00003800,0.00003836,364867.00000000
1537048800,1537052399,0.00003850,0.00003858,0.00003780,0.00003787,94973.00000000
1537052400,1537055999,0.00003809,0.00003838,0.00003720,0.00003834,412485.00000000
1537056000,1537059599,0.00003828,0.00004329,0.00003828,0.00004066,4247735.00000000
1537059600,1537063199,0.00004065,0.00004190,0.00004007,0.00004058,1500783.00000000
1537063200,1537066799,0.00004053,0.00004332,0.00004037,0.00004095,588782.00000000
1537066800,1537070399,0.00004082,0.00004201,0.00004056,0.00004195,619388.00000000
1537070400,1537073999,0.00004205,0.00004271,0.00004094,0.00004138,1686816.00000000
1537074000,1537077599,0.00004143,0.00004164,0.00004096,0.00004100,135392.00000000
1537077600,1537081199,0.00004094,0.00004319,0.00004079,0.00004222,939555.00000000
1537081200,1537084799,0.00004246,0.00004250,0.00004138,0.00004174,785029.00000000
1537084800,1537088399,0.00004189,0.00004203,0.00004089,0.00004108,458808.00000000
1537088400,1537091999,0.00004113,0.00004113,0.00004053,0.00004081,154778.00000000
1537092000,1537095599,0.00004099,0.00004105,0.00004077,0.00004086,393013.00000000
1537095600,1537099199,0.00004091,0.00004101,0.00004065,0.00004100,66310.00000000
1537099200,1537102799,0.00004105,0.00004107,0.00004043,0.00004065,318792.00000000
1537102800,1537106399,0.00004061,0.00004082,0.00004041,0.00004049,840140.00000000
1537106400,1537109999,0.00004065,0.00004068,0.00004030,0.00004030,412965.00000000
1537110000,1537113599,0.00004030,0.00004050,0.00003953,0.00003992,1093779.00000000
1537113600,1537117199,0.00003992,0.00004011,0.00003954,0.00004009,188394.00000000
1537117200,1537120799,0.00004000,0.00004000,0.00003983,0.00003997,56701.00000000
1537120800,1537124399,0.00003974,0.00004057,0.00003968,0.00003989,728352.00000000
1537124400,1537127999,0.00003969,0.00004122,0.00003969,0.00004099,1107606.00000000
1537128000,1537131599,0.00004101,0.00004496,0.00004082,0.00004300,4572062.00000000
1537131600,1537135199,0.00004296,0.00004316,0.00004096,0.00004130,1705270.00000000
1537135200,1537138799,0.00004146,0.00004241,0.00004089,0.00004106,623450.00000000
1537138800,1537142399,0.00004106,0.00004199,0.00004101,0.00004156,240131.00000000
1537142400,1537145999,0.00004138,0.00004285,0.00004118,0.00004221,323397.00000000
1537146000,1537149599,0.00004205,0.00004297,0.00004148,0.00004293,656617.00000000
1537149600,1537153199,0.00004296,0.00004296,0.00004232,0.00004254,685520.00000000
1537153200,1537156799,0.00004255,0.00004327,0.00004255,0.00004305,332813.00000000
1537156800,1537160399,0.00004334,0.00004623,0.00004319,0.00004376,2276755.00000000
1537160400,1537163999,0.00004374,0.00004394,0.00004287,0.00004375,668784.00000000
1537164000,1537167599,0.00004393,0.00004410,0.00004312,0.00004312,181354.00000000
1537167600,1537171199,0.00004314,0.00004372,0.00004075,0.00004181,1869073.00000000
1537171200,1537174799,0.00004187,0.00004277,0.00004183,0.00004255,982607.00000000
1537174800,1537178399,0.00004230,0.00004288,0.00004181,0.00004259,585833.00000000
1537178400,1537181999,0.00004259,0.00004291,0.00004215,0.00004223,297918.00000000
1537182000,1537185599,0.00004227,0.00004244,0.00004208,0.00004208,342071.00000000
1537185600,1537189199,0.00004210,0.00004426,0.00004078,0.00004401,1524827.00000000
1537189200,1537192799,0.00004405,0.00004406,0.00004210,0.00004233,771800.00000000
1537192800,1537196399,0.00004232,0.00004246,0.00003972,0.00004006,1556461.00000000
1537196400,1537199999,0.00004006,0.00004094,0.00003990,0.00004094,754401.00000000
1537200000,1537203599,0.00004094,0.00004171,0.00004065,0.00004127,345353.00000000
1537203600,1537207199,0.00004161,0.00004161,0.00004077,0.00004151,502390.00000000
1537207200,1537210799,0.00004151,0.00004252,0.00004050,0.00004155,891922.00000000
1537210800,1537214399,0.00004155,0.00004287,0.00004141,0.00004258,869972.00000000
1537214400,1537217999,0.00004258,0.00004345,0.00004100,0.00004204,902753.00000000
1537218000,1537221599,0.00004204,0.00004252,0.00004196,0.00004214,123133.00000000
1537221600,1537225199,0.00004229,0.00004260,0.00004212,0.00004241,88016.00000000
1537225200,1537228799,0.00004260,0.00004272,0.00004204,0.00004219,176691.00000000
1537228800,1537232399,0.00004228,0.00004249,0.00004131,0.00004191,569129.00000000
1537232400,1537235999,0.00004190,0.00004190,0.00004119,0.00004151,522783.00000000
1537236000,1537239599,0.00004151,0.00004203,0.00004143,0.00004203,142371.00000000
1537239600,1537243199,0.00004169,0.00004262,0.00004169,0.00004260,330174.00000000
1537243200,1537246799,0.00004261,0.00004261,0.00004192,0.00004225,196677.00000000
1537246800,1537250399,0.00004251,0.00004288,0.00004237,0.00004263,313393.00000000
1537250400,1537253999,0.00004281,0.00004350,0.00004237,0.00004314,354032.00000000
1537254000,1537257599,0.00004348,0.00004350,0.00004130,0.00004165,770064.00000000
1537257600,1537261199,0.00004166,0.00004207,0.00004166,0.00004207,134139.00000000
1537261200,1537264799,0.00004200,0.00004239,0.00004183,0.00004183,168839.00000000
1537264800,1537268399,0.00004180,0.00004209,0.00004175,0.00004196,19066.00000000
1537268400,1537271999,0.00004181,0.00004181,0.00004096,0.00004096,352314.00000000
1537272000,1537275599,0.00004095,0.00004196,0.00004080,0.00004137,487360.00000000
1537275600,1537279199,0.00004125,0.00004272,0.00004052,0.00004142,1173012.00000000
1537279200,1537282799,0.00004140,0.00004230,0.00004098,0.00004113,350792.00000000
1537282800,1537286399,0.00004102,0.00004149,0.00004000,0.00004149,862735.00000000
1537286400,1537289999,0.00004121,0.00004282,0.00004092,0.00004229,660136.00000000
1537290000,1537293599,0.00004229,0.00004283,0.00004175,0.00004175,137052.00000000
1537293600,1537297199,0.00004201,0.00004201,0.00004154,0.00004155,76874.00000000
1537297200,1537300799,0.00004155,0.00004234,0.00004155,0.00004180,140495.00000000
1537300800,1537304399,0.00004215,0.00004220,0.00004170,0.00004172,58748.00000000
1537304400,1537307999,0.00004182,0.00004184,0.00004148,0.00004154,555899.00000000
1537308000,1537311599,0.00004132,0.00004172,0.00004119,0.00004172,223969.00000000
1537311600,1537315199,0.00004178,0.00004197,0.00004151,0.00004151,252546.00000000
1537315200,1537318799,0.00004172,0.00004172,0.00004151,0.00004164,45479.00000000
1537318800,1537322399,0.00004153,0.00004153,0.00004124,0.00004139,62089.00000000
1537322400,1537325999,0.00004123,0.00004123,0.00004079,0.00004079,156761.00000000
1537326000,1537329599,0.00004079,0.00004080,0.00004051,0.00004068,100524.00000000
1537329600,1537333199,0.00004068,0.00004100,0.00004060,0.00004100,379486.00000000
1537333200,1537336799,0.00004100,0.00004195,0.00004079,0.00004175,626593.00000000
1537336800,1537340399,0.00004195,0.00004195,0.00004144,0.00004144,355290.00000000
1537340400,1537343999,0.00004173,0.00004173,0.00004144,0.00004153,22222.00000000
1537344000,1537347599,0.00004153,0.00004153,0.00004122,0.00004144,294006.00000000
1537347600,1537351199,0.00004126,0.00004151,0.00004078,0.00004083,363294.00000000
1537351200,1537354799,0.00004093,0.00004120,0.00004085,0.00004119,160795.00000000
1537354800,1537358399,0.00004100,0.00004100,0.00004069,0.00004069,147631.00000000
1537358400,1537361999,0.00004095,0.00004095,0.00004027,0.00004081,333106.00000000
1537362000,1537365599,0.00004039,0.00004056,0.00003927,0.00004009,1280958.00000000
1537365600,1537369199,0.00003998,0.00004058,0.00003993,0.00004041,324793.00000000
1537369200,1537372799,0.00004041,0.00004065,0.00004040,0.00004063,129339.00000000
1537372800,1537376399,0.00004053,0.00004079,0.00004040,0.00004046,81632.00000000
1537376400,1537379999,0.00004060,0.00004095,0.00004060,0.00004083,149668.00000000
1537380000,1537383599,0.00004068,0.00004069,0.00004003,0.00004003,240793.00000000
1537383600,1537387199,0.00004036,0.00004169,0.00004006,0.00004131,847068.00000000
1537387200,1537390799,0.00004135,0.00004144,0.00004115,0.00004138,118878.00000000
1537390800,1537394399,0.00004134,0.00004141,0.00004118,0.00004130,32051.00000000
1537394400,1537397999,0.00004129,0.00004136,0.00004121,0.00004136,21902.00000000
1537398000,1537401599,0.00004144,0.00004172,0.00004141,0.00004141,55163.00000000
1537401600,1537405199,0.00004135,0.00004228,0.00004134,0.00004160,238094.00000000
1537405200,1537408799,0.00004188,0.00004234,0.00004188,0.00004192,66394.00000000
1537408800,1537412399,0.00004200,0.00004234,0.00004160,0.00004160,54460.00000000
1537412400,1537415999,0.00004182,0.00004185,0.00004159,0.00004184,14129.00000000
1537416000,1537419599,0.00004184,0.00004249,0.00004170,0.00004225,101312.00000000
1537419600,1537423199,0.00004196,0.00004196,0.00004143,0.00004144,125160.00000000
1537423200,1537426799,0.00004146,0.00004176,0.00004146,0.00004169,214943.00000000
1537426800,1537430399,0.00004168,0.00004168,0.00004137,0.00004145,349503.00000000
1537430400,1537433999,0.00004141,0.00004223,0.00004129,0.00004200,272209.00000000
1537434000,1537437599,0.00004202,0.00004400,0.00004202,0.00004399,1174875.00000000
1537437600,1537441199,0.00004353,0.00004364,0.00004262,0.00004262,239799.00000000
1537441200,1537444799,0.00004247,0.00004288,0.00004226,0.00004288,187539.00000000
1537444800,1537448399,0.00004238,0.00004374,0.00004206,0.00004374,1055582.00000000
1537448400,1537451999,0.00004370,0.00004401,0.00004211,0.00004271,1105258.00000000
1537452000,1537455599,0.00004288,0.00004296,0.00004192,0.00004248,1615355.00000000
1537455600,1537459199,0.00004248,0.00004444,0.00004198,0.00004388,942876.00000000
1537459200,1537462799,0.00004427,0.00004731,0.00004367,0.00004396,2712819.00000000
1537462800,1537466399,0.00004396,0.00004426,0.00004378,0.00004390,328475.00000000
1537466400,1537469999,0.00004383,0.00004425,0.00004270,0.00004387,589692.00000000
1537470000,1537473599,0.00004387,0.00004425,0.00004312,0.00004360,200941.00000000
1537473600,1537477199,0.00004360,0.00004361,0.00004232,0.00004287,350245.00000000
1537477200,1537480799,0.00004278,0.00004303,0.00004249,0.00004249,116191.00000000
1537480800,1537484399,0.00004250,0.00004330,0.00004125,0.00004128,680499.00000000
1537484400,1537487999,0.00004118,0.00004228,0.00004100,0.00004201,941284.00000000
1537488000,1537491599,0.00004227,0.00004238,0.00004120,0.00004209,333170.00000000
1537491600,1537495199,0.00004205,0.00004221,0.00004120,0.00004120,511704.00000000
1537495200,1537498799,0.00004159,0.00004159,0.00004099,0.00004101,483558.00000000
1537498800,1537502399,0.00004116,0.00004221,0.00004104,0.00004207,400947.00000000
1537502400,1537505999,0.00004219,0.00004219,0.00004175,0.00004182,118625.00000000
1537506000,1537509599,0.00004190,0.00004209,0.00004166,0.00004184,80065.00000000
1537509600,1537513199,0.00004203,0.00004283,0.00004202,0.00004250,386287.00000000
1537513200,1537516799,0.00004237,0.00004296,0.00004201,0.00004296,374699.00000000
1537516800,1537520399,0.00004291,0.00004304,0.00004190,0.00004229,481433.00000000
1537520400,1537523999,0.00004227,0.00004260,0.00004168,0.00004208,549848.00000000
1537524000,1537527599,0.00004211,0.00004254,0.00004202,0.00004204,378029.00000000
1537527600,1537531199,0.00004207,0.00004234,0.00004184,0.00004196,321026.00000000
1537531200,1537534799,0.00004200,0.00004246,0.00004170,0.00004198,968447.00000000
1537534800,1537538399,0.00004190,0.00004198,0.00004103,0.00004152,716410.00000000
1537538400,1537541999,0.00004152,0.00004152,0.00003923,0.00004031,1303129.00000000
1537542000,1537545599,0.00004004,0.00004118,0.00003915,0.00003940,1246381.00000000
1537545600,1537549199,0.00003933,0.00004037,0.00003900,0.00004002,968378.00000000
1537549200,1537552799,0.00004003,0.00004118,0.00004002,0.00004055,273358.00000000
1537552800,1537556399,0.00004067,0.00004084,0.00003880,0.00003954,830512.00000000
1537556400,1537559999,0.00003950,0.00003954,0.00003740,0.00003827,660090.00000000
1537560000,1537563599,0.00003811,0.00003814,0.00003712,0.00003814,458888.00000000
1537563600,1537567199,0.00003837,0.00003867,0.00003815,0.00003853,341871.00000000
1537567200,1537570799,0.00003852,0.00003866,0.00003800,0.00003800,193606.00000000
1537570800,1537574399,0.00003800,0.00003841,0.00003784,0.00003841,258971.00000000
1537574400,1537577999,0.00003840,0.00003887,0.00003806,0.00003852,389357.00000000
1537578000,1537581599,0.00003858,0.00003858,0.00003803,0.00003823,147937.00000000
1537581600,1537585199,0.00003819,0.00003852,0.00003806,0.00003819,35564.00000000
1537585200,1537588799,0.00003831,0.00003883,0.00003803,0.00003832,147976.00000000
1537588800,1537592399,0.00003808,0.00003824,0.00003791,0.00003808,131281.00000000
1537592400,1537595999,0.00003809,0.00003809,0.00003796,0.00003802,39093.00000000
1537596000,1537599599,0.00003797,0.00003840,0.00003788,0.00003788,127705.00000000
1537599600,1537603199,0.00003793,0.00003819,0.00003779,0.00003817,292815.00000000
1537603200,1537606799,0.00003825,0.00003830,0.00003802,0.00003823,353109.00000000
1537606800,1537610399,0.00003835,0.00003875,0.00003821,0.00003834,79931.00000000
1537610400,1537613999,0.00003830,0.00003850,0.00003830,0.00003841,89630.00000000
1537614000,1537617599,0.00003827,0.00003839,0.00003820,0.00003839,151689.00000000
1537617600,1537621199,0.00003834,0.00003834,0.00003700,0.00003771,1184631.00000000
1537621200,1537624799,0.00003778,0.00003823,0.00003778,0.00003778,223645.00000000
1537624800,1537628399,0.00003778,0.00003809,0.00003778,0.00003796,67154.00000000
1537628400,1537631999,0.00003796,0.00003885,0.00003786,0.00003808,195051.00000000
1537632000,1537635599,0.00003820,0.00003999,0.00003816,0.00003883,439729.00000000
1537635600,1537639199,0.00003885,0.00003892,0.00003821,0.00003852,137869.00000000
1537639200,1537642799,0.00003820,0.00003842,0.00003778,0.00003778,709950.00000000
1537642800,1537646399,0.00003815,0.00003854,0.00003803,0.00003854,76160.00000000
1537646400,1537649999,0.00003854,0.00003883,0.00003816,0.00003858,109059.00000000
1537650000,1537653599,0.00003857,0.00003857,0.00003829,0.00003849,25731.00000000
1537653600,1537657199,0.00003869,0.00003912,0.00003828,0.00003893,52663.00000000
1537657200,1537660799,0.00003893,0.00003893,0.00003860,0.00003860,32846.00000000
1537660800,1537664399,0.00003860,0.00003893,0.00003857,0.00003859,228119.00000000
1537664400,1537667999,0.00003867,0.00003995,0.00003867,0.00003871,581903.00000000
1537668000,1537671599,0.00003873,0.00003875,0.00003858,0.00003863,47765.00000000
1537671600,1537675199,0.00003880,0.00003891,0.00003873,0.00003891,30960.00000000
1537675200,1537678799,0.00003901,0.00003901,0.00003867,0.00003872,53662.00000000
1537678800,1537682399,0.00003878,0.00003878,0.00003850,0.00003867,156485.00000000
1537682400,1537685999,0.00003884,0.00003885,0.00003801,0.00003847,797924.00000000
1537686000,1537689599,0.00003861,0.00003861,0.00003830,0.00003861,161033.00000000
1537689600,1537693199,0.00003861,0.00003899,0.00003861,0.00003866,148221.00000000
1537693200,1537696799,0.00003844,0.00003881,0.00003820,0.00003835,231062.00000000
1537696800,1537700399,0.00003831,0.00003858,0.00003831,0.00003858,154566.00000000
1537700400,1537703999,0.00003834,0.00003850,0.00003806,0.00003812,170557.00000000
1537704000,1537707599,0.00003825,0.00003848,0.00003807,0.00003815,89073.00000000
1537707600,1537711199,0.00003815,0.00003842,0.00003804,0.00003842,102457.00000000
1537711200,1537714799,0.00003816,0.00003854,0.00003802,0.00003834,78261.00000000
1537714800,1537718399,0.00003832,0.00003833,0.00003779,0.00003799,164449.00000000
1537718400,1537721999,0.00003800,0.00003851,0.00003800,0.00003805,186617.00000000
1537722000,1537725599,0.00003805,0.00003826,0.00003804,0.00003826,5933.00000000
1537725600,1537729199,0.00003827,0.00003827,0.00003800,0.00003822,149235.00000000
1537729200,1537732799,0.00003817,0.00003910,0.00003817,0.00003854,154613.00000000
1537732800,1537736399,0.00003849,0.00003965,0.00003803,0.00003915,1215662.00000000
1537736400,1537739999,0.00003932,0.00003932,0.00003826,0.00003878,165025.00000000
1537740000,1537743599,0.00003877,0.00003900,0.00003848,0.00003848,138685.00000000
1537743600,1537747199,0.00003842,0.00003887,0.00003837,0.00003887,145449.00000000
1537747200,1537750799,0.00003889,0.00004074,0.00003867,0.00004007,1042854.00000000
1537750800,1537754399,0.00004017,0.00004025,0.00003969,0.00004023,620626.00000000
1537754400,1537757999,0.00004021,0.00004030,0.00003998,0.00004030,137775.00000000
1537758000,1537761599,0.00003997,0.00004030,0.00003968,0.00003970,140647.00000000
1537761600,1537765199,0.00003994,0.00004026,0.00003968,0.00004026,131665.00000000
1537765200,1537768799,0.00004023,0.00004030,0.00003966,0.00004008,193742.00000000
1537768800,1537772399,0.00004016,0.00004016,0.00003913,0.00003953,491489.00000000
1537772400,1537775999,0.00003967,0.00003988,0.00003950,0.00003986,170359.00000000
1537776000,1537779599,0.00003973,0.00003990,0.00003944,0.00003944,238589.00000000
1537779600,1537783199,0.00003945,0.00003954,0.00003908,0.00003950,255886.00000000
1537783200,1537786799,0.00003936,0.00003987,0.00003894,0.00003941,969431.00000000
1537786800,1537790399,0.00003940,0.00003956,0.00003919,0.00003948,62115.00000000
1537790400,1537793999,0.00003939,0.00003960,0.00003920,0.00003960,141953.00000000
1537794000,1537797599,0.00003963,0.00004055,0.00003963,0.00004009,492967.00000000
1537797600,1537801199,0.00004010,0.00004074,0.00004010,0.00004054,403395.00000000
1537801200,1537804799,0.00004064,0.00004358,0.00004022,0.00004232,3078242.00000000
1537804800,1537808399,0.00004218,0.00004268,0.00004148,0.00004148,983444.00000000
1537808400,1537811999,0.00004172,0.00004189,0.00004097,0.00004177,359149.00000000
1537812000,1537815599,0.00004161,0.00004215,0.00004142,0.00004175,112645.00000000
1537815600,1537819199,0.00004184,0.00004302,0.00004182,0.00004219,1178331.00000000
1537819200,1537822799,0.00004188,0.00004188,0.00004097,0.00004097,903348.00000000
1537822800,1537826399,0.00004097,0.00004151,0.00004097,0.00004130,149338.00000000
1537826400,1537829999,0.00004130,0.00004223,0.00004098,0.00004151,260097.00000000
1537830000,1537833599,0.00004169,0.00004193,0.00004093,0.00004193,215659.00000000
1537833600,1537837199,0.00004197,0.00004316,0.00004153,0.00004154,1859893.00000000
1537837200,1537840799,0.00004167,0.00004222,0.00004125,0.00004212,496630.00000000
1537840800,1537844399,0.00004220,0.00004296,0.00004211,0.00004214,122771.00000000
1537844400,1537847999,0.00004215,0.00004227,0.00004154,0.00004223,270972.00000000
1537848000,1537851599,0.00004209,0.00004314,0.00004209,0.00004232,620744.00000000
1537851600,1537855199,0.00004243,0.00004243,0.00004126,0.00004149,340328.00000000
1537855200,1537858799,0.00004150,0.00004312,0.00004149,0.00004306,1063543.00000000
1537858800,1537862399,0.00004305,0.00004345,0.00004250,0.00004289,1228633.00000000
1537862400,1537865999,0.00004283,0.00004296,0.00004229,0.00004286,211232.00000000
1537866000,1537869599,0.00004260,0.00004306,0.00004260,0.00004304,147181.00000000
1537869600,1537873199,0.00004295,0.00004321,0.00004279,0.00004279,353194.00000000
1537873200,1537876799,0.00004309,0.00006572,0.00004300,0.00005656,26286218.00000000
1537876800,1537880399,0.00005650,0.00006009,0.00005087,0.00005478,19981569.00000000
1537880400,1537883999,0.00005478,0.00005478,0.00005080,0.00005269,4837178.00000000
1537884000,1537887599,0.00005270,0.00005941,0.00005200,0.00005712,14392640.00000000
1537887600,1537891199,0.00005712,0.00005897,0.00005440,0.00005476,8667824.00000000
1537891200,1537894799,0.00005475,0.00005589,0.00005241,0.00005440,4735342.00000000
1537894800,1537898399,0.00005434,0.00005647,0.00005394,0.00005430,4743500.00000000
1537898400,1537901999,0.00005431,0.00005467,0.00005158,0.00005248,2994808.00000000
1537902000,1537905599,0.00005249,0.00005275,0.00005001,0.00005035,3263135.00000000
1537905600,1537909199,0.00005062,0.00005145,0.00004775,0.00004872,7003587.00000000
1537909200,1537912799,0.00004862,0.00004920,0.00004773,0.00004799,1349256.00000000
1537912800,1537916399,0.00004795,0.00004893,0.00004776,0.00004874,807586.00000000
1537916400,1537919999,0.00004879,0.00004902,0.00004555,0.00004671,2456720.00000000
1537920000,1537923599,0.00004633,0.00005081,0.00004628,0.00004837,3822975.00000000
1537923600,1537927199,0.00004905,0.00005099,0.00004774,0.00004951,1813504.00000000
1537927200,1537930799,0.00004949,0.00005099,0.00004855,0.00004982,1736418.00000000
1537930800,1537934399,0.00004987,0.00005069,0.00004940,0.00005014,1670745.00000000
1537934400,1537937999,0.00005001,0.00005007,0.00004782,0.00004849,2399087.00000000
1537938000,1537941599,0.00004848,0.00005214,0.00004848,0.00005019,4122052.00000000
1537941600,1537945199,0.00005019,0.00005090,0.00004910,0.00004970,1805609.00000000
1537945200,1537948799,0.00004970,0.00005263,0.00004946,0.00005137,1890630.00000000
1537948800,1537952399,0.00005112,0.00005242,0.00005029,0.00005172,932075.00000000
1537952400,1537955999,0.00005178,0.00005517,0.00005169,0.00005268,4349894.00000000
1537956000,1537959599,0.00005285,0.00005448,0.00005175,0.00005364,3076947.00000000
1537959600,1537963199,0.00005341,0.00005357,0.00004950,0.00005001,3970028.00000000
1537963200,1537966799,0.00004996,0.00005088,0.00004950,0.00004986,1866908.00000000
1537966800,1537970399,0.00004986,0.00005079,0.00004978,0.00005050,1794526.00000000
1537970400,1537973999,0.00005030,0.00005030,0.00004909,0.00004927,813813.00000000
1537974000,1537977599,0.00004972,0.00004972,0.00004856,0.00004919,657726.00000000
1537977600,1537981199,0.00004919,0.00004951,0.00004856,0.00004894,1180420.00000000
1537981200,1537984799,0.00004894,0.00004894,0.00004815,0.00004815,1268700.00000000
1537984800,1537988399,0.00004829,0.00004871,0.00004823,0.00004848,231830.00000000
1537988400,1537991999,0.00004851,0.00004894,0.00004823,0.00004828,159155.00000000
1537992000,1537995599,0.00004828,0.00004848,0.00004814,0.00004845,243399.00000000
1537995600,1537999199,0.00004820,0.00004848,0.00004800,0.00004841,587504.00000000
1537999200,1538002799,0.00004841,0.00004848,0.00004757,0.00004800,1578752.00000000
1538002800,1538006399,0.00004800,0.00004800,0.00004740,0.00004776,805771.00000000
1538006400,1538009999,0.00004776,0.00004832,0.00004742,0.00004794,669761.00000000
1538010000,1538013599,0.00004780,0.00004780,0.00004725,0.00004772,314494.00000000
1538013600,1538017199,0.00004776,0.00004831,0.00004700,0.00004769,574739.00000000
1538017200,1538020799,0.00004769,0.00004781,0.00004715,0.00004743,177047.00000000
1538020800,1538024399,0.00004743,0.00004754,0.00004706,0.00004718,155238.00000000
1538024400,1538027999,0.00004711,0.00004722,0.00004672,0.00004701,1134550.00000000
1538028000,1538031599,0.00004701,0.00004727,0.00004670,0.00004727,297911.00000000
1538031600,1538035199,0.00004727,0.00004794,0.00004700,0.00004769,575229.00000000
1538035200,1538038799,0.00004769,0.00004826,0.00004555,0.00004672,3114196.00000000
1538038800,1538042399,0.00004655,0.00004754,0.00004638,0.00004744,740426.00000000
1538042400,1538045999,0.00004740,0.00004780,0.00004717,0.00004759,1656394.00000000
1538046000,1538049599,0.00004747,0.00004785,0.00004676,0.00004687,265522.00000000
1538049600,1538053199,0.00004663,0.00004686,0.00004598,0.00004641,1016059.00000000
1538053200,1538056799,0.00004625,0.00004678,0.00004555,0.00004647,1452679.00000000
1538056800,1538060399,0.00004663,0.00004680,0.00004618,0.00004652,64378.00000000
1538060400,1538063999,0.00004654,0.00004680,0.00004614,0.00004668,250971.00000000
1538064000,1538067599,0.00004666,0.00004669,0.00004633,0.00004633,606935.00000000
1538067600,1538071199,0.00004662,0.00004662,0.00004623,0.00004639,210846.00000000
1538071200,1538074799,0.00004634,0.00004670,0.00004604,0.00004657,226672.00000000
1538074800,1538078399,0.00004641,0.00004662,0.00004520,0.00004520,1176993.00000000
1538078400,1538081999,0.00004520,0.00004640,0.00004519,0.00004550,1033634.00000000
1538082000,1538085599,0.00004542,0.00004549,0.00004467,0.00004491,770934.00000000
1538085600,1538089199,0.00004498,0.00004554,0.00004491,0.00004517,213231.00000000
1538089200,1538092799,0.00004519,0.00004525,0.00004501,0.00004510,642396.00000000
1538092800,1538096399,0.00004511,0.00004524,0.00004471,0.00004512,135984.00000000
1538096400,1538099999,0.00004520,0.00004578,0.00004500,0.00004522,297336.00000000
1538100000,1538103599,0.00004522,0.00004540,0.00004382,0.00004455,1912253.00000000
1538103600,1538107199,0.00004458,0.00004494,0.00004455,0.00004485,118892.00000000
1538107200,1538110799,0.00004474,0.00004479,0.00004377,0.00004380,683278.00000000
1538110800,1538114399,0.00004387,0.00004411,0.00004340,0.00004375,1112312.00000000
1538114400,1538117999,0.00004372,0.00004423,0.00004359,0.00004423,457497.00000000
1538118000,1538121599,0.00004423,0.00004633,0.00004422,0.00004612,1709417.00000000
1538121600,1538125199,0.00004600,0.00004648,0.00004580,0.00004622,412168.00000000
1538125200,1538128799,0.00004628,0.00004628,0.00004499,0.00004560,720723.00000000
1538128800,1538132399,0.00004557,0.00004574,0.00004483,0.00004536,152505.00000000
1538132400,1538135999,0.00004535,0.00004560,0.00004507,0.00004534,248609.00000000
1538136000,1538139599,0.00004524,0.00004537,0.00004476,0.00004500,141600.00000000
1538139600,1538143199,0.00004482,0.00004519,0.00004380,0.00004485,1140380.00000000
1538143200,1538146799,0.00004494,0.00004508,0.00004434,0.00004508,118104.00000000
1538146800,1538150399,0.00004501,0.00004501,0.00004481,0.00004492,164839.00000000
1538150400,1538153999,0.00004492,0.00004528,0.00004436,0.00004528,385368.00000000
1538154000,1538157599,0.00004525,0.00004525,0.00004462,0.00004491,95118.00000000
1538157600,1538161199,0.00004514,0.00004535,0.00004476,0.00004510,55494.00000000
1538161200,1538164799,0.00004491,0.00004611,0.00004491,0.00004569,277628.00000000
1538164800,1538168399,0.00004594,0.00004632,0.00004592,0.00004616,173078.00000000
1538168400,1538171999,0.00004624,0.00004710,0.00004612,0.00004612,772658.00000000
1538172000,1538175599,0.00004609,0.00004609,0.00004563,0.00004577,123865.00000000
1538175600,1538179199,0.00004577,0.00004592,0.00004535,0.00004535,107673.00000000
1538179200,1538182799,0.00004568,0.00004610,0.00004562,0.00004600,154734.00000000
1538182800,1538186399,0.00004600,0.00004689,0.00004536,0.00004563,261960.00000000
1538186400,1538189999,0.00004541,0.00004576,0.00004514,0.00004549,108141.00000000
1538190000,1538193599,0.00004550,0.00004633,0.00004550,0.00004621,165512.00000000
1538193600,1538197199,0.00004615,0.00004615,0.00004604,0.00004604,3012.00000000
1538197200,1538200799,0.00004600,0.00004614,0.00004600,0.00004605,156394.00000000
1538200800,1538204399,0.00004606,0.00004885,0.00004605,0.00004805,2362220.00000000
1538204400,1538207999,0.00004834,0.00004841,0.00004654,0.00004654,756496.00000000
1538208000,1538211599,0.00004654,0.00004659,0.00004526,0.00004545,674668.00000000
1538211600,1538215199,0.00004545,0.00004545,0.00004363,0.00004467,678372.00000000
1538215200,1538218799,0.00004444,0.00004503,0.00004424,0.00004495,229299.00000000
1538218800,1538222399,0.00004495,0.00004495,0.00004431,0.00004458,82328.00000000
1538222400,1538225999,0.00004458,0.00004478,0.00004432,0.00004453,134914.00000000
1538226000,1538229599,0.00004453,0.00004519,0.00004453,0.00004492,90755.00000000
1538229600,1538233199,0.00004470,0.00004487,0.00004446,0.00004471,66022.00000000
1538233200,1538236799,0.00004446,0.00004474,0.00004414,0.00004473,243829.00000000
1538236800,1538240399,0.00004473,0.00004474,0.00004453,0.00004474,36372.00000000
1538240400,1538243999,0.00004455,0.00004455,0.00004442,0.00004455,86881.00000000
1538244000,1538247599,0.00004456,0.00004456,0.00004436,0.00004439,94906.00000000
1538247600,1538251199,0.00004439,0.00004456,0.00004409,0.00004409,147344.00000000
1538251200,1538254799,0.00004409,0.00004474,0.00004409,0.00004453,226058.00000000
1538254800,1538258399,0.00004454,0.00004470,0.00004425,0.00004468,51900.00000000
1538258400,1538261999,0.00004462,0.00004468,0.00004443,0.00004443,34803.00000000
1538262000,1538265599,0.00004421,0.00004467,0.00004401,0.00004459,81255.00000000
1538265600,1538269199,0.00004458,0.00004467,0.00004438,0.00004455,38832.00000000
1538269200,1538272799,0.00004455,0.00004455,0.00004418,0.00004419,34071.00000000
1538272800,1538276399,0.00004420,0.00004420,0.00004351,0.00004400,745533.00000000
1538276400,1538279999,0.00004400,0.00004400,0.00004370,0.00004370,78974.00000000
1538280000,1538283599,0.00004389,0.00004400,0.00004370,0.00004400,53768.00000000
1538283600,1538287199,0.00004400,0.00004404,0.00004379,0.00004400,259639.00000000
1538287200,1538290799,0.00004400,0.00004400,0.00004374,0.00004386,96476.00000000
1538290800,1538294399,0.00004387,0.00004400,0.00004326,0.00004400,264098.00000000
1538294400,1538297999,0.00004400,0.00004415,0.00004388,0.00004406,83390.00000000
1538298000,1538301599,0.00004376,0.00004394,0.00004369,0.00004379,106866.00000000
1538301600,1538305199,0.00004368,0.00004373,0.00004322,0.00004323,444634.00000000
1538305200,1538308799,0.00004322,0.00004378,0.00004321,0.00004378,621411.00000000
1538308800,1538312399,0.00004387,0.00004444,0.00004387,0.00004417,456440.00000000
1538312400,1538315999,0.00004419,0.00004441,0.00004362,0.00004410,218946.00000000
1538316000,1538319599,0.00004420,0.00004497,0.00004392,0.00004392,878143.00000000
1538319600,1538323199,0.00004391,0.00004486,0.00004362,0.00004422,141752.00000000
1538323200,1538326799,0.00004424,0.00004442,0.00004424,0.00004425,125803.00000000
1538326800,1538330399,0.00004414,0.00004418,0.00004316,0.00004388,1124073.00000000
1538330400,1538333999,0.00004386,0.00004402,0.00004364,0.00004402,63709.00000000
1538334000,1538337599,0.00004365,0.00004375,0.00004321,0.00004353,520666.00000000
1538337600,1538341199,0.00004363,0.00004458,0.00004296,0.00004382,917912.00000000
1538341200,1538344799,0.00004386,0.00004458,0.00004347,0.00004347,102705.00000000
1538344800,1538348399,0.00004358,0.00004388,0.00004321,0.00004325,129700.00000000
1538348400,1538351999,0.00004324,0.00004357,0.00004321,0.00004354,152938.00000000
1538352000,1538355599,0.00004333,0.00004347,0.00004317,0.00004333,68920.00000000
1538355600,1538359199,0.00004331,0.00004343,0.00004318,0.00004318,28771.00000000
1538359200,1538362799,0.00004320,0.00004345,0.00004320,0.00004345,46305.00000000
1538362800,1538366399,0.00004334,0.00004340,0.00004334,0.00004340,9888.00000000
1538366400,1538369999,0.00004348,0.00004364,0.00004317,0.00004362,79116.00000000
1538370000,1538373599,0.00004362,0.00004383,0.00004346,0.00004346,84434.00000000
1538373600,1538377199,0.00004358,0.00004375,0.00004333,0.00004373,490568.00000000
1538377200,1538380799,0.00004369,0.00004383,0.00004339,0.00004371,50390.00000000
1538380800,1538384399,0.00004373,0.00004391,0.00004361,0.00004361,65776.00000000
1538384400,1538387999,0.00004365,0.00004405,0.00004360,0.00004405,82077.00000000
1538388000,1538391599,0.00004385,0.00004405,0.00004385,0.00004405,74368.00000000
1538391600,1538395199,0.00004410,0.00004413,0.00004347,0.00004402,87666.00000000
1538395200,1538398799,0.00004399,0.00004399,0.00004375,0.00004377,49809.00000000
1538398800,1538402399,0.00004377,0.00004385,0.00004372,0.00004385,21741.00000000
1538402400,1538405999,0.00004375,0.00004400,0.00004350,0.00004358,389702.00000000
1538406000,1538409599,0.00004358,0.00004378,0.00004353,0.00004353,29245.00000000
1538409600,1538413199,0.00004379,0.00004399,0.00004366,0.00004368,64423.00000000
1538413200,1538416799,0.00004377,0.00004433,0.00004377,0.00004398,169619.00000000
1538416800,1538420399,0.00004410,0.00004410,0.00004379,0.00004394,65652.00000000
1538420400,1538423999,0.00004379,0.00004418,0.00004366,0.00004408,87465.00000000
1538424000,1538427599,0.00004410,0.00004410,0.00004393,0.00004404,20737.00000000
1538427600,1538431199,0.00004393,0.00004410,0.00004364,0.00004374,59880.00000000
1538431200,1538434799,0.00004366,0.00004414,0.00004355,0.00004392,223134.00000000
1538434800,1538438399,0.00004380,0.00004394,0.00004380,0.00004382,33685.00000000
1538438400,1538441999,0.00004380,0.00004385,0.00004376,0.00004376,22960.00000000
1538442000,1538445599,0.00004387,0.00004460,0.00004387,0.00004447,254204.00000000
1538445600,1538449199,0.00004450,0.00004458,0.00004406,0.00004406,22270.00000000
1538449200,1538452799,0.00004407,0.00004473,0.00004395,0.00004418,379778.00000000
1538452800,1538456399,0.00004435,0.00004439,0.00004433,0.00004439,12876.00000000
1538456400,1538459999,0.00004431,0.00004438,0.00004419,0.00004433,59914.00000000
1538460000,1538463599,0.00004459,0.00004460,0.00004439,0.00004460,15420.00000000
1538463600,1538467199,0.00004448,0.00004448,0.00004420,0.00004420,3280.00000000
1538467200,1538470799,0.00004438,0.00004446,0.00004413,0.00004443,72638.00000000
1538470800,1538474399,0.00004440,0.00004447,0.00004440,0.00004447,41371.00000000
1538474400,1538477999,0.00004447,0.00004456,0.00004421,0.00004434,46840.00000000
1538478000,1538481599,0.00004423,0.00004428,0.00004419,0.00004428,42021.00000000
1538481600,1538485199,0.00004437,0.00004456,0.00004390,0.00004456,308747.00000000
1538485200,1538488799,0.00004456,0.00004471,0.00004430,0.00004459,152029.00000000
1538488800,1538492399,0.00004477,0.00004557,0.00004464,0.00004534,554372.00000000
1538492400,1538495999,0.00004554,0.00004573,0.00004525,0.00004564,543936.00000000
1538496000,1538499599,0.00004573,0.00004580,0.00004518,0.00004536,1213139.00000000
1538499600,1538503199,0.00004529,0.00004536,0.00004494,0.00004510,244458.00000000
1538503200,1538506799,0.00004510,0.00004571,0.00004510,0.00004549,225681.00000000
1538506800,1538510399,0.00004549,0.00004567,0.00004523,0.00004548,43089.00000000
1538510400,1538513999,0.00004540,0.00004592,0.00004523,0.00004523,187745.00000000
1538514000,1538517599,0.00004523,0.00004523,0.00004356,0.00004495,681885.00000000
1538517600,1538521199,0.00004496,0.00004509,0.00004453,0.00004489,243296.00000000
1538521200,1538524799,0.00004493,0.00004509,0.00004480,0.00004480,91254.00000000
1538524800,1538528399,0.00004483,0.00004485,0.00004449,0.00004471,23777.00000000
1538528400,1538531999,0.00004479,0.00004502,0.00004463,0.00004502,26007.00000000
1538532000,1538535599,0.00004502,0.00004525,0.00004480,0.00004502,207069.00000000
1538535600,1538539199,0.00004509,0.00004528,0.00004441,0.00004493,370381.00000000
1538539200,1538542799,0.00004508,0.00004512,0.00004491,0.00004512,69290.00000000
1538542800,1538546399,0.00004512,0.00004533,0.00004491,0.00004523,147112.00000000
1538546400,1538549999,0.00004523,0.00004523,0.00004500,0.00004502,46574.00000000
1538550000,1538553599,0.00004501,0.00004507,0.00004473,0.00004507,89908.00000000
1538553600,1538557199,0.00004495,0.00004531,0.00004384,0.00004487,460629.00000000
1538557200,1538560799,0.00004496,0.00004512,0.00004466,0.00004511,136471.00000000
1538560800,1538564399,0.00004496,0.00004517,0.00004493,0.00004517,47304.00000000
1538564400,1538567999,0.00004509,0.00004519,0.00004505,0.00004519,31856.00000000
1538568000,1538571599,0.00004518,0.00004541,0.00004518,0.00004541,58780.00000000
1538571600,1538575199,0.00004541,0.00004541,0.00004491,0.00004499,37382.00000000
1538575200,1538578799,0.00004495,0.00004507,0.00004472,0.00004490,250831.00000000
1538578800,1538582399,0.00004472,0.00004530,0.00004416,0.00004496,612838.00000000
1538582400,1538585999,0.00004496,0.00004499,0.00004482,0.00004495,67778.00000000
1538586000,1538589599,0.00004501,0.00004553,0.00004491,0.00004549,300409.00000000
1538589600,1538593199,0.00004526,0.00004568,0.00004520,0.00004567,156273.00000000
1538593200,1538596799,0.00004559,0.00004580,0.00004549,0.00004552,146259.00000000
1538596800,1538600399,0.00004541,0.00004561,0.00004533,0.00004537,146377.00000000
1538600400,1538603999,0.00004537,0.00004579,0.00004537,0.00004579,119266.00000000
1538604000,1538607599,0.00004579,0.00004598,0.00004526,0.00004538,257945.00000000
1538607600,1538611199,0.00004538,0.00004538,0.00004510,0.00004515,226129.00000000
1538611200,1538614799,0.00004523,0.00004532,0.00004501,0.00004511,114658.00000000
1538614800,1538618399,0.00004511,0.00004511,0.00004479,0.00004479,225511.00000000
1538618400,1538621999,0.00004499,0.00004499,0.00004479,0.00004479,93772.00000000
1538622000,1538625599,0.00004479,0.00004488,0.00004463,0.00004476,374405.00000000
1538625600,1538629199,0.00004483,0.00004501,0.00004474,0.00004476,211507.00000000
1538629200,1538632799,0.00004474,0.00004503,0.00004474,0.00004500,93326.00000000
1538632800,1538636399,0.00004488,0.00004488,0.00004487,0.00004488,4530.00000000
1538636400,1538639999,0.00004513,0.00004529,0.00004510,0.00004526,109573.00000000
1538640000,1538643599,0.00004526,0.00004542,0.00004499,0.00004542,156795.00000000
1538643600,1538647199,0.00004542,0.00004582,0.00004542,0.00004577,161956.00000000
1538647200,1538650799,0.00004560,0.00004560,0.00004530,0.00004533,91556.00000000
1538650800,1538654399,0.00004522,0.00004549,0.00004510,0.00004549,117983.00000000
1538654400,1538657999,0.00004537,0.00004611,0.00004533,0.00004582,297528.00000000
1538658000,1538661599,0.00004584,0.00004622,0.00004558,0.00004582,90166.00000000
1538661600,1538665199,0.00004582,0.00004607,0.00004565,0.00004579,125657.00000000
1538665200,1538668799,0.00004575,0.00004575,0.00004541,0.00004555,128462.00000000
1538668800,1538672399,0.00004558,0.00004589,0.00004536,0.00004579,162463.00000000
1538672400,1538675999,0.00004569,0.00004621,0.00004569,0.00004610,56953.00000000
1538676000,1538679599,0.00004602,0.00004628,0.00004587,0.00004623,204613.00000000
1538679600,1538683199,0.00004625,0.00004648,0.00004590,0.00004600,219304.00000000
1538683200,1538686799,0.00004590,0.00004611,0.00004578,0.00004594,68217.00000000
1538686800,1538690399,0.00004600,0.00004627,0.00004600,0.00004602,80243.00000000
1538690400,1538693999,0.00004602,0.00004608,0.00004582,0.00004598,173754.00000000
1538694000,1538697599,0.00004600,0.00004699,0.00004600,0.00004645,208910.00000000
1538697600,1538701199,0.00004635,0.00004658,0.00004634,0.00004658,20902.00000000
1538701200,1538704799,0.00004665,0.00004665,0.00004644,0.00004659,10717.00000000
1538704800,1538708399,0.00004652,0.00004705,0.00004635,0.00004647,780618.00000000
1538708400,1538711999,0.00004675,0.00004675,0.00004639,0.00004660,71124.00000000
1538712000,1538715599,0.00004665,0.00004665,0.00004659,0.00004659,135078.00000000
1538715600,1538719199,0.00004676,0.00004720,0.00004665,0.00004720,170764.00000000
1538719200,1538722799,0.00004720,0.00004730,0.00004693,0.00004701,390355.00000000
1538722800,1538726399,0.00004732,0.00004902,0.00004708,0.00004817,1404492.00000000
1538726400,1538729999,0.00004810,0.00004862,0.00004747,0.00004814,614379.00000000
1538730000,1538733599,0.00004812,0.00004870,0.00004751,0.00004811,329013.00000000
1538733600,1538737199,0.00004824,0.00004890,0.00004788,0.00004825,665627.00000000
1538737200,1538740799,0.00004804,0.00004888,0.00004801,0.00004861,392698.00000000
1538740800,1538744399,0.00004857,0.00004904,0.00004839,0.00004839,326092.00000000
1538744400,1538747999,0.00004848,0.00004848,0.00004742,0.00004752,88315.00000000
1538748000,1538751599,0.00004752,0.00004804,0.00004726,0.00004758,187576.00000000
1538751600,1538755199,0.00004763,0.00004805,0.00004728,0.00004769,530126.00000000
1538755200,1538758799,0.00004755,0.00004791,0.00004744,0.00004777,37446.00000000
1538758800,1538762399,0.00004777,0.00004825,0.00004754,0.00004816,134037.00000000
1538762400,1538765999,0.00004820,0.00004844,0.00004798,0.00004800,177748.00000000
1538766000,1538769599,0.00004800,0.00004911,0.00004775,0.00004891,367403.00000000
1538769600,1538773199,0.00004890,0.00004890,0.00004809,0.00004809,169238.00000000
1538773200,1538776799,0.00004809,0.00004821,0.00004784,0.00004811,177061.00000000
1538776800,1538780399,0.00004813,0.00004813,0.00004660,0.00004694,454782.00000000
1538780400,1538783999,0.00004694,0.00004781,0.00004694,0.00004737,231663.00000000
1538784000,1538787599,0.00004735,0.00004778,0.00004715,0.00004765,62360.00000000
1538787600,1538791199,0.00004748,0.00004776,0.00004748,0.00004776,16397.00000000
1538791200,1538794799,0.00004764,0.00004764,0.00004751,0.00004754,117081.00000000
1538794800,1538798399,0.00004730,0.00004756,0.00004726,0.00004756,69413.00000000
1538798400,1538801999,0.00004754,0.00004754,0.00004725,0.00004728,15683.00000000
1538802000,1538805599,0.00004721,0.00004740,0.00004719,0.00004721,60370.00000000
1538805600,1538809199,0.00004722,0.00004724,0.00004701,0.00004701,134997.00000000
1538809200,1538812799,0.00004705,0.00004727,0.00004670,0.00004681,154967.00000000
1538812800,1538816399,0.00004680,0.00004783,0.00004680,0.00004738,341071.00000000
1538816400,1538819999,0.00004738,0.00004755,0.00004726,0.00004747,214749.00000000
1538820000,1538823599,0.00004746,0.00004749,0.00004690,0.00004699,259138.00000000
1538823600,1538827199,0.00004699,0.00004715,0.00004637,0.00004700,241039.00000000
1538827200,1538830799,0.00004699,0.00004699,0.00004672,0.00004684,10689.00000000
1538830800,1538834399,0.00004684,0.00004764,0.00004600,0.00004632,689184.00000000
1538834400,1538837999,0.00004636,0.00004636,0.00004600,0.00004617,129090.00000000
1538838000,1538841599,0.00004651,0.00004654,0.00004630,0.00004630,13088.00000000
1538841600,1538845199,0.00004638,0.00004654,0.00004616,0.00004616,29989.00000000
1538845200,1538848799,0.00004642,0.00004700,0.00004628,0.00004687,92402.00000000
1538848800,1538852399,0.00004674,0.00004674,0.00004600,0.00004635,155388.00000000
1538852400,1538855999,0.00004634,0.00004704,0.00004634,0.00004704,48876.00000000
1538856000,1538859599,0.00004696,0.00004696,0.00004645,0.00004696,119277.00000000
1538859600,1538863199,0.00004685,0.00004697,0.00004667,0.00004697,60630.00000000
1538863200,1538866799,0.00004702,0.00004713,0.00004688,0.00004688,14661.00000000
1538866800,1538870399,0.00004667,0.00004669,0.00004613,0.00004624,50377.00000000
1538870400,1538873999,0.00004641,0.00004661,0.00004629,0.00004661,10835.00000000
1538874000,1538877599,0.00004645,0.00004653,0.00004625,0.00004653,43103.00000000
1538877600,1538881199,0.00004653,0.00004653,0.00004604,0.00004617,81105.00000000
1538881200,1538884799,0.00004633,0.00004703,0.00004618,0.00004694,223684.00000000
1538884800,1538888399,0.00004700,0.00004700,0.00004638,0.00004645,31679.00000000
1538888400,1538891999,0.00004645,0.00004645,0.00004644,0.00004645,30732.00000000
1538892000,1538895599,0.00004668,0.00004668,0.00004668,0.00004668,2007.00000000
1538895600,1538899199,0.00004662,0.00004662,0.00004650,0.00004650,35450.00000000
1538899200,1538902799,0.00004634,0.00004667,0.00004625,0.00004667,22882.00000000
1538902800,1538906399,0.00004624,0.00004661,0.00004620,0.00004620,39502.00000000
1538906400,1538909999,0.00004621,0.00004643,0.00004600,0.00004617,116224.00000000
1538910000,1538913599,0.00004617,0.00004617,0.00004610,0.00004610,98329.00000000
1538913600,1538917199,0.00004626,0.00004647,0.00004614,0.00004614,23242.00000000
1538917200,1538920799,0.00004614,0.00004619,0.00004614,0.00004619,5218.00000000
1538920800,1538924399,0.00004645,0.00004652,0.00004645,0.00004646,39065.00000000
1538924400,1538927999,0.00004646,0.00004646,0.00004605,0.00004605,454595.00000000
1538928000,1538931599,0.00004614,0.00004641,0.00004614,0.00004623,84426.00000000
1538931600,1538935199,0.00004639,0.00004639,0.00004623,0.00004630,19283.00000000
1538935200,1538938799,0.00004630,0.00004630,0.00004600,0.00004624,42818.00000000
1538938800,1538942399,0.00004624,0.00004624,0.00004601,0.00004601,30814.00000000
1538942400,1538945999,0.00004601,0.00004619,0.00004581,0.00004596,337971.00000000
1538946000,1538949599,0.00004596,0.00004608,0.00004539,0.00004539,425803.00000000
1538949600,1538953199,0.00004574,0.00004574,0.00004479,0.00004521,612609.00000000
1538953200,1538956799,0.00004510,0.00004538,0.00004490,0.00004490,162402.00000000
1538956800,1538960399,0.00004503,0.00004592,0.00004503,0.00004555,231265.00000000
1538960400,1538963999,0.00004555,0.00004588,0.00004500,0.00004572,181341.00000000
1538964000,1538967599,0.00004571,0.00004605,0.00004532,0.00004580,152201.00000000
1538967600,1538971199,0.00004563,0.00004572,0.00004562,0.00004572,62993.00000000
1538971200,1538974799,0.00004573,0.00004588,0.00004573,0.00004588,43479.00000000
1538974800,1538978399,0.00004571,0.00004619,0.00004571,0.00004578,302223.00000000
1538978400,1538981999,0.00004578,0.00004578,0.00004574,0.00004574,21279.00000000
1538982000,1538985599,0.00004593,0.00004613,0.00004571,0.00004581,123478.00000000
1538985600,1538989199,0.00004574,0.00004606,0.00004551,0.00004551,35504.00000000
1538989200,1538992799,0.00004599,0.00004641,0.00004599,0.00004608,250715.00000000
1538992800,1538996399,0.00004603,0.00004744,0.00004603,0.00004696,435414.00000000
1538996400,1538999999,0.00004686,0.00004686,0.00004641,0.00004643,43035.00000000
1539000000,1539003599,0.00004643,0.00004643,0.00004596,0.00004601,517471.00000000
1539003600,1539007199,0.00004608,0.00004608,0.00004550,0.00004580,254636.00000000
1539007200,1539010799,0.00004580,0.00004592,0.00004580,0.00004591,124176.00000000
1539010800,1539014399,0.00004594,0.00004636,0.00004594,0.00004631,299326.00000000
1539014400,1539017999,0.00004632,0.00004646,0.00004608,0.00004609,109194.00000000
1539018000,1539021599,0.00004608,0.00004608,0.00004524,0.00004584,638687.00000000
1539021600,1539025199,0.00004589,0.00004600,0.00004521,0.00004573,359112.00000000
1539025200,1539028799,0.00004597,0.00004611,0.00004573,0.00004573,179063.00000000
1539028800,1539032399,0.00004573,0.00004573,0.00004511,0.00004545,268291.00000000
1539032400,1539035999,0.00004541,0.00004601,0.00004511,0.00004580,177765.00000000
1539036000,1539039599,0.00004586,0.00004634,0.00004551,0.00004633,99027.00000000
1539039600,1539043199,0.00004632,0.00004634,0.00004602,0.00004630,59271.00000000
1539043200,1539046799,0.00004630,0.00004631,0.00004630,0.00004631,10038.00000000
1539046800,1539050399,0.00004631,0.00004640,0.00004622,0.00004632,181343.00000000
1539050400,1539053999,0.00004631,0.00004633,0.00004490,0.00004611,561885.00000000
1539054000,1539057599,0.00004611,0.00004611,0.00004600,0.00004610,303372.00000000
1539057600,1539061199,0.00004611,0.00004613,0.00004584,0.00004600,237118.00000000
1539061200,1539064799,0.00004600,0.00004609,0.00004581,0.00004585,434171.00000000
1539064800,1539068399,0.00004580,0.00004581,0.00004554,0.00004556,25511.00000000
1539068400,1539071999,0.00004556,0.00004570,0.00004535,0.00004549,63820.00000000
1539072000,1539075599,0.00004549,0.00004561,0.00004522,0.00004553,109330.00000000
1539075600,1539079199,0.00004570,0.00004580,0.00004557,0.00004580,37839.00000000
1539079200,1539082799,0.00004564,0.00004580,0.00004564,0.00004580,32240.00000000
1539082800,1539086399,0.00004580,0.00004580,0.00004520,0.00004525,63211.00000000
1539086400,1539089999,0.00004540,0.00004540,0.00004524,0.00004524,38798.00000000
1539090000,1539093599,0.00004524,0.00004581,0.00004524,0.00004575,64181.00000000
1539093600,1539097199,0.00004574,0.00004575,0.00004531,0.00004541,72187.00000000
1539097200,1539100799,0.00004549,0.00004551,0.00004513,0.00004531,23582.00000000
1539100800,1539104399,0.00004531,0.00004536,0.00004519,0.00004532,63520.00000000
1539104400,1539107999,0.00004529,0.00004581,0.00004529,0.00004545,38272.00000000
1539108000,1539111599,0.00004528,0.00004533,0.00004527,0.00004533,15368.00000000
1539111600,1539115199,0.00004533,0.00004609,0.00004513,0.00004594,176314.00000000
1539115200,1539118799,0.00004600,0.00004637,0.00004594,0.00004597,59017.00000000
1539118800,1539122399,0.00004597,0.00004643,0.00004596,0.00004601,108679.00000000
1539122400,1539125999,0.00004625,0.00004625,0.00004601,0.00004617,34500.00000000
1539126000,1539129599,0.00004617,0.00004621,0.00004597,0.00004597,56730.00000000
1539129600,1539133199,0.00004616,0.00004616,0.00004513,0.00004574,206157.00000000
1539133200,1539136799,0.00004570,0.00004648,0.00004540,0.00004578,346753.00000000
1539136800,1539140399,0.00004579,0.00004579,0.00004559,0.00004576,164923.00000000
1539140400,1539143999,0.00004578,0.00004587,0.00004578,0.00004587,48677.00000000
1539144000,1539147599,0.00004585,0.00004599,0.00004581,0.00004582,42480.00000000
1539147600,1539151199,0.00004569,0.00004581,0.00004526,0.00004546,56050.00000000
1539151200,1539154799,0.00004544,0.00004544,0.00004490,0.00004507,198971.00000000
1539154800,1539158399,0.00004519,0.00004519,0.00004406,0.00004480,627944.00000000
1539158400,1539161999,0.00004483,0.00004549,0.00004483,0.00004539,123654.00000000
1539162000,1539165599,0.00004517,0.00004753,0.00004517,0.00004717,755897.00000000
1539165600,1539169199,0.00004723,0.00004820,0.00004653,0.00004659,1381284.00000000
1539169200,1539172799,0.00004658,0.00004707,0.00004628,0.00004660,92614.00000000
1539172800,1539176399,0.00004661,0.00004717,0.00004653,0.00004679,234457.00000000
1539176400,1539179999,0.00004657,0.00004786,0.00004657,0.00004724,197858.00000000
1539180000,1539183599,0.00004724,0.00004845,0.00004695,0.00004726,269145.00000000
1539183600,1539187199,0.00004725,0.00004740,0.00004684,0.00004735,148139.00000000
1539187200,1539190799,0.00004705,0.00004755,0.00004692,0.00004755,558442.00000000
1539190800,1539194399,0.00004756,0.00004756,0.00004697,0.00004724,155174.00000000
1539194400,1539197999,0.00004729,0.00004735,0.00004700,0.00004723,52441.00000000
1539198000,1539201599,0.00004728,0.00004776,0.00004715,0.00004744,195833.00000000
1539201600,1539205199,0.00004774,0.00004882,0.00004676,0.00004801,635566.00000000
1539205200,1539208799,0.00004804,0.00004900,0.00004758,0.00004793,230526.00000000
1539208800,1539212399,0.00004769,0.00004775,0.00004766,0.00004769,274993.00000000
1539212400,1539215999,0.00004769,0.00004800,0.00004769,0.00004770,69082.00000000
1539216000,1539219599,0.00004798,0.00004799,0.00004734,0.00004787,684949.00000000
1539219600,1539223199,0.00004769,0.00004919,0.00004707,0.00004772,711347.00000000
1539223200,1539226799,0.00004768,0.00004793,0.00004704,0.00004743,95266.00000000
1539226800,1539230399,0.00004725,0.00004760,0.00004707,0.00004739,298611.00000000
1539230400,1539233999,0.00004734,0.00004757,0.00004710,0.00004757,9105.00000000
1539234000,1539237599,0.00004719,0.00004762,0.00004600,0.00004638,752062.00000000
1539237600,1539241199,0.00004642,0.00004682,0.00004504,0.00004551,1170983.00000000
1539241200,1539244799,0.00004582,0.00004582,0.00004490,0.00004560,1206348.00000000
1539244800,1539248399,0.00004560,0.00004641,0.00004550,0.00004624,248373.00000000
1539248400,1539251999,0.00004605,0.00004682,0.00004605,0.00004627,485914.00000000
1539252000,1539255599,0.00004626,0.00004648,0.00004601,0.00004621,124089.00000000
1539255600,1539259199,0.00004640,0.00004640,0.00004600,0.00004616,22407.00000000
1539259200,1539262799,0.00004629,0.00004629,0.00004598,0.00004608,429533.00000000
1539262800,1539266399,0.00004621,0.00004681,0.00004567,0.00004678,533985.00000000
1539266400,1539269999,0.00004678,0.00004682,0.00004635,0.00004682,299821.00000000
1539270000,1539273599,0.00004682,0.00004682,0.00004650,0.00004675,90306.00000000
1539273600,1539277199,0.00004640,0.00004676,0.00004616,0.00004616,197132.00000000
1539277200,1539280799,0.00004616,0.00004648,0.00004590,0.00004644,423231.00000000
1539280800,1539284399,0.00004622,0.00004652,0.00004622,0.00004634,50438.00000000
1539284400,1539287999,0.00004620,0.00004651,0.00004600,0.00004607,248452.00000000
1539288000,1539291599,0.00004614,0.00004684,0.00004614,0.00004654,171557.00000000
1539291600,1539295199,0.00004660,0.00004715,0.00004660,0.00004715,172709.00000000
1539295200,1539298799,0.00004715,0.00004723,0.00004676,0.00004680,83330.00000000
1539298800,1539302399,0.00004681,0.00004766,0.00004528,0.00004753,1677564.00000000
1539302400,1539305999,0.00004754,0.00004759,0.00004563,0.00004631,330810.00000000
1539306000,1539309599,0.00004634,0.00004640,0.00004620,0.00004640,8140.00000000
1539309600,1539313199,0.00004615,0.00004693,0.00004613,0.00004624,136419.00000000
1539313200,1539316799,0.00004650,0.00004650,0.00004615,0.00004615,17922.00000000
1539316800,1539320399,0.00004632,0.00004703,0.00004589,0.00004592,524180.00000000
1539320400,1539323999,0.00004632,0.00004639,0.00004628,0.00004628,29680.00000000
1539324000,1539327599,0.00004623,0.00004718,0.00004598,0.00004663,392321.00000000
1539327600,1539331199,0.00004660,0.00004701,0.00004633,0.00004690,177837.00000000
1539331200,1539334799,0.00004703,0.00004782,0.00004638,0.00004732,229179.00000000
1539334800,1539338399,0.00004729,0.00004743,0.00004607,0.00004642,336545.00000000
1539338400,1539341999,0.00004641,0.00004641,0.00004632,0.00004632,329901.00000000
1539342000,1539345599,0.00004619,0.00004657,0.00004600,0.00004600,89532.00000000
1539345600,1539349199,0.00004631,0.00004643,0.00004578,0.00004643,193519.00000000
1539349200,1539352799,0.00004633,0.00004633,0.00004594,0.00004598,6967.00000000
1539352800,1539356399,0.00004616,0.00004643,0.00004600,0.00004634,73508.00000000
1539356400,1539359999,0.00004603,0.00004603,0.00004568,0.00004595,187574.00000000
1539360000,1539363599,0.00004595,0.00004595,0.00004583,0.00004585,126601.00000000
1539363600,1539367199,0.00004595,0.00004629,0.00004570,0.00004601,455722.00000000
1539367200,1539370799,0.00004587,0.00004594,0.00004587,0.00004587,26237.00000000
1539370800,1539374399,0.00004587,0.00004656,0.00004586,0.00004603,89686.00000000
1539374400,1539377999,0.00004618,0.00004660,0.00004602,0.00004660,56398.00000000
1539378000,1539381599,0.00004643,0.00004699,0.00004622,0.00004660,115584.00000000
1539381600,1539385199,0.00004663,0.00004663,0.00004660,0.00004661,36602.00000000
1539385200,1539388799,0.00004654,0.00004654,0.00004601,0.00004634,74077.00000000
1539388800,1539392399,0.00004638,0.00004644,0.00004605,0.00004644,54862.00000000
1539392400,1539395999,0.00004642,0.00004665,0.00004621,0.00004665,54817.00000000
1539396000,1539399599,0.00004663,0.00004664,0.00004656,0.00004664,36201.00000000
1539399600,1539403199,0.00004662,0.00004670,0.00004653,0.00004670,33742.00000000
1539403200,1539406799,0.00004644,0.00004649,0.00004628,0.00004628,9689.00000000
1539406800,1539410399,0.00004628,0.00004633,0.00004627,0.00004633,13238.00000000
1539410400,1539413999,0.00004634,0.00004650,0.00004633,0.00004633,36478.00000000
1539414000,1539417599,0.00004647,0.00004688,0.00004632,0.00004675,121441.00000000
1539417600,1539421199,0.00004678,0.00004678,0.00004633,0.00004640,50485.00000000
1539421200,1539424799,0.00004647,0.00004647,0.00004614,0.00004632,117059.00000000
1539424800,1539428399,0.00004634,0.00004634,0.00004612,0.00004613,83409.00000000
1539428400,1539431999,0.00004613,0.00004657,0.00004613,0.00004635,41407.00000000
1539432000,1539435599,0.00004651,0.00004703,0.00004641,0.00004641,89849.00000000
1539435600,1539439199,0.00004656,0.00004660,0.00004646,0.00004646,331875.00000000
1539439200,1539442799,0.00004660,0.00004671,0.00004602,0.00004602,1396084.00000000
1539442800,1539446399,0.00004631,0.00004887,0.00004631,0.00004746,1324172.00000000
1539446400,1539449999,0.00004742,0.00004878,0.00004742,0.00004811,1025744.00000000
1539450000,1539453599,0.00004815,0.00004874,0.00004626,0.00004697,642149.00000000
1539453600,1539457199,0.00004718,0.00004765,0.00004718,0.00004765,115753.00000000
1539457200,1539460799,0.00004760,0.00004760,0.00004718,0.00004718,107975.00000000
1539460800,1539464399,0.00004718,0.00004726,0.00004717,0.00004717,22158.00000000
1539464400,1539467999,0.00004757,0.00004764,0.00004757,0.00004764,9126.00000000
1539468000,1539471599,0.00004763,0.00004763,0.00004741,0.00004754,50637.00000000
1539471600,1539475199,0.00004725,0.00004752,0.00004719,0.00004752,11038.00000000
1539475200,1539478799,0.00004744,0.00004765,0.00004743,0.00004765,438352.00000000
1539478800,1539482399,0.00004765,0.00004946,0.00004765,0.00004840,1023587.00000000
1539482400,1539485999,0.00004820,0.00004862,0.00004820,0.00004830,183513.00000000
1539486000,1539489599,0.00004830,0.00004928,0.00004830,0.00004894,646361.00000000
1539489600,1539493199,0.00004895,0.00004895,0.00004841,0.00004866,138575.00000000
1539493200,1539496799,0.00004841,0.00004904,0.00004841,0.00004856,61234.00000000
1539496800,1539500399,0.00004884,0.00004895,0.00004855,0.00004860,207032.00000000
1539500400,1539503999,0.00004887,0.00004895,0.00004856,0.00004858,366512.00000000
1539504000,1539507599,0.00004860,0.00004860,0.00004804,0.00004847,431237.00000000
1539507600,1539511199,0.00004845,0.00004847,0.00004800,0.00004847,595912.00000000
1539511200,1539514799,0.00004847,0.00004870,0.00004801,0.00004801,150137.00000000
1539514800,1539518399,0.00004821,0.00004821,0.00004778,0.00004779,110902.00000000
1539518400,1539521999,0.00004799,0.00004839,0.00004782,0.00004839,398134.00000000
1539522000,1539525599,0.00004838,0.00004980,0.00004838,0.00004870,369982.00000000
1539525600,1539529199,0.00004868,0.00004897,0.00004834,0.00004861,143214.00000000
1539529200,1539532799,0.00004864,0.00004897,0.00004859,0.00004897,121474.00000000
1539532800,1539536399,0.00004908,0.00004914,0.00004887,0.00004914,95398.00000000
1539536400,1539539999,0.00004885,0.00004912,0.00004881,0.00004897,136570.00000000
1539540000,1539543599,0.00004902,0.00004903,0.00004876,0.00004899,53125.00000000
1539543600,1539547199,0.00004899,0.00004929,0.00004863,0.00004900,217691.00000000
1539547200,1539550799,0.00004874,0.00004931,0.00004862,0.00004862,110336.00000000
1539550800,1539554399,0.00004883,0.00004910,0.00004878,0.00004879,21441.00000000
1539554400,1539557999,0.00004879,0.00004910,0.00004879,0.00004910,64301.00000000
1539558000,1539561599,0.00004908,0.00004983,0.00004889,0.00004937,317049.00000000
1539561600,1539565199,0.00004954,0.00004971,0.00004926,0.00004926,104340.00000000
1539565200,1539568799,0.00004924,0.00004936,0.00004900,0.00004935,70194.00000000
1539568800,1539572399,0.00004935,0.00004935,0.00004918,0.00004927,90906.00000000
1539572400,1539575999,0.00004924,0.00004977,0.00004921,0.00004972,78559.00000000
1539576000,1539579599,0.00004973,0.00004985,0.00004958,0.00004960,107654.00000000
1539579600,1539583199,0.00004985,0.00005021,0.00004690,0.00004704,967654.00000000
1539583200,1539586799,0.00004704,0.00004726,0.00004497,0.00004497,2223578.00000000
1539586800,1539590399,0.00004493,0.00004614,0.00004465,0.00004581,917512.00000000
1539590400,1539593999,0.00004577,0.00004596,0.00004564,0.00004596,177247.00000000
1539594000,1539597599,0.00004597,0.00004665,0.00004597,0.00004650,188982.00000000
1539597600,1539601199,0.00004671,0.00004680,0.00004597,0.00004647,137349.00000000
1539601200,1539604799,0.00004623,0.00004632,0.00004562,0.00004603,751095.00000000
1539604800,1539608399,0.00004613,0.00004724,0.00004613,0.00004724,350474.00000000
1539608400,1539611999,0.00004724,0.00004769,0.00004716,0.00004717,333019.00000000
1539612000,1539615599,0.00004734,0.00004783,0.00004722,0.00004756,349183.00000000
1539615600,1539619199,0.00004756,0.00004784,0.00004739,0.00004784,94948.00000000
1539619200,1539622799,0.00004774,0.00004774,0.00004722,0.00004731,280273.00000000
1539622800,1539626399,0.00004717,0.00004731,0.00004714,0.00004714,38102.00000000
1539626400,1539629999,0.00004714,0.00004716,0.00004678,0.00004716,182229.00000000
1539630000,1539633599,0.00004726,0.00004766,0.00004726,0.00004747,325915.00000000
1539633600,1539637199,0.00004748,0.00004758,0.00004669,0.00004732,69389.00000000
1539637200,1539640799,0.00004740,0.00004740,0.00004661,0.00004678,377309.00000000
1539640800,1539644399,0.00004678,0.00004678,0.00004638,0.00004645,385712.00000000
1539644400,1539647999,0.00004646,0.00004668,0.00004624,0.00004633,31401.00000000
1539648000,1539651599,0.00004646,0.00004670,0.00004623,0.00004654,117137.00000000
1539651600,1539655199,0.00004675,0.00004807,0.00004675,0.00004773,1108568.00000000
1539655200,1539658799,0.00004772,0.00004794,0.00004739,0.00004785,129006.00000000
1539658800,1539662399,0.00004760,0.00004879,0.00004732,0.00004814,914517.00000000
1539662400,1539665999,0.00004814,0.00004855,0.00004745,0.00004834,299830.00000000
1539666000,1539669599,0.00004809,0.00004809,0.00004723,0.00004723,95470.00000000
1539669600,1539673199,0.00004759,0.00004778,0.00004738,0.00004778,90789.00000000
1539673200,1539676799,0.00004766,0.00004783,0.00004757,0.00004762,14611.00000000
1539676800,1539680399,0.00004745,0.00004784,0.00004717,0.00004750,165444.00000000
1539680400,1539683999,0.00004750,0.00004750,0.00004721,0.00004721,161431.00000000
1539684000,1539687599,0.00004750,0.00004983,0.00004750,0.00004983,846831.00000000
1539687600,1539691199,0.00004967,0.00005042,0.00004902,0.00004920,1330207.00000000
1539691200,1539694799,0.00004914,0.00005038,0.00004914,0.00004950,379564.00000000
1539694800,1539698399,0.00004951,0.00005020,0.00004858,0.00004913,217660.00000000
1539698400,1539701999,0.00004945,0.00004984,0.00004913,0.00004964,174134.00000000
1539702000,1539705599,0.00004963,0.00004984,0.00004906,0.00004940,215622.00000000
1539705600,1539709199,0.00004966,0.00004966,0.00004933,0.00004933,15628.00000000
1539709200,1539712799,0.00004936,0.00004943,0.00004916,0.00004943,142877.00000000
1539712800,1539716399,0.00004943,0.00004949,0.00004915,0.00004915,113528.00000000
1539716400,1539719999,0.00004929,0.00004984,0.00004929,0.00004931,46813.00000000
1539720000,1539723599,0.00004931,0.00005000,0.00004916,0.00004973,178960.00000000
1539723600,1539727199,0.00004944,0.00004944,0.00004913,0.00004913,69692.00000000
1539727200,1539730799,0.00004922,0.00004950,0.00004887,0.00004949,74189.00000000
1539730800,1539734399,0.00004949,0.00004950,0.00004901,0.00004901,154281.00000000
1539734400,1539737999,0.00004904,0.00004904,0.00004878,0.00004879,59650.00000000
1539738000,1539741599,0.00004891,0.00004891,0.00004874,0.00004887,19727.00000000
1539741600,1539745199,0.00004887,0.00004892,0.00004841,0.00004866,240479.00000000
1539745200,1539748799,0.00004876,0.00004876,0.00004827,0.00004850,197721.00000000
1539748800,1539752399,0.00004871,0.00004888,0.00004832,0.00004888,158068.00000000
1539752400,1539755999,0.00004884,0.00004884,0.00004838,0.00004842,59370.00000000
1539756000,1539759599,0.00004881,0.00004881,0.00004857,0.00004857,2.00000000
1539759600,1539763199,0.00004880,0.00004882,0.00004879,0.00004881,71090.00000000
1539763200,1539766799,0.00004883,0.00004910,0.00004835,0.00004843,407262.00000000
1539766800,1539770399,0.00004858,0.00004873,0.00004823,0.00004844,140143.00000000
1539770400,1539773999,0.00004828,0.00004846,0.00004810,0.00004846,171112.00000000
1539774000,1539777599,0.00004846,0.00004870,0.00004829,0.00004829,126931.00000000
1539777600,1539781199,0.00004848,0.00004864,0.00004848,0.00004864,151354.00000000
1539781200,1539784799,0.00004864,0.00004950,0.00004864,0.00004909,1443792.00000000
1539784800,1539788399,0.00004911,0.00004911,0.00004876,0.00004876,551537.00000000
1539788400,1539791999,0.00004876,0.00004897,0.00004873,0.00004897,151110.00000000
1539792000,1539795599,0.00004895,0.00004905,0.00004857,0.00004866,163285.00000000
1539795600,1539799199,0.00004866,0.00004901,0.00004852,0.00004900,85252.00000000
1539799200,1539802799,0.00004899,0.00005524,0.00004899,0.00005472,2941610.00000000
1539802800,1539806399,0.00005467,0.00005500,0.00005154,0.00005154,1231345.00000000
1539806400,1539809999,0.00005179,0.00005300,0.00005179,0.00005295,377045.00000000
1539810000,1539813599,0.00005300,0.00005300,0.00005249,0.00005249,229526.00000000
1539813600,1539817199,0.00005254,0.00005256,0.00005175,0.00005175,235247.00000000
1539817200,1539820799,0.00005200,0.00005450,0.00005200,0.00005313,585490.00000000
1539820800,1539824399,0.00005311,0.00005380,0.00005191,0.00005205,342866.00000000
1539824400,1539827999,0.00005226,0.00005351,0.00005188,0.00005238,380210.00000000
1539828000,1539831599,0.00005238,0.00005317,0.00005213,0.00005277,301169.00000000
1539831600,1539835199,0.00005277,0.00005323,0.00005263,0.00005310,147124.00000000
1539835200,1539838799,0.00005298,0.00005359,0.00005267,0.00005287,162767.00000000
1539838800,1539842399,0.00005278,0.00005657,0.00005263,0.00005487,3609443.00000000
1539842400,1539845999,0.00005487,0.00005500,0.00005420,0.00005440,580265.00000000
1539846000,1539849599,0.00005454,0.00006490,0.00005454,0.00006475,9252982.00000000
1539849600,1539853199,0.00006475,0.00006500,0.00005908,0.00006002,9783140.00000000
1539853200,1539856799,0.00005966,0.00006124,0.00005834,0.00005930,4661956.00000000
1539856800,1539860399,0.00005937,0.00005980,0.00005821,0.00005923,1602708.00000000
1539860400,1539863999,0.00005898,0.00006055,0.00005850,0.00006055,2150437.00000000
1539864000,1539867599,0.00006060,0.00006120,0.00005855,0.00005952,2496110.00000000
1539867600,1539871199,0.00005952,0.00006001,0.00005900,0.00005974,1044022.00000000
1539871200,1539874799,0.00005983,0.00006441,0.00005953,0.00006127,5269919.00000000
1539874800,1539878399,0.00006111,0.00006287,0.00005913,0.00006140,3436288.00000000
1539878400,1539881999,0.00006138,0.00006485,0.00006037,0.00006409,3518289.00000000
1539882000,1539885599,0.00006415,0.00007000,0.00006220,0.00006950,9647360.00000000
1539885600,1539889199,0.00006956,0.00006974,0.00006385,0.00006461,6047322.00000000
1539889200,1539892799,0.00006451,0.00006529,0.00006235,0.00006435,3571036.00000000
1539892800,1539896399,0.00006413,0.00006413,0.00006283,0.00006299,1879589.00000000
1539896400,1539899999,0.00006343,0.00006385,0.00006102,0.00006153,1538360.00000000
1539900000,1539903599,0.00006150,0.00006361,0.00006100,0.00006300,2625119.00000000
1539903600,1539907199,0.00006295,0.00006303,0.00006214,0.00006303,366296.00000000
1539907200,1539910799,0.00006310,0.00006620,0.00006310,0.00006458,3088591.00000000
1539910800,1539914399,0.00006446,0.00006446,0.00006273,0.00006308,2889257.00000000
1539914400,1539917999,0.00006296,0.00006644,0.00006285,0.00006392,2679447.00000000
1539918000,1539921599,0.00006407,0.00006593,0.00006332,0.00006340,1641043.00000000
1539921600,1539925199,0.00006345,0.00006345,0.00006061,0.00006160,2932877.00000000
1539925200,1539928799,0.00006145,0.00006175,0.00005890,0.00005979,2935865.00000000
1539939600,1539943199,0.00005954,0.00005992,0.00005845,0.00005866,1237340.00000000
1539943200,1539946799,0.00005870,0.00005954,0.00005826,0.00005904,745217.00000000
1539946800,1539950399,0.00005902,0.00005949,0.00005812,0.00005848,1012988.00000000
1539950400,1539953999,0.00005850,0.00005850,0.00005647,0.00005660,3316624.00000000
1539954000,1539957599,0.00005691,0.00005757,0.00005630,0.00005684,1479480.00000000
1539957600,1539961199,0.00005665,0.00005718,0.00005612,0.00005676,1165088.00000000
1539961200,1539964799,0.00005654,0.00005742,0.00005622,0.00005654,2040521.00000000
1539964800,1539968399,0.00005662,0.00005742,0.00005633,0.00005741,1449422.00000000
1539968400,1539971999,0.00005736,0.00005900,0.00005709,0.00005840,4592336.00000000
1539972000,1539975599,0.00005839,0.00005898,0.00005706,0.00005721,1163787.00000000
1539975600,1539979199,0.00005721,0.00005796,0.00005697,0.00005749,1122443.00000000
1539979200,1539982799,0.00005730,0.00005883,0.00005707,0.00005802,1451165.00000000
1539982800,1539986399,0.00005813,0.00005842,0.00005779,0.00005832,218196.00000000
1539986400,1539989999,0.00005818,0.00005835,0.00005775,0.00005804,413785.00000000
1539990000,1539993599,0.00005785,0.00005785,0.00005747,0.00005747,194484.00000000
1539993600,1539997199,0.00005759,0.00005847,0.00005759,0.00005847,275776.00000000
1539997200,1540000799,0.00005848,0.00005878,0.00005781,0.00005781,436778.00000000
1540000800,1540004399,0.00005797,0.00005847,0.00005774,0.00005847,351467.00000000
1540004400,1540007999,0.00005847,0.00005847,0.00005628,0.00005631,3437932.00000000
1540008000,1540011599,0.00005631,0.00005700,0.00005626,0.00005673,1315458.00000000
1540011600,1540015199,0.00005672,0.00005700,0.00005639,0.00005640,1099190.00000000
1540015200,1540018799,0.00005640,0.00005685,0.00005632,0.00005652,300937.00000000
1540018800,1540022399,0.00005642,0.00005653,0.00005552,0.00005587,1161553.00000000
1540022400,1540025999,0.00005568,0.00005600,0.00005550,0.00005600,383856.00000000
1540026000,1540029599,0.00005600,0.00005642,0.00005556,0.00005596,605283.00000000
1540029600,1540033199,0.00005593,0.00005642,0.00005493,0.00005503,1011190.00000000
1540033200,1540036799,0.00005513,0.00005600,0.00005510,0.00005529,790421.00000000
1540036800,1540040399,0.00005528,0.00005598,0.00005450,0.00005590,1899773.00000000
1540040400,1540043999,0.00005592,0.00005621,0.00005544,0.00005563,875370.00000000
1540044000,1540047599,0.00005557,0.00005595,0.00005522,0.00005556,194216.00000000
1540047600,1540051199,0.00005542,0.00005660,0.00005541,0.00005657,850185.00000000
1540051200,1540054799,0.00005660,0.00005664,0.00005582,0.00005585,247899.00000000
1540054800,1540058399,0.00005580,0.00005638,0.00005485,0.00005632,235851.00000000
1540058400,1540061999,0.00005631,0.00005650,0.00005590,0.00005633,424112.00000000
1540062000,1540065599,0.00005633,0.00005638,0.00005593,0.00005593,52554.00000000
1540065600,1540069199,0.00005610,0.00005615,0.00005583,0.00005595,74347.00000000
1540069200,1540072799,0.00005582,0.00005615,0.00005552,0.00005573,118850.00000000
1540072800,1540076399,0.00005570,0.00005585,0.00005550,0.00005585,273718.00000000
1540076400,1540079999,0.00005585,0.00005588,0.00005565,0.00005565,42679.00000000
1540080000,1540083599,0.00005577,0.00005589,0.00005556,0.00005574,206660.00000000
1540083600,1540087199,0.00005573,0.00005574,0.00005490,0.00005543,1717906.00000000
1540087200,1540090799,0.00005558,0.00005558,0.00005445,0.00005534,526602.00000000
1540090800,1540094399,0.00005511,0.00005535,0.00005510,0.00005535,63688.00000000
1540094400,1540097999,0.00005517,0.00005539,0.00005516,0.00005520,149050.00000000
1540098000,1540101599,0.00005520,0.00005538,0.00005509,0.00005510,161991.00000000
1540101600,1540105199,0.00005510,0.00005533,0.00005509,0.00005533,325872.00000000
1540105200,1540108799,0.00005515,0.00005557,0.00005510,0.00005557,341941.00000000
1540108800,1540112399,0.00005566,0.00005593,0.00005566,0.00005592,328394.00000000
1540112400,1540115999,0.00005593,0.00005595,0.00005569,0.00005584,268345.00000000
1540116000,1540119599,0.00005593,0.00005598,0.00005569,0.00005598,332424.00000000
1540119600,1540123199,0.00005598,0.00005618,0.00005548,0.00005614,309459.00000000
1540123200,1540126799,0.00005599,0.00005624,0.00005585,0.00005598,190107.00000000
1540126800,1540130399,0.00005598,0.00005755,0.00005577,0.00005668,1734444.00000000
1540130400,1540133999,0.00005706,0.00006089,0.00005675,0.00005943,5236329.00000000
1540134000,1540137599,0.00005980,0.00005980,0.00005828,0.00005958,1107934.00000000
1540137600,1540141199,0.00005958,0.00005968,0.00005867,0.00005896,477413.00000000
1540141200,1540144799,0.00005914,0.00005914,0.00005843,0.00005899,250881.00000000
1540144800,1540148399,0.00005899,0.00005900,0.00005831,0.00005860,406092.00000000
1540148400,1540151999,0.00005860,0.00005860,0.00005816,0.00005836,183119.00000000
1540152000,1540155599,0.00005855,0.00005988,0.00005855,0.00005914,568713.00000000
1540155600,1540159199,0.00005912,0.00005912,0.00005801,0.00005825,322317.00000000
1540159200,1540162799,0.00005831,0.00005831,0.00005768,0.00005785,120683.00000000
1540162800,1540166399,0.00005762,0.00005769,0.00005690,0.00005740,210131.00000000
1540166400,1540169999,0.00005743,0.00005800,0.00005692,0.00005701,160364.00000000
1540170000,1540173599,0.00005705,0.00005705,0.00005603,0.00005633,520151.00000000
1540173600,1540177199,0.00005643,0.00005700,0.00005627,0.00005668,148133.00000000
1540177200,1540180799,0.00005659,0.00005733,0.00005652,0.00005688,262006.00000000
1540180800,1540184399,0.00005696,0.00005789,0.00005642,0.00005779,325412.00000000
1540184400,1540187999,0.00005777,0.00005782,0.00005706,0.00005737,284064.00000000
1540188000,1540191599,0.00005727,0.00005727,0.00005592,0.00005670,472960.00000000
1540191600,1540195199,0.00005656,0.00005659,0.00005552,0.00005580,665638.00000000
1540195200,1540198799,0.00005599,0.00005599,0.00005532,0.00005567,433119.00000000
1540198800,1540202399,0.00005556,0.00005592,0.00005555,0.00005562,152263.00000000
1540202400,1540205999,0.00005565,0.00005622,0.00005489,0.00005588,641896.00000000
1540206000,1540209599,0.00005578,0.00005593,0.00005537,0.00005583,382990.00000000
1540209600,1540213199,0.00005580,0.00005620,0.00005579,0.00005584,369221.00000000
1540213200,1540216799,0.00005592,0.00005676,0.00005501,0.00005536,973426.00000000
1540216800,1540220399,0.00005542,0.00005553,0.00005495,0.00005539,488935.00000000
1540220400,1540223999,0.00005530,0.00005556,0.00005500,0.00005540,306090.00000000
1540224000,1540227599,0.00005554,0.00005605,0.00005500,0.00005602,1622698.00000000
1540227600,1540231199,0.00005599,0.00005617,0.00005567,0.00005582,100461.00000000
1540231200,1540234799,0.00005581,0.00005607,0.00005573,0.00005606,55515.00000000
1540234800,1540238399,0.00005590,0.00005606,0.00005575,0.00005606,73682.00000000
1540238400,1540241999,0.00005606,0.00005615,0.00005570,0.00005588,210036.00000000
1540242000,1540245599,0.00005570,0.00005617,0.00005570,0.00005601,132684.00000000
1540245600,1540249199,0.00005615,0.00005726,0.00005615,0.00005709,1708207.00000000
1540249200,1540252799,0.00005712,0.00005740,0.00005660,0.00005689,194661.00000000
1540252800,1540256399,0.00005689,0.00005733,0.00005680,0.00005695,285959.00000000
1540256400,1540259999,0.00005680,0.00005690,0.00005606,0.00005650,339119.00000000
1540260000,1540263599,0.00005659,0.00005685,0.00005632,0.00005685,170845.00000000
1540263600,1540267199,0.00005680,0.00005699,0.00005630,0.00005699,113020.00000000
1540267200,1540270799,0.00005701,0.00005800,0.00005676,0.00005779,1002010.00000000
1540270800,1540274399,0.00005779,0.00005800,0.00005699,0.00005758,921429.00000000
1540274400,1540277999,0.00005774,0.00005775,0.00005711,0.00005757,162003.00000000
1540278000,1540281599,0.00005757,0.00005897,0.00005757,0.00005838,724714.00000000
1540281600,1540285199,0.00005818,0.00005886,0.00005818,0.00005879,329978.00000000
1540285200,1540288799,0.00005885,0.00005885,0.00005748,0.00005759,529423.00000000
1540288800,1540292399,0.00005761,0.00005828,0.00005741,0.00005828,469304.00000000
1540292400,1540295999,0.00005828,0.00005921,0.00005795,0.00005921,442934.00000000
1540296000,1540299599,0.00005922,0.00006210,0.00005903,0.00006185,4884822.00000000
1540299600,1540303199,0.00006160,0.00006185,0.00006003,0.00006031,981703.00000000
1540303200,1540306799,0.00006031,0.00006175,0.00005994,0.00006109,666365.00000000
1540306800,1540310399,0.00006103,0.00006122,0.00005950,0.00005999,531422.00000000
1540310400,1540313999,0.00006004,0.00006096,0.00006004,0.00006092,432162.00000000
1540314000,1540317599,0.00006094,0.00006098,0.00006008,0.00006038,423821.00000000
1540317600,1540321199,0.00006038,0.00006087,0.00005980,0.00006081,392410.00000000
1540321200,1540324799,0.00006087,0.00006123,0.00005950,0.00005961,1356571.00000000
1540324800,1540328399,0.00005958,0.00006041,0.00005950,0.00006007,103528.00000000
1540328400,1540331999,0.00006006,0.00006120,0.00005900,0.00006071,657001.00000000
1540332000,1540335599,0.00006061,0.00006061,0.00005966,0.00005984,195698.00000000
1540335600,1540339199,0.00005984,0.00005984,0.00005941,0.00005953,79593.00000000
1540339200,1540342799,0.00005941,0.00005988,0.00005927,0.00005987,258936.00000000
1540342800,1540346399,0.00005987,0.00006040,0.00005987,0.00006015,72127.00000000
1540346400,1540349999,0.00005992,0.00006107,0.00005967,0.00006022,301180.00000000
1540350000,1540353599,0.00006024,0.00006024,0.00005951,0.00005994,315135.00000000
1540353600,1540357199,0.00005993,0.00006089,0.00005990,0.00006067,275791.00000000
1540357200,1540360799,0.00006068,0.00006123,0.00006028,0.00006029,105821.00000000
1540360800,1540364399,0.00006083,0.00006361,0.00006083,0.00006347,1293998.00000000
1540364400,1540367999,0.00006347,0.00006362,0.00006173,0.00006202,915164.00000000
1540368000,1540371599,0.00006219,0.00006222,0.00006083,0.00006198,214693.00000000
1540371600,1540375199,0.00006198,0.00006198,0.00006031,0.00006129,379318.00000000
1540375200,1540378799,0.00006122,0.00006132,0.00005912,0.00005984,931613.00000000
1540378800,1540382399,0.00005984,0.00006019,0.00005873,0.00005957,637767.00000000
1540382400,1540385999,0.00005957,0.00005990,0.00005896,0.00005958,202408.00000000
1540386000,1540389599,0.00005955,0.00005998,0.00005890,0.00005934,141458.00000000
1540389600,1540393199,0.00005934,0.00005942,0.00005877,0.00005883,158394.00000000
1540393200,1540396799,0.00005883,0.00006004,0.00005875,0.00005988,256408.00000000
1540396800,1540400399,0.00005970,0.00005985,0.00005932,0.00005953,102232.00000000
1540400400,1540403999,0.00005954,0.00006008,0.00005904,0.00005954,464905.00000000
1540404000,1540407599,0.00005904,0.00005966,0.00005904,0.00005904,52609.00000000
1540407600,1540411199,0.00005927,0.00005991,0.00005900,0.00005953,236369.00000000
1540411200,1540414799,0.00005916,0.00005942,0.00005910,0.00005939,56122.00000000
1540414800,1540418399,0.00005937,0.00005937,0.00005860,0.00005897,675839.00000000
1540418400,1540421999,0.00005897,0.00005911,0.00005857,0.00005911,129822.00000000
1540422000,1540425599,0.00005912,0.00005916,0.00005889,0.00005907,40717.00000000
1540425600,1540429199,0.00005907,0.00006092,0.00005886,0.00006051,1794118.00000000
1540429200,1540432799,0.00006083,0.00006099,0.00005926,0.00005951,235518.00000000
1540432800,1540436399,0.00005951,0.00005985,0.00005926,0.00005926,217501.00000000
1540436400,1540439999,0.00005927,0.00005956,0.00005915,0.00005956,90367.00000000
1540440000,1540443599,0.00005940,0.00005956,0.00005933,0.00005956,98918.00000000
1540443600,1540447199,0.00005942,0.00005951,0.00005895,0.00005930,248328.00000000
1540447200,1540450799,0.00005930,0.00005944,0.00005894,0.00005900,128219.00000000
1540450800,1540454399,0.00005930,0.00005938,0.00005905,0.00005938,61535.00000000
1540454400,1540457999,0.00005940,0.00006049,0.00005940,0.00005977,235481.00000000
1540458000,1540461599,0.00005980,0.00005982,0.00005878,0.00005911,391665.00000000
1540461600,1540465199,0.00005911,0.00005911,0.00005850,0.00005868,202912.00000000
1540465200,1540468799,0.00005865,0.00005866,0.00005804,0.00005831,958633.00000000
1540468800,1540472399,0.00005828,0.00005870,0.00005828,0.00005853,183438.00000000
1540472400,1540475999,0.00005853,0.00005853,0.00005804,0.00005805,134433.00000000
1540476000,1540479599,0.00005804,0.00005850,0.00005801,0.00005850,200254.00000000
1540479600,1540483199,0.00005810,0.00005832,0.00005730,0.00005761,1839886.00000000
1540483200,1540486799,0.00005765,0.00005789,0.00005730,0.00005762,193821.00000000
1540486800,1540490399,0.00005762,0.00005762,0.00005649,0.00005714,892140.00000000
1540490400,1540493999,0.00005730,0.00005774,0.00005703,0.00005767,151211.00000000
1540494000,1540497599,0.00005767,0.00005767,0.00005704,0.00005704,60138.00000000
1540497600,1540501199,0.00005702,0.00005740,0.00005702,0.00005736,104066.00000000
1540501200,1540504799,0.00005736,0.00005736,0.00005684,0.00005684,132204.00000000
1540504800,1540508399,0.00005698,0.00005698,0.00005634,0.00005659,408807.00000000
1540508400,1540511999,0.00005634,0.00005696,0.00005634,0.00005694,83468.00000000
1540512000,1540515599,0.00005682,0.00005696,0.00005626,0.00005667,226932.00000000
1540515600,1540519199,0.00005640,0.00005675,0.00005638,0.00005675,76763.00000000
1540519200,1540522799,0.00005673,0.00005677,0.00005639,0.00005677,150359.00000000
1540522800,1540526399,0.00005677,0.00005709,0.00005640,0.00005702,44557.00000000
1540526400,1540529999,0.00005701,0.00005747,0.00005700,0.00005747,124739.00000000
1540530000,1540533599,0.00005748,0.00005748,0.00005696,0.00005703,65884.00000000
1540533600,1540537199,0.00005686,0.00005701,0.00005660,0.00005691,135173.00000000
1540537200,1540540799,0.00005697,0.00005697,0.00005662,0.00005683,125763.00000000
1540540800,1540544399,0.00005685,0.00005716,0.00005642,0.00005642,162714.00000000
1540544400,1540547999,0.00005642,0.00005681,0.00005642,0.00005667,65650.00000000
1540548000,1540551599,0.00005661,0.00005712,0.00005661,0.00005696,91087.00000000
1540551600,1540555199,0.00005696,0.00005724,0.00005668,0.00005697,84311.00000000
1540555200,1540558799,0.00005723,0.00005798,0.00005710,0.00005768,524299.00000000
1540558800,1540562399,0.00005768,0.00005790,0.00005750,0.00005765,1308629.00000000
1540562400,1540565999,0.00005765,0.00005772,0.00005718,0.00005718,1255576.00000000
1540566000,1540569599,0.00005718,0.00005760,0.00005684,0.00005685,136989.00000000
1540569600,1540573199,0.00005685,0.00005710,0.00005685,0.00005703,5717.00000000
1540573200,1540576799,0.00005703,0.00005726,0.00005687,0.00005687,24508.00000000
1540576800,1540580399,0.00005687,0.00005827,0.00005687,0.00005730,356512.00000000
1540580400,1540583999,0.00005730,0.00005774,0.00005728,0.00005732,86272.00000000
1540584000,1540587599,0.00005755,0.00005884,0.00005730,0.00005778,817683.00000000
1540587600,1540591199,0.00005760,0.00005814,0.00005760,0.00005803,75638.00000000
1540591200,1540594799,0.00005828,0.00005828,0.00005779,0.00005779,38182.00000000
1540594800,1540598399,0.00005780,0.00005810,0.00005750,0.00005750,1299.00000000
1540598400,1540601999,0.00005764,0.00005774,0.00005728,0.00005740,77116.00000000
1540602000,1540605599,0.00005740,0.00005740,0.00005684,0.00005722,125236.00000000
1540605600,1540609199,0.00005722,0.00005725,0.00005704,0.00005704,8764.00000000
1540609200,1540612799,0.00005703,0.00005706,0.00005703,0.00005706,6.00000000
1540612800,1540616399,0.00005706,0.00005710,0.00005698,0.00005710,59292.00000000
1540616400,1540619999,0.00005712,0.00005712,0.00005692,0.00005694,50908.00000000
1540620000,1540623599,0.00005682,0.00005706,0.00005682,0.00005706,5944.00000000
1540623600,1540627199,0.00005682,0.00005682,0.00005673,0.00005675,25029.00000000
1540627200,1540630799,0.00005694,0.00005707,0.00005694,0.00005694,41852.00000000
1540630800,1540634399,0.00005710,0.00005719,0.00005686,0.00005686,37920.00000000
1540634400,1540637999,0.00005686,0.00005696,0.00005650,0.00005674,1688888.00000000
1540638000,1540641599,0.00005669,0.00005696,0.00005648,0.00005678,65478.00000000
1540641600,1540645199,0.00005678,0.00005696,0.00005650,0.00005696,95765.00000000
1540645200,1540648799,0.00005696,0.00005696,0.00005657,0.00005680,90665.00000000
1540648800,1540652399,0.00005656,0.00005674,0.00005581,0.00005635,1051170.00000000
1540652400,1540655999,0.00005671,0.00005671,0.00005593,0.00005617,287645.00000000
1540656000,1540659599,0.00005621,0.00005658,0.00005614,0.00005650,87413.00000000
1540659600,1540663199,0.00005662,0.00005669,0.00005655,0.00005655,8897.00000000
1540663200,1540666799,0.00005640,0.00005671,0.00005631,0.00005631,63731.00000000
1540666800,1540670399,0.00005639,0.00005640,0.00005544,0.00005566,279173.00000000
1540670400,1540673999,0.00005566,0.00005585,0.00005552,0.00005571,85848.00000000
1540674000,1540677599,0.00005602,0.00005638,0.00005527,0.00005616,291612.00000000
1540677600,1540681199,0.00005576,0.00005738,0.00005559,0.00005721,679240.00000000
1540681200,1540684799,0.00005746,0.00006000,0.00005684,0.00005716,2115358.00000000
1540684800,1540688399,0.00005732,0.00005898,0.00005732,0.00005819,284037.00000000
1540688400,1540691999,0.00005819,0.00005855,0.00005792,0.00005792,100593.00000000
1540692000,1540695599,0.00005783,0.00005854,0.00005620,0.00005820,922141.00000000
1540695600,1540699199,0.00005820,0.00005834,0.00005747,0.00005795,159978.00000000
1540699200,1540702799,0.00005798,0.00005819,0.00005788,0.00005792,147229.00000000
1540702800,1540706399,0.00005807,0.00005920,0.00005726,0.00005908,508836.00000000
1540706400,1540709999,0.00005914,0.00006250,0.00005886,0.00006129,2685071.00000000
1540710000,1540713599,0.00006108,0.00006113,0.00005984,0.00006013,1368068.00000000
1540713600,1540717199,0.00006013,0.00006057,0.00005943,0.00005960,803585.00000000
1540717200,1540720799,0.00006043,0.00006065,0.00006004,0.00006038,74325.00000000
1540720800,1540724399,0.00006024,0.00006036,0.00005962,0.00005979,330804.00000000
1540724400,1540727999,0.00006012,0.00006250,0.00005976,0.00006169,3128994.00000000
1540728000,1540731599,0.00006169,0.00006202,0.00006101,0.00006111,251944.00000000
1540731600,1540735199,0.00006124,0.00006149,0.00005890,0.00006000,1556933.00000000
1540735200,1540738799,0.00006032,0.00006425,0.00006007,0.00006329,6036436.00000000
1540738800,1540742399,0.00006341,0.00006621,0.00006192,0.00006430,4394822.00000000
1540742400,1540745999,0.00006393,0.00006416,0.00006215,0.00006318,1593292.00000000
1540746000,1540749599,0.00006326,0.00006444,0.00006187,0.00006244,1330897.00000000
1540749600,1540753199,0.00006225,0.00006324,0.00006222,0.00006266,1287963.00000000
1540753200,1540756799,0.00006291,0.00006569,0.00006199,0.00006412,3068529.00000000
1540756800,1540760399,0.00006432,0.00006550,0.00006334,0.00006446,1866263.00000000
1540760400,1540763999,0.00006446,0.00006478,0.00006327,0.00006369,517040.00000000
1540764000,1540767599,0.00006383,0.00006550,0.00006363,0.00006477,733454.00000000
1540767600,1540771199,0.00006466,0.00006550,0.00006300,0.00006390,1165198.00000000
1540771200,1540774799,0.00006396,0.00006443,0.00006313,0.00006417,1064950.00000000
1540774800,1540778399,0.00006432,0.00006860,0.00006420,0.00006680,4099579.00000000
1540778400,1540781999,0.00006695,0.00006738,0.00006543,0.00006638,781111.00000000
1540782000,1540785599,0.00006640,0.00006692,0.00006517,0.00006602,1618380.00000000
1540785600,1540789199,0.00006610,0.00007160,0.00006595,0.00006890,4545723.00000000
1540789200,1540792799,0.00006890,0.00007595,0.00006709,0.00006978,8619163.00000000
1540792800,1540796399,0.00006985,0.00007073,0.00006778,0.00007025,3437699.00000000
1540796400,1540799999,0.00007056,0.00007439,0.00006918,0.00006918,2115384.00000000
1540800000,1540803599,0.00006910,0.00006934,0.00006701,0.00006779,2513006.00000000
1540803600,1540807199,0.00006779,0.00006838,0.00006628,0.00006800,2435172.00000000
1540807200,1540810799,0.00006772,0.00006815,0.00006582,0.00006801,901034.00000000
1540810800,1540814399,0.00006798,0.00006798,0.00006241,0.00006354,5187866.00000000
1540814400,1540817999,0.00006354,0.00006471,0.00006175,0.00006358,2796484.00000000
1540818000,1540821599,0.00006388,0.00006517,0.00006366,0.00006459,1229266.00000000
1540821600,1540825199,0.00006485,0.00006770,0.00006429,0.00006611,1451656.00000000
1540825200,1540828799,0.00006614,0.00006667,0.00006353,0.00006425,746837.00000000
1540828800,1540832399,0.00006446,0.00006472,0.00006250,0.00006379,1423920.00000000
1540832400,1540835999,0.00006379,0.00006521,0.00006295,0.00006316,487526.00000000
1540836000,1540839599,0.00006411,0.00006436,0.00006295,0.00006341,204631.00000000
1540839600,1540843199,0.00006350,0.00006398,0.00006301,0.00006321,235212.00000000
1540843200,1540846799,0.00006325,0.00006344,0.00006271,0.00006299,299940.00000000
1540846800,1540850399,0.00006332,0.00006426,0.00006297,0.00006417,150701.00000000
1540850400,1540853999,0.00006423,0.00006500,0.00006323,0.00006421,365638.00000000
1540854000,1540857599,0.00006419,0.00006557,0.00006415,0.00006532,551221.00000000
1540857600,1540861199,0.00006532,0.00006559,0.00006459,0.00006512,137878.00000000
1540861200,1540864799,0.00006512,0.00006513,0.00006362,0.00006362,278764.00000000
1540864800,1540868399,0.00006362,0.00006455,0.00006323,0.00006446,231459.00000000
1540868400,1540871999,0.00006411,0.00006411,0.00006276,0.00006316,218916.00000000
1540872000,1540875599,0.00006317,0.00006491,0.00006317,0.00006380,253295.00000000
1540875600,1540879199,0.00006349,0.00006521,0.00006349,0.00006450,212357.00000000
1540879200,1540882799,0.00006401,0.00006416,0.00006344,0.00006384,72474.00000000
1540882800,1540886399,0.00006381,0.00006384,0.00006253,0.00006253,921467.00000000
1540886400,1540889999,0.00006253,0.00006287,0.00006154,0.00006196,1312602.00000000
1540890000,1540893599,0.00006196,0.00006236,0.00006153,0.00006180,285096.00000000
1540893600,1540897199,0.00006190,0.00006228,0.00006140,0.00006205,204714.00000000
1540897200,1540900799,0.00006186,0.00006218,0.00006118,0.00006123,310775.00000000
1540900800,1540904399,0.00006123,0.00006160,0.00006070,0.00006120,576913.00000000
1540904400,1540907999,0.00006120,0.00006230,0.00005904,0.00006203,2632851.00000000
1540908000,1540911599,0.00006196,0.00006249,0.00006130,0.00006239,810438.00000000
1540911600,1540915199,0.00006233,0.00006347,0.00006233,0.00006319,351614.00000000
1540915200,1540918799,0.00006320,0.00006324,0.00006218,0.00006236,155927.00000000
1540918800,1540922399,0.00006233,0.00006262,0.00006211,0.00006251,118854.00000000
1540922400,1540925999,0.00006251,0.00006310,0.00006126,0.00006209,419398.00000000
1540926000,1540929599,0.00006203,0.00006363,0.00006129,0.00006201,452063.00000000
1540929600,1540933199,0.00006197,0.00006222,0.00006168,0.00006168,93156.00000000
1540933200,1540936799,0.00006190,0.00006191,0.00006145,0.00006145,50693.00000000
1540936800,1540940399,0.00006183,0.00006183,0.00006135,0.00006178,76857.00000000
1540940400,1540943999,0.00006186,0.00006213,0.00006113,0.00006190,177110.00000000
1540944000,1540947599,0.00006193,0.00006193,0.00006125,0.00006193,122289.00000000
1540947600,1540951199,0.00006194,0.00006246,0.00006132,0.00006149,610932.00000000
1540951200,1540954799,0.00006149,0.00006167,0.00006100,0.00006132,422456.00000000
1540954800,1540958399,0.00006132,0.00006187,0.00006103,0.00006139,74179.00000000
1540958400,1540961999,0.00006110,0.00006168,0.00006100,0.00006165,121454.00000000
1540962000,1540965599,0.00006165,0.00006338,0.00006164,0.00006294,819295.00000000
1540965600,1540969199,0.00006294,0.00006390,0.00006278,0.00006338,238723.00000000
1540969200,1540972799,0.00006338,0.00006646,0.00006300,0.00006546,1785862.00000000
1540972800,1540976399,0.00006546,0.00006563,0.00006420,0.00006464,515153.00000000
1540976400,1540979999,0.00006422,0.00006437,0.00006338,0.00006413,379816.00000000
1540980000,1540983599,0.00006439,0.00006485,0.00006406,0.00006406,241640.00000000
1540983600,1540987199,0.00006406,0.00006513,0.00006336,0.00006430,245652.00000000
1540987200,1540990799,0.00006408,0.00006408,0.00006385,0.00006403,17735.00000000
1540990800,1540994399,0.00006400,0.00006628,0.00006381,0.00006497,579355.00000000
1540994400,1540997999,0.00006483,0.00006649,0.00006315,0.00006395,827161.00000000
1540998000,1541001599,0.00006394,0.00006534,0.00006302,0.00006510,925495.00000000
1541001600,1541005199,0.00006465,0.00006568,0.00006429,0.00006568,436660.00000000
1541005200,1541008799,0.00006544,0.00006568,0.00006488,0.00006522,307281.00000000
1541008800,1541012399,0.00006520,0.00006536,0.00006486,0.00006511,178135.00000000
1541012400,1541015999,0.00006500,0.00006527,0.00006463,0.00006475,212159.00000000
1541016000,1541019599,0.00006486,0.00006560,0.00006441,0.00006485,294416.00000000
1541019600,1541023199,0.00006507,0.00006537,0.00006480,0.00006509,51625.00000000
1541023200,1541026799,0.00006513,0.00006541,0.00006511,0.00006541,17825.00000000
1541026800,1541030399,0.00006526,0.00006526,0.00006480,0.00006511,140312.00000000
1541030400,1541033999,0.00006511,0.00006539,0.00006497,0.00006510,246581.00000000
1541034000,1541037599,0.00006510,0.00006510,0.00006450,0.00006450,278070.00000000
1541037600,1541041199,0.00006450,0.00006450,0.00006379,0.00006438,443348.00000000
1541041200,1541044799,0.00006438,0.00006438,0.00006365,0.00006369,136780.00000000
1541044800,1541048399,0.00006371,0.00006388,0.00006339,0.00006343,300472.00000000
1541048400,1541051999,0.00006355,0.00006397,0.00006343,0.00006397,167969.00000000
1541052000,1541055599,0.00006404,0.00006411,0.00006354,0.00006354,175645.00000000
1541055600,1541059199,0.00006376,0.00006414,0.00006376,0.00006389,43327.00000000
1541059200,1541062799,0.00006383,0.00006427,0.00006381,0.00006395,117983.00000000
1541062800,1541066399,0.00006381,0.00006382,0.00006345,0.00006345,308784.00000000
1541066400,1541069999,0.00006361,0.00006361,0.00006346,0.00006348,68849.00000000
1541070000,1541073599,0.00006361,0.00006389,0.00006357,0.00006357,24751.00000000
1541073600,1541077199,0.00006357,0.00006432,0.00006331,0.00006367,422543.00000000
1541077200,1541080799,0.00006371,0.00006371,0.00006280,0.00006288,492908.00000000
1541080800,1541084399,0.00006299,0.00006348,0.00006237,0.00006298,307346.00000000
1541084400,1541087999,0.00006287,0.00006303,0.00006238,0.00006288,67118.00000000
1541088000,1541091599,0.00006285,0.00006291,0.00006238,0.00006238,156937.00000000
1541091600,1541095199,0.00006239,0.00006305,0.00006200,0.00006293,470833.00000000
1541095200,1541098799,0.00006313,0.00006316,0.00006266,0.00006281,101514.00000000
1541098800,1541102399,0.00006257,0.00006280,0.00006257,0.00006280,5051.00000000
1541102400,1541105999,0.00006280,0.00006280,0.00006280,0.00006280,31091.00000000
1541106000,1541109599,0.00006265,0.00006303,0.00006215,0.00006215,136535.00000000
1541109600,1541113199,0.00006221,0.00006300,0.00006219,0.00006281,79204.00000000
1541113200,1541116799,0.00006277,0.00006284,0.00006270,0.00006270,7117.00000000
1541116800,1541120399,0.00006270,0.00006272,0.00006250,0.00006250,282762.00000000
1541120400,1541123999,0.00006250,0.00006289,0.00006250,0.00006289,129500.00000000
1541124000,1541127599,0.00006306,0.00006326,0.00006281,0.00006315,143489.00000000
1541127600,1541131199,0.00006315,0.00006420,0.00006303,0.00006387,619336.00000000
1541131200,1541134799,0.00006403,0.00006420,0.00006352,0.00006407,198168.00000000
1541134800,1541138399,0.00006405,0.00006468,0.00006364,0.00006413,253363.00000000
1541138400,1541141999,0.00006437,0.00006437,0.00006374,0.00006381,122431.00000000
1541142000,1541145599,0.00006376,0.00006391,0.00006316,0.00006373,179531.00000000
1541145600,1541149199,0.00006378,0.00006389,0.00006328,0.00006337,197152.00000000
1541149200,1541152799,0.00006337,0.00006372,0.00006296,0.00006348,294687.00000000
1541152800,1541156399,0.00006348,0.00006362,0.00006339,0.00006361,8992.00000000
1541156400,1541159999,0.00006345,0.00006362,0.00006334,0.00006334,280854.00000000
1541160000,1541163599,0.00006334,0.00006360,0.00006334,0.00006334,77783.00000000
1541163600,1541167199,0.00006344,0.00006352,0.00006334,0.00006349,100769.00000000
1541167200,1541170799,0.00006349,0.00006481,0.00006334,0.00006473,522356.00000000
1541170800,1541174399,0.00006473,0.00006480,0.00006379,0.00006444,355410.00000000
1541174400,1541177999,0.00006448,0.00006449,0.00006406,0.00006420,104949.00000000
1541178000,1541181599,0.00006449,0.00006475,0.00006358,0.00006358,158824.00000000
1541181600,1541185199,0.00006420,0.00006489,0.00006392,0.00006452,424210.00000000
1541185200,1541188799,0.00006464,0.00006486,0.00006388,0.00006417,221425.00000000
1541188800,1541192399,0.00006402,0.00006402,0.00006280,0.00006381,402579.00000000
1541192400,1541195999,0.00006353,0.00006397,0.00006326,0.00006360,162977.00000000
1541196000,1541199599,0.00006357,0.00006433,0.00006350,0.00006350,127018.00000000
1541199600,1541203199,0.00006365,0.00006365,0.00006343,0.00006364,25752.00000000
1541203200,1541206799,0.00006356,0.00006365,0.00006314,0.00006362,107596.00000000
1541206800,1541210399,0.00006359,0.00006369,0.00006359,0.00006367,27033.00000000
1541210400,1541213999,0.00006366,0.00006366,0.00006324,0.00006339,134296.00000000
1541214000,1541217599,0.00006339,0.00006344,0.00006309,0.00006309,285505.00000000
1541217600,1541221199,0.00006309,0.00006326,0.00006280,0.00006321,244718.00000000
1541221200,1541224799,0.00006314,0.00006314,0.00006314,0.00006314,77397.00000000
1541224800,1541228399,0.00006321,0.00006396,0.00006321,0.00006363,240488.00000000
1541228400,1541231999,0.00006344,0.00006447,0.00006337,0.00006399,151844.00000000
1541232000,1541235599,0.00006398,0.00006668,0.00006398,0.00006568,1681185.00000000
1541235600,1541239199,0.00006549,0.00006578,0.00006465,0.00006565,430969.00000000
1541239200,1541242799,0.00006554,0.00006990,0.00006527,0.00006813,2623458.00000000
1541242800,1541246399,0.00006820,0.00006929,0.00006673,0.00006878,1584490.00000000
1541246400,1541249999,0.00006878,0.00006899,0.00006740,0.00006841,506933.00000000
1541250000,1541253599,0.00006841,0.00006841,0.00006576,0.00006598,816954.00000000
1541253600,1541257199,0.00006630,0.00006644,0.00006577,0.00006590,263387.00000000
1541257200,1541260799,0.00006614,0.00006730,0.00006576,0.00006658,302060.00000000
1541260800,1541264399,0.00006654,0.00006707,0.00006577,0.00006631,208192.00000000
1541264400,1541267999,0.00006633,0.00006698,0.00006633,0.00006660,93485.00000000
1541268000,1541271599,0.00006665,0.00006741,0.00006665,0.00006681,156567.00000000
1541271600,1541275199,0.00006687,0.00006705,0.00006648,0.00006661,108668.00000000
1541275200,1541278799,0.00006664,0.00006731,0.00006664,0.00006702,133919.00000000
1541278800,1541282399,0.00006702,0.00007136,0.00006635,0.00007009,2510309.00000000
1541282400,1541285999,0.00006995,0.00007074,0.00006721,0.00006732,1280233.00000000
1541286000,1541289599,0.00006779,0.00006864,0.00006749,0.00006831,284086.00000000
1541289600,1541293199,0.00006791,0.00006946,0.00006785,0.00006866,324169.00000000
1541293200,1541296799,0.00006866,0.00006901,0.00006820,0.00006884,103012.00000000
1541296800,1541300399,0.00006889,0.00006916,0.00006781,0.00006784,353556.00000000
1541300400,1541303999,0.00006784,0.00006873,0.00006708,0.00006780,182269.00000000
1541304000,1541307599,0.00006805,0.00006811,0.00006743,0.00006743,61661.00000000
1541307600,1541311199,0.00006743,0.00006772,0.00006680,0.00006710,272424.00000000
1541311200,1541314799,0.00006700,0.00006710,0.00006610,0.00006610,1415578.00000000
1541314800,1541318399,0.00006610,0.00006663,0.00006589,0.00006599,73786.00000000
1541318400,1541321999,0.00006594,0.00006622,0.00006500,0.00006537,574519.00000000
1541322000,1541325599,0.00006539,0.00006540,0.00006324,0.00006443,784107.00000000
1541325600,1541329199,0.00006409,0.00006487,0.00006367,0.00006445,601300.00000000
1541329200,1541332799,0.00006445,0.00006468,0.00006394,0.00006422,81374.00000000
1541332800,1541336399,0.00006467,0.00006509,0.00006400,0.00006507,197847.00000000
1541336400,1541339999,0.00006485,0.00006499,0.00006433,0.00006450,38087.00000000
1541340000,1541343599,0.00006464,0.00006493,0.00006395,0.00006397,91468.00000000
1541343600,1541347199,0.00006396,0.00006423,0.00006243,0.00006294,855011.00000000
1541347200,1541350799,0.00006276,0.00006325,0.00005911,0.00005991,3317320.00000000
1541350800,1541354399,0.00005991,0.00006090,0.00005965,0.00006080,742014.00000000
1541354400,1541357999,0.00006084,0.00006100,0.00005751,0.00005806,1591153.00000000
1541358000,1541361599,0.00005791,0.00005956,0.00005773,0.00005921,473622.00000000
1541361600,1541365199,0.00005923,0.00006000,0.00005896,0.00006000,269417.00000000
1541365200,1541368799,0.00005980,0.00006005,0.00005909,0.00005936,67300.00000000
1541368800,1541372399,0.00005922,0.00005955,0.00005858,0.00005950,270672.00000000
1541372400,1541375999,0.00005950,0.00005954,0.00005895,0.00005935,100047.00000000
1541376000,1541379599,0.00005934,0.00006006,0.00005893,0.00006003,110798.00000000
1541379600,1541383199,0.00005998,0.00006007,0.00005927,0.00006007,201257.00000000
1541383200,1541386799,0.00006000,0.00006000,0.00005741,0.00005805,1105933.00000000
1541386800,1541390399,0.00005805,0.00005884,0.00005737,0.00005785,308615.00000000
1541390400,1541393999,0.00005799,0.00005985,0.00005756,0.00005977,480302.00000000
1541394000,1541397599,0.00005945,0.00005999,0.00005896,0.00005999,219871.00000000
1541397600,1541401199,0.00005974,0.00006060,0.00005917,0.00005942,413817.00000000
1541401200,1541404799,0.00005942,0.00006026,0.00005854,0.00005896,240531.00000000
1541404800,1541408399,0.00005896,0.00006422,0.00005850,0.00005927,1255643.00000000
1541408400,1541411999,0.00005898,0.00005934,0.00005890,0.00005892,87331.00000000
1541412000,1541415599,0.00005894,0.00005951,0.00005879,0.00005946,109500.00000000
1541415600,1541419199,0.00005943,0.00005973,0.00005925,0.00005925,249973.00000000
1541419200,1541422799,0.00005923,0.00005988,0.00005901,0.00005977,165332.00000000
1541422800,1541426399,0.00005975,0.00005975,0.00005882,0.00005882,61033.00000000
1541426400,1541429999,0.00005882,0.00005914,0.00005736,0.00005793,357698.00000000
1541430000,1541433599,0.00005815,0.00005815,0.00005568,0.00005729,1478506.00000000
1541433600,1541437199,0.00005729,0.00005729,0.00005603,0.00005658,487703.00000000
1541437200,1541440799,0.00005666,0.00005729,0.00005663,0.00005724,84012.00000000
1541440800,1541444399,0.00005705,0.00005727,0.00005693,0.00005725,788931.00000000
1541444400,1541447999,0.00005723,0.00005746,0.00005700,0.00005746,147930.00000000
1541448000,1541451599,0.00005747,0.00005772,0.00005747,0.00005772,74150.00000000
1541451600,1541455199,0.00005767,0.00005770,0.00005747,0.00005754,178788.00000000
1541455200,1541458799,0.00005756,0.00005792,0.00005657,0.00005745,572785.00000000
1541458800,1541462399,0.00005775,0.00005775,0.00005695,0.00005757,11768.00000000
1541462400,1541465999,0.00005758,0.00005758,0.00005689,0.00005699,70103.00000000
1541466000,1541469599,0.00005720,0.00005747,0.00005686,0.00005700,166754.00000000
1541469600,1541473199,0.00005700,0.00005719,0.00005659,0.00005717,303326.00000000
1541473200,1541476799,0.00005693,0.00005715,0.00005657,0.00005699,48358.00000000
1541476800,1541480399,0.00005665,0.00005672,0.00005605,0.00005639,418357.00000000
1541480400,1541483999,0.00005639,0.00005641,0.00005372,0.00005495,2347148.00000000
1541484000,1541487599,0.00005495,0.00005524,0.00005430,0.00005448,550523.00000000
1541487600,1541491199,0.00005448,0.00005499,0.00005420,0.00005497,162026.00000000
1541491200,1541494799,0.00005493,0.00005509,0.00005401,0.00005497,258731.00000000
1541494800,1541498399,0.00005497,0.00005537,0.00005382,0.00005382,524160.00000000
1541498400,1541501999,0.00005380,0.00005491,0.00005371,0.00005457,212314.00000000
1541502000,1541505599,0.00005455,0.00005578,0.00005450,0.00005530,404819.00000000
1541505600,1541509199,0.00005542,0.00005597,0.00005482,0.00005540,455374.00000000
1541509200,1541512799,0.00005540,0.00005540,0.00005453,0.00005530,394768.00000000
1541512800,1541516399,0.00005500,0.00005514,0.00005456,0.00005460,118341.00000000
1541516400,1541519999,0.00005468,0.00005468,0.00005407,0.00005410,190606.00000000
1541520000,1541523599,0.00005410,0.00005480,0.00005324,0.00005414,777962.00000000
1541523600,1541527199,0.00005425,0.00005480,0.00005367,0.00005480,94461.00000000
1541527200,1541530799,0.00005460,0.00005514,0.00005434,0.00005500,172365.00000000
1541530800,1541534399,0.00005516,0.00005573,0.00005442,0.00005553,337592.00000000
1541534400,1541537999,0.00005502,0.00005522,0.00005481,0.00005501,48814.00000000
1541538000,1541541599,0.00005503,0.00005523,0.00005471,0.00005473,140296.00000000
1541541600,1541545199,0.00005469,0.00005482,0.00005400,0.00005448,141052.00000000
1541545200,1541548799,0.00005442,0.00005490,0.00005438,0.00005490,74878.00000000
1541548800,1541552399,0.00005493,0.00005557,0.00005456,0.00005480,230396.00000000
1541552400,1541555999,0.00005483,0.00005514,0.00005479,0.00005479,48780.00000000
1541556000,1541559599,0.00005483,0.00005501,0.00005479,0.00005498,227006.00000000
1541559600,1541563199,0.00005553,0.00005620,0.00005524,0.00005620,223760.00000000
1541563200,1541566799,0.00005596,0.00005668,0.00005563,0.00005618,473000.00000000
1541566800,1541570399,0.00005581,0.00005705,0.00005581,0.00005634,191164.00000000
1541570400,1541573999,0.00005640,0.00005800,0.00005640,0.00005747,512250.00000000
1541574000,1541577599,0.00005707,0.00005798,0.00005600,0.00005623,225074.00000000
1541577600,1541581199,0.00005600,0.00005600,0.00005481,0.00005483,572706.00000000
1541581200,1541584799,0.00005536,0.00005566,0.00005509,0.00005556,16420.00000000
1541584800,1541588399,0.00005521,0.00005559,0.00005346,0.00005481,699942.00000000
1541588400,1541591999,0.00005492,0.00005492,0.00005434,0.00005471,111255.00000000
1541592000,1541595599,0.00005476,0.00005503,0.00005462,0.00005466,161293.00000000
1541595600,1541599199,0.00005466,0.00005493,0.00005450,0.00005459,62666.00000000
1541599200,1541602799,0.00005459,0.00005509,0.00005459,0.00005495,642493.00000000
1541602800,1541606399,0.00005489,0.00005514,0.00005429,0.00005500,271464.00000000
1541606400,1541609999,0.00005500,0.00005514,0.00005448,0.00005453,290188.00000000
1541610000,1541613599,0.00005435,0.00005486,0.00005418,0.00005443,428098.00000000
1541613600,1541617199,0.00005460,0.00005531,0.00005460,0.00005524,135697.00000000
1541617200,1541620799,0.00005524,0.00005537,0.00005500,0.00005531,96077.00000000
1541620800,1541624399,0.00005531,0.00005582,0.00005528,0.00005531,288565.00000000
1541624400,1541627999,0.00005510,0.00005539,0.00005468,0.00005500,133405.00000000
1541628000,1541631599,0.00005500,0.00005519,0.00005488,0.00005490,28791.00000000
1541631600,1541635199,0.00005495,0.00005517,0.00005470,0.00005517,90899.00000000
1541635200,1541638799,0.00005505,0.00005505,0.00005450,0.00005473,173333.00000000
1541638800,1541642399,0.00005481,0.00005559,0.00005478,0.00005559,190156.00000000
1541642400,1541645999,0.00005545,0.00005567,0.00005500,0.00005555,227607.00000000
1541646000,1541649599,0.00005552,0.00005557,0.00005462,0.00005556,123957.00000000
1541649600,1541653199,0.00005537,0.00005571,0.00005480,0.00005571,144674.00000000
1541653200,1541656799,0.00005571,0.00005571,0.00005508,0.00005558,45311.00000000
1541656800,1541660399,0.00005549,0.00005549,0.00005512,0.00005524,71439.00000000
1541660400,1541663999,0.00005549,0.00005586,0.00005540,0.00005540,32696.00000000
1541664000,1541667599,0.00005541,0.00005573,0.00005535,0.00005572,98526.00000000
1541667600,1541671199,0.00005558,0.00005558,0.00005519,0.00005519,13951.00000000
1541671200,1541674799,0.00005520,0.00005611,0.00005497,0.00005532,71525.00000000
1541674800,1541678399,0.00005532,0.00005548,0.00005518,0.00005548,75292.00000000
1541678400,1541681999,0.00005565,0.00005565,0.00005540,0.00005561,36103.00000000
1541682000,1541685599,0.00005565,0.00005565,0.00005536,0.00005536,20859.00000000
1541685600,1541689199,0.00005536,0.00005671,0.00005536,0.00005671,176340.00000000
1541689200,1541692799,0.00005671,0.00005779,0.00005633,0.00005769,911565.00000000
1541692800,1541696399,0.00005741,0.00005749,0.00005667,0.00005727,435047.00000000
1541696400,1541699999,0.00005690,0.00005745,0.00005658,0.00005689,120799.00000000
1541700000,1541703599,0.00005671,0.00005772,0.00005670,0.00005699,468316.00000000
1541703600,1541707199,0.00005671,0.00005696,0.00005632,0.00005660,116574.00000000
1541707200,1541710799,0.00005666,0.00005710,0.00005632,0.00005656,48744.00000000
1541710800,1541714399,0.00005680,0.00005680,0.00005623,0.00005658,35186.00000000
1541714400,1541717999,0.00005647,0.00005688,0.00005645,0.00005665,172732.00000000
1541718000,1541721599,0.00005665,0.00005713,0.00005645,0.00005713,93399.00000000
1541721600,1541725199,0.00005693,0.00005693,0.00005653,0.00005685,151003.00000000
1541725200,1541728799,0.00005654,0.00005690,0.00005654,0.00005686,91002.00000000
1541728800,1541732399,0.00005678,0.00005691,0.00005672,0.00005691,185392.00000000
1541732400,1541735999,0.00005680,0.00005680,0.00005581,0.00005609,302521.00000000
1541736000,1541739599,0.00005630,0.00005634,0.00005574,0.00005574,236465.00000000
1541739600,1541743199,0.00005574,0.00005579,0.00005500,0.00005577,239945.00000000
1541743200,1541746799,0.00005543,0.00005579,0.00005543,0.00005550,24532.00000000
1541746800,1541750399,0.00005574,0.00005605,0.00005574,0.00005600,50979.00000000
1541750400,1541753999,0.00005605,0.00005621,0.00005596,0.00005607,88654.00000000
1541754000,1541757599,0.00005585,0.00005621,0.00005534,0.00005534,44405.00000000
1541757600,1541761199,0.00005563,0.00005563,0.00005526,0.00005528,75105.00000000
1541761200,1541764799,0.00005524,0.00005553,0.00005524,0.00005550,23416.00000000
1541764800,1541768399,0.00005518,0.00005565,0.00005500,0.00005528,67124.00000000
1541768400,1541771999,0.00005532,0.00005541,0.00005443,0.00005455,394192.00000000
1541772000,1541775599,0.00005473,0.00005518,0.00005368,0.00005490,248766.00000000
1541775600,1541779199,0.00005505,0.00005511,0.00005448,0.00005511,59073.00000000
1541779200,1541782799,0.00005510,0.00005518,0.00005498,0.00005518,71879.00000000
1541782800,1541786399,0.00005518,0.00005518,0.00005498,0.00005502,57306.00000000
1541786400,1541789999,0.00005504,0.00005510,0.00005502,0.00005502,176323.00000000
1541790000,1541793599,0.00005510,0.00005531,0.00005510,0.00005531,31396.00000000
1541793600,1541797199,0.00005525,0.00005525,0.00005516,0.00005524,17558.00000000
1541797200,1541800799,0.00005530,0.00005542,0.00005455,0.00005465,101694.00000000
1541800800,1541804399,0.00005475,0.00005513,0.00005451,0.00005513,33372.00000000
1541804400,1541807999,0.00005486,0.00005510,0.00005485,0.00005510,4028.00000000
1541808000,1541811599,0.00005487,0.00005510,0.00005485,0.00005510,17290.00000000
1541811600,1541815199,0.00005514,0.00005520,0.00005491,0.00005491,22323.00000000
1541815200,1541818799,0.00005498,0.00005536,0.00005491,0.00005536,58085.00000000
1541818800,1541822399,0.00005503,0.00005511,0.00005442,0.00005507,83665.00000000
1541822400,1541825999,0.00005510,0.00005527,0.00005467,0.00005503,76836.00000000
1541826000,1541829599,0.00005485,0.00005510,0.00005485,0.00005500,99688.00000000
1541829600,1541833199,0.00005500,0.00005500,0.00005500,0.00005500,71025.00000000
1541833200,1541836799,0.00005506,0.00005531,0.00005506,0.00005526,17244.00000000
1541836800,1541840399,0.00005525,0.00005525,0.00005500,0.00005523,76704.00000000
1541840400,1541843999,0.00005501,0.00005501,0.00005458,0.00005500,52523.00000000
1541844000,1541847599,0.00005491,0.00005537,0.00005491,0.00005537,14609.00000000
1541847600,1541851199,0.00005531,0.00005544,0.00005531,0.00005544,4020.00000000
1541851200,1541854799,0.00005516,0.00005516,0.00005468,0.00005473,24932.00000000
1541854800,1541858399,0.00005487,0.00005495,0.00005465,0.00005495,80194.00000000
1541858400,1541861999,0.00005493,0.00005522,0.00005488,0.00005522,99665.00000000
1541862000,1541865599,0.00005522,0.00005665,0.00005522,0.00005554,847870.00000000
1541865600,1541869199,0.00005554,0.00005664,0.00005523,0.00005602,155675.00000000
1541869200,1541872799,0.00005618,0.00005770,0.00005596,0.00005657,846455.00000000
1541872800,1541876399,0.00005690,0.00005713,0.00005623,0.00005694,168541.00000000
1541876400,1541879999,0.00005694,0.00005694,0.00005615,0.00005625,163754.00000000
1541880000,1541883599,0.00005640,0.00005645,0.00005640,0.00005645,28442.00000000
1541883600,1541887199,0.00005645,0.00005663,0.00005620,0.00005633,53836.00000000
1541887200,1541890799,0.00005640,0.00005655,0.00005640,0.00005655,3170.00000000
1541890800,1541894399,0.00005674,0.00005685,0.00005642,0.00005646,124372.00000000
1541894400,1541897999,0.00005646,0.00005696,0.00005639,0.00005671,74249.00000000
1541898000,1541901599,0.00005671,0.00005671,0.00005654,0.00005655,67792.00000000
1541901600,1541905199,0.00005681,0.00005682,0.00005638,0.00005671,124522.00000000
1541905200,1541908799,0.00005671,0.00005671,0.00005589,0.00005606,233413.00000000
1541908800,1541912399,0.00005606,0.00005606,0.00005590,0.00005592,4683.00000000
1541912400,1541915999,0.00005594,0.00005607,0.00005581,0.00005581,3262.00000000
1541916000,1541919599,0.00005583,0.00005686,0.00005580,0.00005660,152339.00000000
1541919600,1541923199,0.00005660,0.00005689,0.00005659,0.00005679,75130.00000000
1541923200,1541926799,0.00005679,0.00005699,0.00005640,0.00005671,55967.00000000
1541926800,1541930399,0.00005671,0.00005671,0.00005606,0.00005629,37939.00000000
1541930400,1541933999,0.00005629,0.00005719,0.00005617,0.00005709,77465.00000000
1541934000,1541937599,0.00005721,0.00005729,0.00005678,0.00005700,62028.00000000
1541937600,1541941199,0.00005700,0.00005727,0.00005680,0.00005680,215989.00000000
1541941200,1541944799,0.00005680,0.00005692,0.00005676,0.00005677,70683.00000000
1541944800,1541948399,0.00005680,0.00005702,0.00005551,0.00005687,239819.00000000
1541948400,1541951999,0.00005687,0.00005708,0.00005602,0.00005636,111195.00000000
1541952000,1541955599,0.00005615,0.00005686,0.00005601,0.00005627,218327.00000000
1541955600,1541959199,0.00005635,0.00005650,0.00005598,0.00005627,312013.00000000
1541959200,1541962799,0.00005634,0.00005660,0.00005622,0.00005625,85886.00000000
1541962800,1541966399,0.00005611,0.00005657,0.00005601,0.00005657,34872.00000000
1541966400,1541969999,0.00005659,0.00005669,0.00005634,0.00005638,32142.00000000
1541970000,1541973599,0.00005631,0.00005670,0.00005631,0.00005667,41853.00000000
1541973600,1541977199,0.00005643,0.00005684,0.00005643,0.00005684,22839.00000000
1541977200,1541980799,0.00005677,0.00005678,0.00005598,0.00005635,67892.00000000
1541980800,1541984399,0.00005605,0.00005628,0.00005581,0.00005622,38451.00000000
1541984400,1541987999,0.00005603,0.00005687,0.00005587,0.00005663,128557.00000000
1541988000,1541991599,0.00005647,0.00005656,0.00005622,0.00005622,58460.00000000
1541991600,1541995199,0.00005654,0.00005683,0.00005654,0.00005682,18590.00000000
1541995200,1541998799,0.00005682,0.00005814,0.00005682,0.00005770,504253.00000000
1541998800,1542002399,0.00005755,0.00005755,0.00005626,0.00005727,199516.00000000
1542002400,1542005999,0.00005718,0.00005771,0.00005709,0.00005709,38139.00000000
1542006000,1542009599,0.00005681,0.00005747,0.00005672,0.00005692,358028.00000000
1542009600,1542013199,0.00005702,0.00005729,0.00005665,0.00005672,166116.00000000
1542013200,1542016799,0.00005666,0.00005666,0.00005644,0.00005644,31123.00000000
1542016800,1542020399,0.00005634,0.00005658,0.00005620,0.00005651,69473.00000000
1542020400,1542023999,0.00005660,0.00005696,0.00005660,0.00005661,137637.00000000
1542024000,1542027599,0.00005650,0.00005704,0.00005620,0.00005640,106543.00000000
1542027600,1542031199,0.00005664,0.00005664,0.00005554,0.00005605,568648.00000000
1542031200,1542034799,0.00005615,0.00005650,0.00005606,0.00005650,112261.00000000
1542034800,1542038399,0.00005650,0.00005680,0.00005593,0.00005656,140450.00000000
1542038400,1542041999,0.00005656,0.00005686,0.00005646,0.00005686,39533.00000000
1542042000,1542045599,0.00005676,0.00005697,0.00005657,0.00005697,49791.00000000
1542045600,1542049199,0.00005687,0.00005687,0.00005647,0.00005647,10379.00000000
1542049200,1542052799,0.00005670,0.00005697,0.00005670,0.00005690,88850.00000000
1542052800,1542056399,0.00005682,0.00005790,0.00005682,0.00005759,314900.00000000
1542056400,1542059999,0.00005756,0.00005807,0.00005733,0.00005764,75237.00000000
1542060000,1542063599,0.00005762,0.00005807,0.00005736,0.00005805,32551.00000000
1542063600,1542067199,0.00005802,0.00005858,0.00005769,0.00005787,300901.00000000
1542067200,1542070799,0.00005785,0.00005967,0.00005785,0.00005910,930817.00000000
1542070800,1542074399,0.00005889,0.00005980,0.00005889,0.00005900,202675.00000000
1542074400,1542077999,0.00005900,0.00005973,0.00005831,0.00005882,1484239.00000000
1542078000,1542081599,0.00005883,0.00005949,0.00005814,0.00005860,1409436.00000000
1542081600,1542085199,0.00005829,0.00005868,0.00005825,0.00005868,181449.00000000
1542085200,1542088799,0.00005866,0.00005952,0.00005844,0.00005903,235570.00000000
1542088800,1542092399,0.00005895,0.00006020,0.00005861,0.00006020,928884.00000000
1542092400,1542095999,0.00006002,0.00006229,0.00006000,0.00006051,1740973.00000000
1542096000,1542099599,0.00006052,0.00006183,0.00006002,0.00006183,367644.00000000
1542099600,1542103199,0.00006172,0.00006197,0.00006064,0.00006131,297815.00000000
1542103200,1542106799,0.00006115,0.00006138,0.00006001,0.00006036,211217.00000000
1542106800,1542110399,0.00006036,0.00006036,0.00005939,0.00005980,377470.00000000
1542110400,1542113999,0.00005980,0.00006062,0.00005980,0.00006001,213892.00000000
1542114000,1542117599,0.00005989,0.00006046,0.00005905,0.00005933,618038.00000000
1542117600,1542121199,0.00005928,0.00005982,0.00005920,0.00005923,93490.00000000
1542121200,1542124799,0.00005924,0.00005954,0.00005904,0.00005927,238367.00000000
1542124800,1542128399,0.00005930,0.00005982,0.00005904,0.00005936,232352.00000000
1542128400,1542131999,0.00005907,0.00005941,0.00005889,0.00005912,103987.00000000
1542132000,1542135599,0.00005944,0.00006040,0.00005893,0.00005943,212422.00000000
1542135600,1542139199,0.00005943,0.00005964,0.00005672,0.00005752,913057.00000000
1542139200,1542142799,0.00005752,0.00005833,0.00005752,0.00005833,124734.00000000
1542142800,1542146399,0.00005850,0.00005854,0.00005764,0.00005766,66370.00000000
1542146400,1542149999,0.00005766,0.00005794,0.00005750,0.00005750,172426.00000000
1542150000,1542153599,0.00005750,0.00005759,0.00005722,0.00005744,82626.00000000
1542153600,1542157199,0.00005725,0.00005867,0.00005635,0.00005650,626649.00000000
1542157200,1542160799,0.00005673,0.00005696,0.00005602,0.00005630,177830.00000000
1542186000,1542189599,0.00005631,0.00005786,0.00005631,0.00005697,458803.00000000
1542189600,1542193199,0.00005696,0.00005696,0.00005600,0.00005660,265041.00000000
1542193200,1542196799,0.00005665,0.00005665,0.00005526,0.00005583,600919.00000000
1542196800,1542200399,0.00005602,0.00005678,0.00005591,0.00005678,28088.00000000
1542200400,1542203999,0.00005649,0.00005649,0.00005617,0.00005641,105195.00000000
1542204000,1542207599,0.00005608,0.00005638,0.00005526,0.00005568,192217.00000000
1542207600,1542211199,0.00005568,0.00005575,0.00005271,0.00005465,2992476.00000000
1542211200,1542214799,0.00005426,0.00005535,0.00005150,0.00005150,1181660.00000000
1542214800,1542218399,0.00005150,0.00005364,0.00004926,0.00005339,1666545.00000000
1542218400,1542221999,0.00005305,0.00005390,0.00005233,0.00005330,1028340.00000000
1542222000,1542225599,0.00005342,0.00005356,0.00005135,0.00005250,618156.00000000
1542225600,1542229199,0.00005263,0.00005307,0.00005169,0.00005226,129318.00000000
1542229200,1542232799,0.00005219,0.00005403,0.00005194,0.00005330,433226.00000000
1542232800,1542236399,0.00005326,0.00005328,0.00005269,0.00005269,289131.00000000
1542236400,1542239999,0.00005269,0.00005374,0.00005222,0.00005293,370111.00000000
1542240000,1542243599,0.00005289,0.00005330,0.00005243,0.00005285,291151.00000000
1542243600,1542247199,0.00005273,0.00005341,0.00005255,0.00005333,291104.00000000
1542247200,1542250799,0.00005333,0.00005342,0.00005145,0.00005180,585122.00000000
1542250800,1542254399,0.00005195,0.00005235,0.00005195,0.00005214,62842.00000000
1542254400,1542257999,0.00005209,0.00005257,0.00005209,0.00005233,211664.00000000
1542258000,1542261599,0.00005227,0.00005254,0.00005165,0.00005208,126230.00000000
1542261600,1542265199,0.00005175,0.00005175,0.00005111,0.00005111,116191.00000000
1542265200,1542268799,0.00005150,0.00005186,0.00005111,0.00005186,63367.00000000
1542268800,1542272399,0.00005197,0.00005210,0.00005176,0.00005201,40830.00000000
1542272400,1542275999,0.00005178,0.00005248,0.00005149,0.00005153,84897.00000000
1542276000,1542279599,0.00005176,0.00005179,0.00004805,0.00005020,1586408.00000000
1542279600,1542283199,0.00004995,0.00005032,0.00004891,0.00004984,805827.00000000
1542283200,1542286799,0.00004983,0.00005017,0.00004893,0.00004962,226746.00000000
1542286800,1542290399,0.00004935,0.00004935,0.00004863,0.00004890,164626.00000000
1542290400,1542293999,0.00004890,0.00004928,0.00004755,0.00004755,1014290.00000000
1542294000,1542297599,0.00004755,0.00004920,0.00004755,0.00004912,829495.00000000
1542297600,1542301199,0.00004927,0.00004978,0.00004872,0.00004973,97999.00000000
1542301200,1542304799,0.00004914,0.00005024,0.00004903,0.00004909,75977.00000000
1542304800,1542308399,0.00004925,0.00004963,0.00004919,0.00004933,32515.00000000
1542308400,1542311999,0.00004928,0.00004967,0.00004928,0.00004967,32572.00000000
1542312000,1542315599,0.00004998,0.00005053,0.00004998,0.00005028,115938.00000000
1542315600,1542319199,0.00005025,0.00005051,0.00004998,0.00004998,28976.00000000
1542319200,1542322799,0.00005038,0.00005106,0.00005038,0.00005079,62821.00000000
1542322800,1542326399,0.00005101,0.00005101,0.00005051,0.00005079,31331.00000000
1542326400,1542329999,0.00005079,0.00005079,0.00005026,0.00005030,92496.00000000
1542330000,1542333599,0.00005049,0.00005170,0.00005009,0.00005021,251693.00000000
1542333600,1542337199,0.00005011,0.00005172,0.00005009,0.00005143,161368.00000000
1542337200,1542340799,0.00005144,0.00005246,0.00005066,0.00005189,385814.00000000
1542340800,1542344399,0.00005168,0.00005168,0.00005098,0.00005101,51786.00000000
1542344400,1542347999,0.00005101,0.00005239,0.00005100,0.00005164,113010.00000000
1542348000,1542351599,0.00005188,0.00005259,0.00005151,0.00005259,143495.00000000
1542351600,1542355199,0.00005253,0.00005288,0.00005120,0.00005120,227801.00000000
1542355200,1542358799,0.00005102,0.00005243,0.00004944,0.00005017,656679.00000000
1542358800,1542362399,0.00005010,0.00005065,0.00004913,0.00004996,504913.00000000
1542362400,1542365999,0.00005000,0.00005031,0.00004982,0.00005031,129390.00000000
1542366000,1542369599,0.00005033,0.00005052,0.00005020,0.00005020,75649.00000000
1542369600,1542373199,0.00005033,0.00005072,0.00005025,0.00005063,354714.00000000
1542373200,1542376799,0.00005093,0.00005093,0.00004974,0.00005006,210352.00000000
1542376800,1542380399,0.00005008,0.00005056,0.00005008,0.00005056,136581.00000000
1542380400,1542383999,0.00005056,0.00005072,0.00005052,0.00005056,56367.00000000
1542384000,1542387599,0.00005070,0.00005087,0.00005022,0.00005033,63028.00000000
1542387600,1542391199,0.00005033,0.00005059,0.00005033,0.00005059,21709.00000000
1542391200,1542394799,0.00005068,0.00005073,0.00005008,0.00005036,207500.00000000
1542394800,1542398399,0.00005036,0.00005039,0.00004997,0.00005012,36511.00000000
1542398400,1542401999,0.00005012,0.00005024,0.00005003,0.00005016,157712.00000000
1542402000,1542405599,0.00005001,0.00005023,0.00004984,0.00005005,101565.00000000
1542405600,1542409199,0.00004987,0.00005011,0.00004978,0.00005011,86766.00000000
1542409200,1542412799,0.00005037,0.00005111,0.00005037,0.00005086,425294.00000000
1542412800,1542416399,0.00005090,0.00005112,0.00005077,0.00005077,109844.00000000
1542416400,1542419999,0.00005052,0.00005052,0.00004983,0.00005019,158250.00000000
1542420000,1542423599,0.00005000,0.00005000,0.00004976,0.00004976,50045.00000000
1542423600,1542427199,0.00004963,0.00004963,0.00004934,0.00004941,793626.00000000
1542427200,1542430799,0.00004939,0.00004939,0.00004881,0.00004933,179662.00000000
1542430800,1542434399,0.00004941,0.00005037,0.00004933,0.00004933,1729457.00000000
1542434400,1542437999,0.00004933,0.00004962,0.00004933,0.00004957,26729.00000000
1542438000,1542441599,0.00004969,0.00004969,0.00004921,0.00004949,64978.00000000
1542441600,1542445199,0.00004946,0.00004948,0.00004900,0.00004918,120928.00000000
1542445200,1542448799,0.00004912,0.00004921,0.00004912,0.00004915,24407.00000000
1542448800,1542452399,0.00004919,0.00004938,0.00004901,0.00004901,32199.00000000
1542452400,1542455999,0.00004900,0.00004942,0.00004893,0.00004942,68860.00000000
1542456000,1542459599,0.00004957,0.00004957,0.00004938,0.00004941,5975.00000000
1542459600,1542463199,0.00004956,0.00004992,0.00004943,0.00004979,57173.00000000
1542463200,1542466799,0.00004958,0.00005017,0.00004958,0.00005014,84241.00000000
1542466800,1542470399,0.00004998,0.00005004,0.00004986,0.00004998,33313.00000000
1542470400,1542473999,0.00005022,0.00005039,0.00005022,0.00005039,14470.00000000
1542474000,1542477599,0.00005031,0.00005220,0.00005008,0.00005029,547157.00000000
1542477600,1542481199,0.00005029,0.00005029,0.00004948,0.00004960,127576.00000000
1542481200,1542484799,0.00004960,0.00004992,0.00004960,0.00004992,51363.00000000
1542484800,1542488399,0.00004997,0.00004998,0.00004996,0.00004996,4969.00000000
1542488400,1542491999,0.00004991,0.00004991,0.00004961,0.00004985,48185.00000000
1542492000,1542495599,0.00004969,0.00005030,0.00004964,0.00005009,233595.00000000
1542495600,1542499199,0.00005027,0.00005039,0.00005012,0.00005012,17916.00000000
1542499200,1542502799,0.00005012,0.00005041,0.00005011,0.00005022,28197.00000000
1542502800,1542506399,0.00005023,0.00005079,0.00005007,0.00005079,106663.00000000
1542506400,1542509999,0.00005079,0.00005165,0.00005070,0.00005137,255026.00000000
1542510000,1542513599,0.00005137,0.00005327,0.00005137,0.00005327,889036.00000000
1542513600,1542517199,0.00005295,0.00005368,0.00005203,0.00005224,342557.00000000
1542517200,1542520799,0.00005231,0.00005266,0.00005230,0.00005238,111606.00000000
1542520800,1542524399,0.00005264,0.00005310,0.00005247,0.00005247,29564.00000000
1542524400,1542527999,0.00005239,0.00005290,0.00005231,0.00005273,120995.00000000
1542528000,1542531599,0.00005242,0.00005257,0.00005210,0.00005210,18728.00000000
1542531600,1542535199,0.00005209,0.00005220,0.00005190,0.00005192,41714.00000000
1542535200,1542538799,0.00005191,0.00005207,0.00005186,0.00005186,85075.00000000
1542538800,1542542399,0.00005168,0.00005178,0.00005130,0.00005165,135351.00000000
1542542400,1542545999,0.00005162,0.00005182,0.00005118,0.00005182,92245.00000000
1542546000,1542549599,0.00005161,0.00005182,0.00005145,0.00005154,58575.00000000
1542549600,1542553199,0.00005124,0.00005155,0.00005118,0.00005155,30179.00000000
1542553200,1542556799,0.00005154,0.00005210,0.00005154,0.00005206,77124.00000000
1542556800,1542560399,0.00005206,0.00005210,0.00005084,0.00005145,271698.00000000
1542560400,1542563999,0.00005168,0.00005209,0.00005168,0.00005188,120973.00000000
1542564000,1542567599,0.00005170,0.00005215,0.00005124,0.00005160,96958.00000000
1542567600,1542571199,0.00005151,0.00005222,0.00005043,0.00005106,614764.00000000
1542571200,1542574799,0.00005127,0.00005173,0.00005118,0.00005138,204251.00000000
1542574800,1542578399,0.00005146,0.00005161,0.00005102,0.00005161,49932.00000000
1542578400,1542581999,0.00005153,0.00005156,0.00005153,0.00005156,895.00000000
1542582000,1542585599,0.00005179,0.00005179,0.00005136,0.00005143,106252.00000000
1542585600,1542589199,0.00005133,0.00005162,0.00005133,0.00005162,62000.00000000
1542589200,1542592799,0.00005165,0.00005165,0.00005006,0.00005070,407524.00000000
1542592800,1542596399,0.00005078,0.00005101,0.00005059,0.00005076,141072.00000000
1542596400,1542599999,0.00005092,0.00005092,0.00005049,0.00005087,105146.00000000
1542600000,1542603599,0.00005102,0.00005108,0.00005061,0.00005079,54486.00000000
1542603600,1542607199,0.00005075,0.00005075,0.00004809,0.00004951,1091079.00000000
1542607200,1542610799,0.00004970,0.00005062,0.00004894,0.00004970,465648.00000000
1542610800,1542614399,0.00004936,0.00005055,0.00004936,0.00005013,184975.00000000
1542614400,1542617999,0.00005019,0.00005050,0.00004916,0.00004946,485939.00000000
1542618000,1542621599,0.00004963,0.00005017,0.00004896,0.00004896,173855.00000000
1542621600,1542625199,0.00004875,0.00004935,0.00004842,0.00004870,470230.00000000
1542625200,1542628799,0.00004870,0.00004949,0.00004855,0.00004938,185227.00000000
1542628800,1542632399,0.00004949,0.00004970,0.00004829,0.00004863,297229.00000000
1542632400,1542635999,0.00004864,0.00004878,0.00004700,0.00004730,1077079.00000000
1542636000,1542639599,0.00004730,0.00004784,0.00004618,0.00004735,1086863.00000000
1542639600,1542643199,0.00004741,0.00004776,0.00004741,0.00004774,149088.00000000
1542643200,1542646799,0.00004740,0.00004798,0.00004651,0.00004732,393096.00000000
1542646800,1542650399,0.00004741,0.00004759,0.00004625,0.00004726,63880.00000000
1542650400,1542653999,0.00004727,0.00004733,0.00004556,0.00004559,415193.00000000
1542654000,1542657599,0.00004566,0.00004588,0.00004511,0.00004588,639296.00000000
1542657600,1542661199,0.00004595,0.00004680,0.00004595,0.00004618,152759.00000000
1542661200,1542664799,0.00004601,0.00004601,0.00004526,0.00004536,338286.00000000
1542664800,1542668399,0.00004569,0.00004672,0.00004556,0.00004612,162149.00000000
1542668400,1542671999,0.00004625,0.00004681,0.00004625,0.00004672,84078.00000000
1542672000,1542675599,0.00004662,0.00004710,0.00004648,0.00004697,62315.00000000
1542675600,1542679199,0.00004710,0.00004717,0.00004696,0.00004705,10315.00000000
1542679200,1542682799,0.00004664,0.00004777,0.00004663,0.00004714,216410.00000000
1542682800,1542686399,0.00004714,0.00004949,0.00004642,0.00004707,575572.00000000
1542686400,1542689999,0.00004707,0.00004707,0.00004661,0.00004661,212149.00000000
1542690000,1542693599,0.00004666,0.00004666,0.00004500,0.00004500,434789.00000000
1542693600,1542697199,0.00004523,0.00004607,0.00004411,0.00004443,850464.00000000
1542697200,1542700799,0.00004444,0.00004500,0.00004310,0.00004461,2401540.00000000
1542700800,1542704399,0.00004466,0.00004492,0.00004211,0.00004390,946546.00000000
1542704400,1542707999,0.00004407,0.00004586,0.00004407,0.00004503,345211.00000000
1542708000,1542711599,0.00004505,0.00004515,0.00004448,0.00004462,86715.00000000
1542711600,1542715199,0.00004444,0.00004444,0.00004400,0.00004419,154227.00000000
1542715200,1542718799,0.00004418,0.00004530,0.00004396,0.00004402,77627.00000000
1542718800,1542722399,0.00004446,0.00004531,0.00004380,0.00004485,193766.00000000
1542722400,1542725999,0.00004490,0.00004700,0.00004465,0.00004651,652718.00000000
1542726000,1542729599,0.00004631,0.00004757,0.00004596,0.00004748,417670.00000000
1542729600,1542733199,0.00004750,0.00004750,0.00004592,0.00004638,344303.00000000
1542733200,1542736799,0.00004600,0.00004610,0.00004479,0.00004479,275082.00000000
1542736800,1542740399,0.00004523,0.00004638,0.00004523,0.00004610,88479.00000000
1542740400,1542743999,0.00004610,0.00004668,0.00004505,0.00004584,192873.00000000
1542744000,1542747599,0.00004555,0.00004555,0.00004342,0.00004423,278202.00000000
1542747600,1542751199,0.00004423,0.00004547,0.00004423,0.00004463,86255.00000000
1542751200,1542754799,0.00004483,0.00004590,0.00004462,0.00004590,35738.00000000
1542754800,1542758399,0.00004557,0.00004633,0.00004528,0.00004587,122979.00000000
1542758400,1542761999,0.00004615,0.00004662,0.00004600,0.00004622,185044.00000000
1542762000,1542765599,0.00004639,0.00004651,0.00004471,0.00004550,239605.00000000
1542765600,1542769199,0.00004497,0.00004550,0.00004468,0.00004497,63232.00000000
1542769200,1542772799,0.00004541,0.00004604,0.00004516,0.00004590,110098.00000000
1542772800,1542776399,0.00004601,0.00004601,0.00004532,0.00004597,25488.00000000
1542776400,1542779999,0.00004604,0.00004686,0.00004599,0.00004644,242506.00000000
1542780000,1542783599,0.00004642,0.00004712,0.00004636,0.00004704,76028.00000000
1542783600,1542787199,0.00004704,0.00004724,0.00004609,0.00004707,264915.00000000
1542787200,1542790799,0.00004710,0.00004803,0.00004710,0.00004766,312823.00000000
1542790800,1542794399,0.00004768,0.00004768,0.00004690,0.00004692,114861.00000000
1542794400,1542797999,0.00004692,0.00004707,0.00004625,0.00004670,156218.00000000
1542798000,1542801599,0.00004670,0.00004745,0.00004670,0.00004700,258213.00000000
1542801600,1542805199,0.00004700,0.00004700,0.00004651,0.00004681,84204.00000000
1542805200,1542808799,0.00004638,0.00004691,0.00004619,0.00004647,380734.00000000
1542808800,1542812399,0.00004621,0.00004622,0.00004587,0.00004590,54468.00000000
1542812400,1542815999,0.00004631,0.00004690,0.00004626,0.00004669,87102.00000000
1542816000,1542819599,0.00004689,0.00004707,0.00004672,0.00004681,60290.00000000
1542819600,1542823199,0.00004681,0.00004719,0.00004595,0.00004629,124923.00000000
1542823200,1542826799,0.00004667,0.00004900,0.00004667,0.00004848,566009.00000000
1542826800,1542830399,0.00004804,0.00005008,0.00004741,0.00004896,538914.00000000
1542830400,1542833999,0.00004904,0.00005008,0.00004767,0.00004840,186633.00000000
1542834000,1542837599,0.00004827,0.00004900,0.00004742,0.00004889,313868.00000000
1542837600,1542841199,0.00004889,0.00004957,0.00004854,0.00004884,70792.00000000
1542841200,1542844799,0.00004884,0.00004906,0.00004815,0.00004892,106905.00000000
1542844800,1542848399,0.00004892,0.00004892,0.00004812,0.00004838,39905.00000000
1542848400,1542851999,0.00004837,0.00004838,0.00004837,0.00004838,12259.00000000
1542852000,1542855599,0.00004842,0.00004843,0.00004784,0.00004784,134308.00000000
1542855600,1542859199,0.00004814,0.00004819,0.00004802,0.00004819,11830.00000000
1542859200,1542862799,0.00004819,0.00004819,0.00004793,0.00004793,728.00000000
1542862800,1542866399,0.00004796,0.00004819,0.00004796,0.00004819,72402.00000000
1542866400,1542869999,0.00004805,0.00004822,0.00004783,0.00004822,10512.00000000
1542870000,1542873599,0.00004798,0.00004800,0.00004754,0.00004800,73704.00000000
1542873600,1542877199,0.00004828,0.00004950,0.00004828,0.00004910,154599.00000000
1542877200,1542880799,0.00004957,0.00005137,0.00004875,0.00004957,639158.00000000
1542880800,1542884399,0.00004956,0.00004985,0.00004952,0.00004952,18224.00000000
1542884400,1542887999,0.00004930,0.00004930,0.00004842,0.00004851,112146.00000000
1542888000,1542891599,0.00004841,0.00004863,0.00004784,0.00004851,191665.00000000
1542891600,1542895199,0.00004837,0.00004866,0.00004744,0.00004866,197964.00000000
1542895200,1542898799,0.00004847,0.00004961,0.00004795,0.00004840,90264.00000000
1542898800,1542902399,0.00004840,0.00005006,0.00004840,0.00004868,74613.00000000
1542902400,1542905999,0.00004862,0.00004862,0.00004857,0.00004857,2808.00000000
1542906000,1542909599,0.00004885,0.00004926,0.00004854,0.00004854,4368.00000000
1542909600,1542913199,0.00004858,0.00004858,0.00004817,0.00004831,124638.00000000
1542913200,1542916799,0.00004833,0.00004833,0.00004810,0.00004831,28347.00000000
1542916800,1542920399,0.00004831,0.00004838,0.00004831,0.00004838,6250.00000000
1542920400,1542923999,0.00004838,0.00004852,0.00004764,0.00004809,135157.00000000
1542924000,1542927599,0.00004818,0.00004846,0.00004764,0.00004803,15965.00000000
1542927600,1542931199,0.00004769,0.00004813,0.00004658,0.00004706,439207.00000000
1542931200,1542934799,0.00004708,0.00004842,0.00004708,0.00004842,71574.00000000
1542934800,1542938399,0.00004842,0.00004910,0.00004834,0.00004864,252901.00000000
1542938400,1542941999,0.00004866,0.00004875,0.00004815,0.00004844,531770.00000000
1542942000,1542945599,0.00004844,0.00004903,0.00004803,0.00004803,188775.00000000
1542945600,1542949199,0.00004803,0.00004810,0.00004754,0.00004808,116284.00000000
1542949200,1542952799,0.00004771,0.00004804,0.00004685,0.00004775,279368.00000000
1542952800,1542956399,0.00004790,0.00004866,0.00004790,0.00004866,89467.00000000
1542956400,1542959999,0.00004866,0.00004893,0.00004815,0.00004815,76419.00000000
1542960000,1542963599,0.00004805,0.00004834,0.00004738,0.00004825,178079.00000000
1542963600,1542967199,0.00004826,0.00004888,0.00004826,0.00004843,66531.00000000
1542967200,1542970799,0.00004843,0.00004843,0.00004843,0.00004843,0.00000000
1542970800,1542974399,0.00004858,0.00004878,0.00004830,0.00004830,50299.00000000
1542974400,1542977999,0.00004837,0.00004860,0.00004830,0.00004860,47777.00000000
1542978000,1542981599,0.00004860,0.00004888,0.00004813,0.00004853,505752.00000000
1542981600,1542985199,0.00004869,0.00004903,0.00004860,0.00004890,10767.00000000
1542985200,1542988799,0.00004849,0.00004952,0.00004849,0.00004927,47932.00000000
1542988800,1542992399,0.00004952,0.00004965,0.00004906,0.00004939,304795.00000000
1542992400,1542995999,0.00004958,0.00004958,0.00004868,0.00004868,53898.00000000
1542996000,1542999599,0.00004891,0.00004903,0.00004850,0.00004857,61948.00000000
1542999600,1543003199,0.00004857,0.00004859,0.00004827,0.00004859,58266.00000000
1543003200,1543006799,0.00004849,0.00004877,0.00004816,0.00004816,106433.00000000
1543006800,1543010399,0.00004816,0.00004858,0.00004783,0.00004854,83641.00000000
1543010400,1543013999,0.00004841,0.00004888,0.00004841,0.00004852,52167.00000000
1543014000,1543017599,0.00004834,0.00004882,0.00004795,0.00004856,139896.00000000
1543017600,1543021199,0.00004878,0.00004894,0.00004808,0.00004845,295795.00000000
1543021200,1543024799,0.00004864,0.00004909,0.00004864,0.00004892,100152.00000000
1543024800,1543028399,0.00004892,0.00004925,0.00004892,0.00004925,25003.00000000
1543028400,1543031999,0.00004925,0.00004929,0.00004889,0.00004889,30657.00000000
1543032000,1543035599,0.00004889,0.00004889,0.00004889,0.00004889,0.00000000
1543035600,1543039199,0.00004878,0.00004878,0.00004863,0.00004866,26341.00000000
1543039200,1543042799,0.00004861,0.00004861,0.00004861,0.00004861,4000.00000000
1543042800,1543046399,0.00004861,0.00004873,0.00004842,0.00004873,11975.00000000
1543046400,1543049999,0.00004873,0.00004930,0.00004873,0.00004930,80168.00000000
1543050000,1543053599,0.00004930,0.00004930,0.00004836,0.00004893,118086.00000000
1543053600,1543057199,0.00004893,0.00004909,0.00004893,0.00004908,4848.00000000
1543057200,1543060799,0.00004887,0.00004909,0.00004887,0.00004909,3199.00000000
1543060800,1543064399,0.00004909,0.00004909,0.00004907,0.00004908,7588.00000000
1543064400,1543067999,0.00004896,0.00004901,0.00004891,0.00004893,17939.00000000
1543068000,1543071599,0.00004889,0.00004889,0.00004872,0.00004872,17955.00000000
1543071600,1543075199,0.00004869,0.00004872,0.00004869,0.00004872,8387.00000000
1543075200,1543078799,0.00004889,0.00004891,0.00004860,0.00004891,200752.00000000
1543078800,1543082399,0.00004865,0.00004865,0.00004865,0.00004865,1227.00000000
1543082400,1543085999,0.00004865,0.00004900,0.00004865,0.00004865,35005.00000000
1543086000,1543089599,0.00004883,0.00004900,0.00004778,0.00004785,72140.00000000
1543089600,1543093199,0.00004825,0.00004850,0.00004778,0.00004800,84747.00000000
1543093200,1543096799,0.00004774,0.00004798,0.00004628,0.00004655,643225.00000000
1543096800,1543100399,0.00004648,0.00004711,0.00004550,0.00004574,305346.00000000
1543100400,1543103999,0.00004575,0.00004689,0.00004572,0.00004609,136509.00000000
1543104000,1543107599,0.00004632,0.00004689,0.00004548,0.00004573,68340.00000000
1543107600,1543111199,0.00004555,0.00004723,0.00004554,0.00004644,349998.00000000
1543111200,1543114799,0.00004648,0.00004680,0.00004631,0.00004680,43767.00000000
1543114800,1543118399,0.00004652,0.00004730,0.00004652,0.00004676,63530.00000000
1543118400,1543121999,0.00004680,0.00004730,0.00004638,0.00004639,447754.00000000
1543122000,1543125599,0.00004650,0.00004704,0.00004650,0.00004704,99103.00000000
1543125600,1543129199,0.00004694,0.00004694,0.00004671,0.00004672,106573.00000000
1543129200,1543132799,0.00004672,0.00004672,0.00004664,0.00004668,56076.00000000
1543132800,1543136399,0.00004661,0.00004698,0.00004601,0.00004630,97913.00000000
1543136400,1543139999,0.00004638,0.00004650,0.00004559,0.00004559,57866.00000000
1543140000,1543143599,0.00004583,0.00004697,0.00004310,0.00004395,1387667.00000000
1543143600,1543147199,0.00004395,0.00004531,0.00004282,0.00004518,540770.00000000
1543147200,1543150799,0.00004512,0.00004577,0.00004501,0.00004562,115823.00000000
1543150800,1543154399,0.00004562,0.00004581,0.00004545,0.00004572,157599.00000000
1543154400,1543157999,0.00004565,0.00004614,0.00004542,0.00004600,115893.00000000
1543158000,1543161599,0.00004571,0.00004582,0.00004485,0.00004582,48679.00000000
1543161600,1543165199,0.00004566,0.00004624,0.00004553,0.00004598,36533.00000000
1543165200,1543168799,0.00004570,0.00004590,0.00004522,0.00004578,48293.00000000
1543168800,1543172399,0.00004554,0.00004579,0.00004544,0.00004579,13581.00000000
1543172400,1543175999,0.00004565,0.00004565,0.00004484,0.00004515,101167.00000000
1543176000,1543179599,0.00004556,0.00004631,0.00004483,0.00004618,106314.00000000
1543179600,1543183199,0.00004585,0.00004665,0.00004494,0.00004660,77935.00000000
1543183200,1543186799,0.00004644,0.00004793,0.00004640,0.00004735,606632.00000000
1543186800,1543190399,0.00004731,0.00004777,0.00004537,0.00004706,409093.00000000
1543190400,1543193999,0.00004742,0.00004867,0.00004742,0.00004867,60153.00000000
1543194000,1543197599,0.00004847,0.00004866,0.00004746,0.00004746,56604.00000000
1543197600,1543201199,0.00004757,0.00004829,0.00004757,0.00004829,7239.00000000
1543201200,1543204799,0.00004819,0.00004831,0.00004780,0.00004831,11148.00000000
1543204800,1543208399,0.00004767,0.00004790,0.00004743,0.00004790,55503.00000000
1543208400,1543211999,0.00004827,0.00004850,0.00004827,0.00004850,19400.00000000
1543212000,1543215599,0.00004829,0.00004829,0.00004745,0.00004807,8982.00000000
1543215600,1543219199,0.00004806,0.00004925,0.00004775,0.00004847,102458.00000000
1543219200,1543222799,0.00004827,0.00004841,0.00004575,0.00004698,598895.00000000
1543222800,1543226399,0.00004709,0.00004759,0.00004685,0.00004699,76022.00000000
1543226400,1543229999,0.00004730,0.00004775,0.00004633,0.00004685,101075.00000000
1543230000,1543233599,0.00004675,0.00004675,0.00004654,0.00004654,7700.00000000
1543233600,1543237199,0.00004684,0.00004684,0.00004681,0.00004682,74769.00000000
1543237200,1543240799,0.00004688,0.00004690,0.00004590,0.00004590,97702.00000000
1543240800,1543244399,0.00004590,0.00004655,0.00004521,0.00004590,201975.00000000
1543244400,1543247999,0.00004590,0.00004730,0.00004525,0.00004730,80081.00000000
1543248000,1543251599,0.00004603,0.00004636,0.00004533,0.00004636,157818.00000000
1543251600,1543255199,0.00004643,0.00004763,0.00004603,0.00004699,75569.00000000
1543255200,1543258799,0.00004692,0.00004768,0.00004692,0.00004735,39055.00000000
1543258800,1543262399,0.00004736,0.00004900,0.00004721,0.00004822,305933.00000000
1543262400,1543265999,0.00004815,0.00005000,0.00004739,0.00004739,260994.00000000
1543266000,1543269599,0.00004757,0.00004823,0.00004753,0.00004777,21850.00000000
1543269600,1543273199,0.00004779,0.00004779,0.00004621,0.00004727,350760.00000000
1543273200,1543276799,0.00004725,0.00004736,0.00004687,0.00004704,99112.00000000
1543276800,1543280399,0.00004720,0.00004741,0.00004718,0.00004741,42587.00000000
1543280400,1543283999,0.00004732,0.00004797,0.00004732,0.00004747,63025.00000000
1543284000,1543287599,0.00004742,0.00004784,0.00004742,0.00004784,4707.00000000
1543287600,1543291199,0.00004775,0.00004857,0.00004735,0.00004831,190375.00000000
1543291200,1543294799,0.00004791,0.00004791,0.00004791,0.00004791,177414.00000000
1543294800,1543298399,0.00004791,0.00004791,0.00004734,0.00004753,119087.00000000
1543298400,1543301999,0.00004753,0.00004787,0.00004753,0.00004787,53129.00000000
1543302000,1543305599,0.00004769,0.00004800,0.00004690,0.00004698,118432.00000000
1543305600,1543309199,0.00004748,0.00004749,0.00004729,0.00004729,15297.00000000
1543309200,1543312799,0.00004729,0.00004754,0.00004690,0.00004754,116335.00000000
1543312800,1543316399,0.00004745,0.00004903,0.00004745,0.00004797,153306.00000000
1543316400,1543319999,0.00004814,0.00004848,0.00004813,0.00004827,35328.00000000
1543320000,1543323599,0.00004802,0.00004938,0.00004789,0.00004938,493797.00000000
1543323600,1543327199,0.00004939,0.00004955,0.00004740,0.00004818,217029.00000000
1543327200,1543330799,0.00004830,0.00004986,0.00004708,0.00004839,1287028.00000000
1543330800,1543334399,0.00004839,0.00005083,0.00004839,0.00005083,689871.00000000
1543334400,1543337999,0.00005079,0.00005187,0.00004959,0.00004980,759569.00000000
1543338000,1543341599,0.00004960,0.00004971,0.00004911,0.00004931,162310.00000000
1543341600,1543345199,0.00004917,0.00005186,0.00004911,0.00005106,1750318.00000000
1543345200,1543348799,0.00005137,0.00005167,0.00005061,0.00005095,176709.00000000
1543348800,1543352399,0.00005092,0.00005169,0.00004914,0.00005055,369250.00000000
1543352400,1543355999,0.00005011,0.00005011,0.00004881,0.00004881,151382.00000000
1543356000,1543359599,0.00004883,0.00004955,0.00004862,0.00004930,312999.00000000
1543359600,1543363199,0.00004930,0.00004968,0.00004902,0.00004936,148114.00000000
1543363200,1543366799,0.00004916,0.00005114,0.00004899,0.00005060,439645.00000000
1543366800,1543370399,0.00005060,0.00005142,0.00004952,0.00004990,98021.00000000
1543370400,1543373999,0.00004990,0.00005087,0.00004989,0.00005046,71029.00000000
1543374000,1543377599,0.00005065,0.00005136,0.00005061,0.00005136,119191.00000000
1543377600,1543381199,0.00005138,0.00005200,0.00005104,0.00005177,319257.00000000
1543381200,1543384799,0.00005215,0.00005216,0.00005098,0.00005100,96360.00000000
1543384800,1543388399,0.00005083,0.00005135,0.00004995,0.00005114,464464.00000000
1543388400,1543391999,0.00005085,0.00005158,0.00005079,0.00005158,56328.00000000
1543392000,1543395599,0.00005158,0.00005200,0.00005081,0.00005084,175111.00000000
1543395600,1543399199,0.00005107,0.00005115,0.00005038,0.00005115,89343.00000000
1543399200,1543402799,0.00005114,0.00005115,0.00005055,0.00005110,56088.00000000
1543402800,1543406399,0.00005108,0.00005210,0.00005106,0.00005189,140824.00000000
1543406400,1543409999,0.00005185,0.00005265,0.00005147,0.00005260,252025.00000000
1543410000,1543413599,0.00005205,0.00005357,0.00005185,0.00005319,457725.00000000
1543413600,1543417199,0.00005277,0.00005352,0.00005248,0.00005293,924615.00000000
1543417200,1543420799,0.00005248,0.00005248,0.00005120,0.00005231,364589.00000000
1543420800,1543424399,0.00005199,0.00005199,0.00005151,0.00005177,16494.00000000
1543424400,1543427999,0.00005177,0.00005255,0.00005171,0.00005255,226484.00000000
1543428000,1543431599,0.00005211,0.00005400,0.00005209,0.00005399,379470.00000000
1543431600,1543435199,0.00005359,0.00005500,0.00005258,0.00005266,541721.00000000
1543435200,1543438799,0.00005288,0.00005328,0.00005214,0.00005328,295899.00000000
1543438800,1543442399,0.00005316,0.00005327,0.00005151,0.00005151,134912.00000000
1543442400,1543445999,0.00005171,0.00005264,0.00005150,0.00005225,1159076.00000000
1543446000,1543449599,0.00005218,0.00005218,0.00005156,0.00005182,37527.00000000
1543449600,1543453199,0.00005182,0.00005354,0.00005182,0.00005253,263749.00000000
1543453200,1543456799,0.00005253,0.00005260,0.00005138,0.00005178,265894.00000000
1543456800,1543460399,0.00005163,0.00005174,0.00005066,0.00005119,635853.00000000
1543460400,1543463999,0.00005116,0.00005175,0.00005116,0.00005150,154105.00000000
1543464000,1543467599,0.00005176,0.00005213,0.00005176,0.00005213,115336.00000000
1543467600,1543471199,0.00005213,0.00005329,0.00005093,0.00005160,305001.00000000
1543471200,1543474799,0.00005169,0.00005269,0.00005169,0.00005253,161533.00000000
1543474800,1543478399,0.00005253,0.00005282,0.00005202,0.00005202,55539.00000000
1543478400,1543481999,0.00005198,0.00005219,0.00005174,0.00005175,46697.00000000
1543482000,1543485599,0.00005216,0.00005329,0.00005211,0.00005324,366085.00000000
1543485600,1543489199,0.00005331,0.00005400,0.00005287,0.00005390,315241.00000000
1543489200,1543492799,0.00005388,0.00005400,0.00005295,0.00005388,166907.00000000
1543492800,1543496399,0.00005376,0.00005451,0.00005334,0.00005445,354643.00000000
1543496400,1543499999,0.00005416,0.00005424,0.00005355,0.00005377,968766.00000000
1543500000,1543503599,0.00005370,0.00005577,0.00005360,0.00005405,733231.00000000
1543503600,1543507199,0.00005405,0.00005488,0.00005394,0.00005472,170252.00000000
1543507200,1543510799,0.00005461,0.00005473,0.00005372,0.00005372,614997.00000000
1543510800,1543514399,0.00005407,0.00005473,0.00005407,0.00005470,138356.00000000
1543514400,1543517999,0.00005487,0.00005487,0.00005400,0.00005407,187744.00000000
1543518000,1543521599,0.00005419,0.00005419,0.00005300,0.00005343,331813.00000000
1543521600,1543525199,0.00005332,0.00005343,0.00005280,0.00005309,299324.00000000
1543525200,1543528799,0.00005302,0.00005389,0.00005302,0.00005389,154509.00000000
1543528800,1543532399,0.00005366,0.00005389,0.00005366,0.00005374,23405.00000000
1543532400,1543535999,0.00005374,0.00005412,0.00005351,0.00005403,99279.00000000
1543536000,1543539599,0.00005397,0.00005412,0.00005353,0.00005398,83528.00000000
1543539600,1543543199,0.00005399,0.00005399,0.00005352,0.00005352,803502.00000000
1543543200,1543546799,0.00005383,0.00005420,0.00005383,0.00005420,30040.00000000
1543546800,1543550399,0.00005390,0.00005420,0.00005349,0.00005386,30373.00000000
1543550400,1543553999,0.00005349,0.00005389,0.00005266,0.00005382,294108.00000000
1543554000,1543557599,0.00005388,0.00005470,0.00005370,0.00005405,132786.00000000
1543557600,1543561199,0.00005408,0.00005408,0.00005343,0.00005343,19652.00000000
1543561200,1543564799,0.00005370,0.00005381,0.00005239,0.00005239,193051.00000000
1543564800,1543568399,0.00005262,0.00005270,0.00005220,0.00005270,241166.00000000
1543568400,1543571999,0.00005270,0.00005285,0.00005131,0.00005212,550330.00000000
1543572000,1543575599,0.00005211,0.00005259,0.00004900,0.00004945,1424742.00000000
1543575600,1543579199,0.00004960,0.00004960,0.00004839,0.00004884,458392.00000000
1543579200,1543582799,0.00004855,0.00004907,0.00004734,0.00004884,469356.00000000
1543582800,1543586399,0.00004879,0.00004988,0.00004879,0.00004920,270399.00000000
1543586400,1543589999,0.00004902,0.00004928,0.00004879,0.00004892,469341.00000000
1543590000,1543593599,0.00004915,0.00004933,0.00004780,0.00004850,489052.00000000
1543593600,1543597199,0.00004849,0.00004915,0.00004837,0.00004895,137813.00000000
1543597200,1543600799,0.00004915,0.00004949,0.00004903,0.00004905,40358.00000000
1543600800,1543604399,0.00004907,0.00005011,0.00004894,0.00004995,537940.00000000
1543604400,1543607999,0.00004994,0.00005085,0.00004946,0.00005001,135198.00000000
1543608000,1543611599,0.00005007,0.00005085,0.00005007,0.00005047,88666.00000000
1543611600,1543615199,0.00005028,0.00005034,0.00004939,0.00004952,209213.00000000
1543615200,1543618799,0.00004952,0.00005054,0.00004952,0.00005054,45379.00000000
1543618800,1543622399,0.00005051,0.00005083,0.00005018,0.00005083,113365.00000000
1543622400,1543625999,0.00005062,0.00005062,0.00004992,0.00005004,28456.00000000
1543626000,1543629599,0.00005041,0.00005041,0.00005030,0.00005030,1389.00000000
1543629600,1543633199,0.00005030,0.00005085,0.00005030,0.00005085,15881.00000000
1543633200,1543636799,0.00005024,0.00005024,0.00004973,0.00004985,66682.00000000
1543636800,1543640399,0.00004987,0.00005008,0.00004906,0.00004972,188247.00000000
1543640400,1543643999,0.00004978,0.00004978,0.00004950,0.00004950,61460.00000000
1543644000,1543647599,0.00004977,0.00005075,0.00004977,0.00005035,183832.00000000
1543647600,1543651199,0.00005035,0.00005049,0.00004977,0.00005035,66828.00000000
1543651200,1543654799,0.00005001,0.00005035,0.00004999,0.00005035,106708.00000000
1543654800,1543658399,0.00005035,0.00005085,0.00005020,0.00005059,157107.00000000
1543658400,1543661999,0.00005058,0.00005128,0.00005041,0.00005085,110556.00000000
1543662000,1543665599,0.00005101,0.00005150,0.00005041,0.00005075,331260.00000000
1543665600,1543669199,0.00005065,0.00005131,0.00005065,0.00005113,102374.00000000
1543669200,1543672799,0.00005120,0.00005152,0.00005114,0.00005143,147582.00000000
1543672800,1543676399,0.00005152,0.00005189,0.00005138,0.00005138,33864.00000000
1543676400,1543679999,0.00005142,0.00005147,0.00005142,0.00005147,20500.00000000
1543680000,1543683599,0.00005172,0.00005210,0.00005143,0.00005210,436581.00000000
1543683600,1543687199,0.00005210,0.00005210,0.00005105,0.00005168,362324.00000000
1543687200,1543690799,0.00005168,0.00005168,0.00005153,0.00005153,19409.00000000
1543690800,1543694399,0.00005147,0.00005232,0.00005104,0.00005123,236870.00000000
1543694400,1543697999,0.00005158,0.00005167,0.00005093,0.00005093,48195.00000000
1543698000,1543701599,0.00005124,0.00005124,0.00005087,0.00005122,40613.00000000
1543701600,1543705199,0.00005121,0.00005121,0.00005084,0.00005084,5059.00000000
1543705200,1543708799,0.00005117,0.00005117,0.00005110,0.00005110,7727.00000000
1543708800,1543712399,0.00005111,0.00005111,0.00005111,0.00005111,1110.00000000
1543712400,1543715999,0.00005093,0.00005111,0.00005078,0.00005111,23562.00000000
1543716000,1543719599,0.00005121,0.00005122,0.00005103,0.00005122,3437.00000000
1543719600,1543723199,0.00005097,0.00005097,0.00005066,0.00005084,15576.00000000
1543723200,1543726799,0.00005049,0.00005116,0.00005049,0.00005116,10164.00000000
1543726800,1543730399,0.00005116,0.00005116,0.00005061,0.00005064,10228.00000000
1543730400,1543733999,0.00005055,0.00005099,0.00005041,0.00005098,30408.00000000
1543734000,1543737599,0.00005090,0.00005125,0.00005090,0.00005125,37605.00000000
1543737600,1543741199,0.00005123,0.00005123,0.00005123,0.00005123,824.00000000
1543741200,1543744799,0.00005114,0.00005204,0.00005114,0.00005168,46241.00000000
1543744800,1543748399,0.00005193,0.00005193,0.00005142,0.00005142,3567.00000000
1543748400,1543751999,0.00005118,0.00005118,0.00005088,0.00005104,36433.00000000
1543752000,1543755599,0.00005130,0.00005193,0.00005130,0.00005160,43805.00000000
1543755600,1543759199,0.00005160,0.00005209,0.00005158,0.00005176,90368.00000000
1543759200,1543762799,0.00005176,0.00005218,0.00005176,0.00005183,30571.00000000
1543762800,1543766399,0.00005183,0.00005183,0.00005183,0.00005183,0.00000000
1543766400,1543769999,0.00005195,0.00005195,0.00005169,0.00005169,12397.00000000
1543770000,1543773599,0.00005169,0.00005204,0.00005130,0.00005187,127815.00000000
1543773600,1543777199,0.00005187,0.00005187,0.00005164,0.00005166,33583.00000000
1543777200,1543780799,0.00005197,0.00005198,0.00005174,0.00005198,24206.00000000
1543780800,1543784399,0.00005197,0.00005222,0.00005177,0.00005180,375525.00000000
1543784400,1543787999,0.00005191,0.00005222,0.00005131,0.00005195,111242.00000000
1543788000,1543791599,0.00005192,0.00005293,0.00005192,0.00005196,384447.00000000
1543791600,1543795199,0.00005221,0.00005290,0.00005221,0.00005290,58098.00000000
1543795200,1543798799,0.00005245,0.00005245,0.00005175,0.00005197,46397.00000000
1543798800,1543802399,0.00005165,0.00005165,0.00005128,0.00005155,37150.00000000
1543802400,1543805999,0.00005155,0.00005155,0.00005010,0.00005034,151689.00000000
1543806000,1543809599,0.00005023,0.00005028,0.00004982,0.00004993,290775.00000000
1543809600,1543813199,0.00005006,0.00005018,0.00005006,0.00005018,260235.00000000
1543813200,1543816799,0.00005018,0.00005025,0.00004982,0.00004996,43475.00000000
1543816800,1543820399,0.00004995,0.00004995,0.00004969,0.00004989,344598.00000000
1543820400,1543823999,0.00004989,0.00005018,0.00004989,0.00005014,34182.00000000
1543824000,1543827599,0.00005008,0.00005008,0.00004988,0.00004994,15963.00000000
1543827600,1543831199,0.00005034,0.00005188,0.00005034,0.00005102,438986.00000000
1543831200,1543834799,0.00005096,0.00005144,0.00005096,0.00005130,237409.00000000
1543834800,1543838399,0.00005130,0.00005130,0.00005059,0.00005118,346191.00000000
1543838400,1543841999,0.00005064,0.00005116,0.00005031,0.00005110,54520.00000000
1543842000,1543845599,0.00005110,0.00005121,0.00005017,0.00005085,101989.00000000
1543845600,1543849199,0.00005095,0.00005160,0.00005067,0.00005111,252516.00000000
1543849200,1543852799,0.00005126,0.00005155,0.00004929,0.00004999,719337.00000000
1543852800,1543856399,0.00004961,0.00005047,0.00004929,0.00005025,56155.00000000
1543856400,1543859999,0.00005000,0.00005091,0.00004940,0.00005029,57433.00000000
1543860000,1543863599,0.00005038,0.00005165,0.00005038,0.00005089,78324.00000000
1543863600,1543867199,0.00005083,0.00005118,0.00005070,0.00005072,58821.00000000
1543867200,1543870799,0.00005069,0.00005106,0.00005012,0.00005106,105591.00000000
1543870800,1543874399,0.00005062,0.00005062,0.00005003,0.00005041,19393.00000000
1543874400,1543877999,0.00005033,0.00005046,0.00005033,0.00005034,16496.00000000
1543878000,1543881599,0.00005076,0.00005082,0.00005004,0.00005065,7938.00000000
1543881600,1543885199,0.00005081,0.00005105,0.00005077,0.00005087,14089.00000000
1543885200,1543888799,0.00005100,0.00005165,0.00005089,0.00005140,144537.00000000
1543888800,1543892399,0.00005102,0.00005148,0.00005102,0.00005103,29532.00000000
1543892400,1543895999,0.00005107,0.00005144,0.00005003,0.00005062,427221.00000000
1543896000,1543899599,0.00005044,0.00005044,0.00005002,0.00005008,30844.00000000
1543899600,1543903199,0.00005001,0.00005001,0.00004965,0.00004965,479698.00000000
1543903200,1543906799,0.00004951,0.00005001,0.00004927,0.00004999,74934.00000000
1543906800,1543910399,0.00004999,0.00005197,0.00004999,0.00005088,367112.00000000
1543910400,1543913999,0.00005074,0.00005104,0.00005016,0.00005104,22825.00000000
1543914000,1543917599,0.00005104,0.00005136,0.00005055,0.00005076,319738.00000000
1543917600,1543921199,0.00005077,0.00005168,0.00005077,0.00005123,142625.00000000
1543921200,1543924799,0.00005126,0.00005206,0.00005126,0.00005175,72808.00000000
1543924800,1543928399,0.00005153,0.00005181,0.00005091,0.00005162,64789.00000000
1543928400,1543931999,0.00005156,0.00005182,0.00005122,0.00005182,26985.00000000
1543932000,1543935599,0.00005182,0.00005232,0.00005182,0.00005210,226049.00000000
1543935600,1543939199,0.00005214,0.00005240,0.00005210,0.00005235,23908.00000000
1543939200,1543942799,0.00005210,0.00005210,0.00005132,0.00005152,49520.00000000
1543942800,1543946399,0.00005153,0.00005153,0.00005070,0.00005070,181620.00000000
1543946400,1543949999,0.00005072,0.00005072,0.00005072,0.00005072,17201.00000000
1543950000,1543953599,0.00005105,0.00005213,0.00005072,0.00005213,168408.00000000
1543953600,1543957199,0.00005213,0.00005360,0.00005133,0.00005344,636160.00000000
1543957200,1543960799,0.00005360,0.00005500,0.00005229,0.00005348,1884434.00000000
1543960800,1543964399,0.00005296,0.00005419,0.00005075,0.00005235,1111499.00000000
1543964400,1543967999,0.00005225,0.00005277,0.00005198,0.00005235,100782.00000000
1543968000,1543971599,0.00005216,0.00005219,0.00005174,0.00005218,82557.00000000
1543971600,1543975199,0.00005216,0.00005216,0.00005152,0.00005184,84911.00000000
1543975200,1543978799,0.00005202,0.00005210,0.00005201,0.00005210,36316.00000000
1543978800,1543982399,0.00005209,0.00005218,0.00005206,0.00005216,23864.00000000
1543982400,1543985999,0.00005216,0.00005289,0.00005135,0.00005157,87073.00000000
1543986000,1543989599,0.00005180,0.00005193,0.00005145,0.00005180,33176.00000000
1543989600,1543993199,0.00005214,0.00005267,0.00005214,0.00005267,39034.00000000
1543993200,1543996799,0.00005289,0.00005301,0.00005147,0.00005167,108173.00000000
1543996800,1544000399,0.00005167,0.00005249,0.00005167,0.00005249,54223.00000000
1544000400,1544003999,0.00005249,0.00005505,0.00005249,0.00005401,864765.00000000
1544004000,1544007599,0.00005400,0.00005679,0.00005392,0.00005641,700435.00000000
1544007600,1544011199,0.00005679,0.00005679,0.00005496,0.00005616,511827.00000000
1544011200,1544014799,0.00005639,0.00005829,0.00005574,0.00005608,1250626.00000000
1544014800,1544018399,0.00005585,0.00005911,0.00005554,0.00005842,922406.00000000
1544018400,1544021999,0.00005845,0.00007800,0.00005845,0.00006844,15933538.00000000
1544022000,1544025599,0.00006843,0.00006843,0.00006234,0.00006375,2909978.00000000
1544025600,1544029199,0.00006386,0.00006422,0.00005923,0.00005967,3417684.00000000
1544029200,1544032799,0.00005920,0.00006177,0.00005920,0.00006049,3625116.00000000
1544032800,1544036399,0.00006033,0.00006603,0.00005866,0.00006423,4226947.00000000
1544036400,1544039999,0.00006444,0.00006600,0.00006229,0.00006358,4886411.00000000
1544040000,1544043599,0.00006358,0.00006358,0.00006067,0.00006288,1693945.00000000
1544043600,1544047199,0.00006281,0.00006281,0.00006079,0.00006110,2325858.00000000
1544047200,1544050799,0.00006120,0.00006169,0.00006060,0.00006083,861049.00000000
1544050800,1544054399,0.00006066,0.00006447,0.00006066,0.00006240,858650.00000000
1544054400,1544057999,0.00006227,0.00006227,0.00006060,0.00006086,667121.00000000
1544058000,1544061599,0.00006052,0.00006108,0.00005964,0.00006042,763453.00000000
1544061600,1544065199,0.00006084,0.00006197,0.00006077,0.00006077,407770.00000000
1544065200,1544068799,0.00006135,0.00006381,0.00006111,0.00006236,1356889.00000000
1544068800,1544072399,0.00006253,0.00006253,0.00006061,0.00006140,674919.00000000
1544072400,1544075999,0.00006140,0.00006350,0.00006140,0.00006226,1040752.00000000
1544076000,1544079599,0.00006225,0.00006322,0.00006214,0.00006230,777702.00000000
1544079600,1544083199,0.00006239,0.00006450,0.00006229,0.00006450,981217.00000000
1544083200,1544086799,0.00006450,0.00007046,0.00006450,0.00007017,3695599.00000000
1544086800,1544090399,0.00007017,0.00007039,0.00006736,0.00006910,1917638.00000000
1544090400,1544093999,0.00006913,0.00006986,0.00006791,0.00006932,855906.00000000
1544094000,1544097599,0.00006920,0.00007400,0.00006877,0.00007306,2268096.00000000
1544097600,1544101199,0.00007339,0.00007700,0.00006695,0.00007655,7440351.00000000
1544101200,1544104799,0.00007655,0.00007695,0.00006200,0.00006250,10563817.00000000
1544104800,1544108399,0.00006250,0.00006341,0.00005741,0.00005979,6323419.00000000
1544108400,1544111999,0.00005997,0.00006021,0.00005745,0.00005941,1181176.00000000
1544112000,1544115599,0.00005922,0.00005957,0.00005753,0.00005799,858856.00000000
1544115600,1544119199,0.00005854,0.00005887,0.00005794,0.00005887,312508.00000000
1544119200,1544122799,0.00005867,0.00005867,0.00005714,0.00005780,780699.00000000
1544122800,1544126399,0.00005780,0.00005780,0.00005671,0.00005746,318302.00000000
1544126400,1544129999,0.00005746,0.00005780,0.00005699,0.00005730,211373.00000000
1544130000,1544133599,0.00005717,0.00005781,0.00005700,0.00005724,631818.00000000
1544133600,1544137199,0.00005718,0.00005759,0.00005711,0.00005729,333286.00000000
1544137200,1544140799,0.00005723,0.00005794,0.00005585,0.00005614,1513681.00000000
1544140800,1544144399,0.00005614,0.00005628,0.00005491,0.00005522,890934.00000000
1544144400,1544147999,0.00005505,0.00005655,0.00005480,0.00005644,501683.00000000
1544148000,1544151599,0.00005635,0.00005689,0.00005525,0.00005687,293680.00000000
1544151600,1544155199,0.00005690,0.00005749,0.00005600,0.00005653,201661.00000000
1544155200,1544158799,0.00005635,0.00005712,0.00005464,0.00005668,898890.00000000
1544158800,1544162399,0.00005705,0.00005744,0.00005558,0.00005647,324516.00000000
1544162400,1544165999,0.00005634,0.00005733,0.00005611,0.00005671,242068.00000000
1544166000,1544169599,0.00005671,0.00005671,0.00005600,0.00005640,52416.00000000
1544169600,1544173199,0.00005634,0.00005730,0.00005600,0.00005646,403331.00000000
1544173200,1544176799,0.00005659,0.00005797,0.00005659,0.00005764,349676.00000000
1544176800,1544180399,0.00005763,0.00005814,0.00005758,0.00005786,1227491.00000000
1544180400,1544183999,0.00005777,0.00005807,0.00005570,0.00005581,1671622.00000000
1544184000,1544187599,0.00005600,0.00005667,0.00005534,0.00005593,872950.00000000
1544187600,1544191199,0.00005632,0.00005666,0.00005475,0.00005533,1677713.00000000
1544191200,1544194799,0.00005530,0.00005667,0.00005408,0.00005667,1048548.00000000
1544194800,1544198399,0.00005623,0.00005700,0.00005464,0.00005511,788084.00000000
1544198400,1544201999,0.00005519,0.00005617,0.00005408,0.00005576,820148.00000000
1544202000,1544205599,0.00005583,0.00005594,0.00005532,0.00005532,174524.00000000
1544205600,1544209199,0.00005508,0.00005565,0.00005453,0.00005500,317662.00000000
1544209200,1544212799,0.00005526,0.00005535,0.00005225,0.00005265,1628564.00000000
1544212800,1544216399,0.00005265,0.00005320,0.00005222,0.00005297,147170.00000000
1544216400,1544219999,0.00005277,0.00005282,0.00005218,0.00005271,74720.00000000
1544220000,1544223599,0.00005271,0.00005355,0.00005215,0.00005286,178394.00000000
1544223600,1544227199,0.00005280,0.00005367,0.00005280,0.00005330,112292.00000000
1544227200,1544230799,0.00005330,0.00005381,0.00005315,0.00005348,316296.00000000
1544230800,1544234399,0.00005344,0.00005402,0.00005261,0.00005371,407015.00000000
1544234400,1544237999,0.00005331,0.00005363,0.00005305,0.00005305,26619.00000000
1544238000,1544241599,0.00005315,0.00005392,0.00005315,0.00005340,39046.00000000
1544241600,1544245199,0.00005361,0.00005380,0.00005318,0.00005380,59601.00000000
1544245200,1544248799,0.00005370,0.00005392,0.00005329,0.00005392,217958.00000000
1544248800,1544252399,0.00005385,0.00005512,0.00005385,0.00005486,454498.00000000
1544252400,1544255999,0.00005486,0.00005508,0.00005453,0.00005461,215679.00000000
1544256000,1544259599,0.00005448,0.00005458,0.00005260,0.00005429,526536.00000000
1544259600,1544263199,0.00005431,0.00005500,0.00005431,0.00005449,79402.00000000
1544263200,1544266799,0.00005442,0.00005443,0.00005400,0.00005441,53830.00000000
1544266800,1544270399,0.00005420,0.00005500,0.00005400,0.00005500,48346.00000000
1544270400,1544273999,0.00005488,0.00005488,0.00005378,0.00005379,154040.00000000
1544274000,1544277599,0.00005387,0.00005452,0.00005379,0.00005420,83130.00000000
1544277600,1544281199,0.00005394,0.00005410,0.00005381,0.00005410,130186.00000000
1544281200,1544284799,0.00005420,0.00005427,0.00005377,0.00005427,50721.00000000
1544284800,1544288399,0.00005407,0.00005502,0.00005407,0.00005466,162199.00000000
1544288400,1544291999,0.00005453,0.00005506,0.00005442,0.00005506,79043.00000000
1544292000,1544295599,0.00005506,0.00005506,0.00005385,0.00005385,418906.00000000
1544295600,1544299199,0.00005399,0.00005483,0.00005399,0.00005483,39604.00000000
1544299200,1544302799,0.00005493,0.00005671,0.00005483,0.00005586,459175.00000000
1544302800,1544306399,0.00005616,0.00005616,0.00005480,0.00005480,138334.00000000
1544306400,1544309999,0.00005479,0.00005560,0.00005350,0.00005389,257798.00000000
1544310000,1544313599,0.00005369,0.00005484,0.00005335,0.00005481,140899.00000000
1544313600,1544317199,0.00005450,0.00005490,0.00005364,0.00005420,29871.00000000
1544317200,1544320799,0.00005401,0.00005421,0.00005382,0.00005419,12270.00000000
1544320800,1544324399,0.00005436,0.00005450,0.00005436,0.00005450,2884.00000000
1544324400,1544327999,0.00005440,0.00005440,0.00005368,0.00005413,57641.00000000
1544328000,1544331599,0.00005429,0.00005448,0.00005395,0.00005442,130284.00000000
1544331600,1544335199,0.00005387,0.00005387,0.00005340,0.00005367,94877.00000000
1544335200,1544338799,0.00005375,0.00005427,0.00005360,0.00005390,296559.00000000
1544338800,1544342399,0.00005360,0.00005416,0.00005300,0.00005399,611208.00000000
1544342400,1544345999,0.00005362,0.00005362,0.00005362,0.00005362,6499.00000000
1544346000,1544349599,0.00005362,0.00005366,0.00005344,0.00005344,30251.00000000
1544349600,1544353199,0.00005367,0.00005399,0.00005367,0.00005399,6100.00000000
1544353200,1544356799,0.00005396,0.00005415,0.00005365,0.00005382,138120.00000000
1544356800,1544360399,0.00005388,0.00005448,0.00005388,0.00005432,78175.00000000
1544360400,1544363999,0.00005450,0.00005450,0.00005398,0.00005433,5746.00000000
1544364000,1544367599,0.00005391,0.00005425,0.00005350,0.00005367,89312.00000000
1544367600,1544371199,0.00005367,0.00005369,0.00005314,0.00005358,329755.00000000
1544371200,1544374799,0.00005381,0.00005407,0.00005362,0.00005363,16726.00000000
1544374800,1544378399,0.00005391,0.00005416,0.00005301,0.00005351,106414.00000000
1544378400,1544381999,0.00005360,0.00005376,0.00005323,0.00005323,67207.00000000
1544382000,1544385599,0.00005326,0.00005410,0.00005302,0.00005302,123128.00000000
1544385600,1544389199,0.00005313,0.00005419,0.00005303,0.00005419,69175.00000000
1544389200,1544392799,0.00005419,0.00005450,0.00005411,0.00005411,133063.00000000
1544392800,1544396399,0.00005404,0.00005404,0.00005404,0.00005404,1250.00000000
1544396400,1544399999,0.00005427,0.00005461,0.00005280,0.00005415,1162816.00000000
1544400000,1544403599,0.00005415,0.00005415,0.00005331,0.00005394,50197.00000000
1544403600,1544407199,0.00005387,0.00005387,0.00005330,0.00005376,44335.00000000
1544407200,1544410799,0.00005377,0.00005421,0.00005377,0.00005412,48658.00000000
1544410800,1544414399,0.00005424,0.00005440,0.00005424,0.00005440,67180.00000000
1544414400,1544417999,0.00005423,0.00005471,0.00005336,0.00005447,307265.00000000
1544418000,1544421599,0.00005484,0.00005484,0.00005444,0.00005451,45167.00000000
1544421600,1544425199,0.00005453,0.00005486,0.00005427,0.00005443,42573.00000000
1544425200,1544428799,0.00005423,0.00005443,0.00005414,0.00005435,22742.00000000
1544428800,1544432399,0.00005441,0.00005441,0.00005402,0.00005435,2690.00000000
1544432400,1544435999,0.00005415,0.00005415,0.00005350,0.00005350,206063.00000000
1544436000,1544439599,0.00005387,0.00005450,0.00005381,0.00005381,50331.00000000
1544439600,1544443199,0.00005420,0.00005429,0.00005353,0.00005411,121833.00000000
1544443200,1544446799,0.00005411,0.00005427,0.00005367,0.00005383,25770.00000000
1544446800,1544450399,0.00005399,0.00005493,0.00005399,0.00005424,100782.00000000
1544450400,1544453999,0.00005465,0.00005475,0.00005410,0.00005410,71497.00000000
1544454000,1544457599,0.00005439,0.00005490,0.00005351,0.00005387,294329.00000000
1544457600,1544461199,0.00005355,0.00005400,0.00005350,0.00005400,69025.00000000
1544461200,1544464799,0.00005400,0.00005405,0.00005332,0.00005353,170385.00000000
1544464800,1544468399,0.00005363,0.00005379,0.00005337,0.00005358,23811.00000000
1544468400,1544471999,0.00005358,0.00005358,0.00005335,0.00005335,8230.00000000
1544472000,1544475599,0.00005348,0.00005348,0.00005335,0.00005335,43034.00000000
1544475600,1544479199,0.00005348,0.00005374,0.00005335,0.00005354,50063.00000000
1544479200,1544482799,0.00005335,0.00005358,0.00005335,0.00005358,44386.00000000
1544482800,1544486399,0.00005358,0.00005377,0.00005347,0.00005367,19069.00000000
1544486400,1544489999,0.00005335,0.00005335,0.00005332,0.00005334,264195.00000000
1544490000,1544493599,0.00005334,0.00005334,0.00005332,0.00005332,41108.00000000
1544493600,1544497199,0.00005332,0.00005334,0.00005332,0.00005334,24168.00000000
1544497200,1544500799,0.00005334,0.00005348,0.00005328,0.00005337,151608.00000000
1544500800,1544504399,0.00005337,0.00005386,0.00005306,0.00005331,221239.00000000
1544504400,1544507999,0.00005331,0.00005341,0.00005306,0.00005324,73282.00000000
1544508000,1544511599,0.00005327,0.00005327,0.00005310,0.00005311,47257.00000000
1544511600,1544515199,0.00005335,0.00005389,0.00005330,0.00005364,26323.00000000
1544515200,1544518799,0.00005364,0.00005364,0.00005169,0.00005220,1523682.00000000
1544518800,1544522399,0.00005226,0.00005240,0.00005226,0.00005240,11334.00000000
1544522400,1544525999,0.00005240,0.00005299,0.00005198,0.00005288,153121.00000000
1544526000,1544529599,0.00005244,0.00005309,0.00005234,0.00005299,93781.00000000
1544529600,1544533199,0.00005302,0.00005302,0.00005301,0.00005301,3044.00000000
1544533200,1544536799,0.00005282,0.00005282,0.00005273,0.00005273,5500.00000000
1544536800,1544540399,0.00005253,0.00005299,0.00005252,0.00005252,925150.00000000
1544540400,1544543999,0.00005240,0.00005250,0.00005240,0.00005240,90709.00000000
1544544000,1544547599,0.00005265,0.00005322,0.00005255,0.00005296,96887.00000000
1544547600,1544551199,0.00005284,0.00005297,0.00005257,0.00005297,24910.00000000
1544551200,1544554799,0.00005283,0.00005298,0.00005238,0.00005274,42700.00000000
1544554800,1544558399,0.00005272,0.00005364,0.00005152,0.00005272,1030628.00000000
1544558400,1544561999,0.00005264,0.00005290,0.00005241,0.00005267,92966.00000000
1544562000,1544565599,0.00005278,0.00005278,0.00005201,0.00005233,25314.00000000
1544565600,1544569199,0.00005238,0.00005248,0.00005230,0.00005231,74291.00000000
1544569200,1544572799,0.00005225,0.00005234,0.00005153,0.00005234,65790.00000000
1544572800,1544576399,0.00005236,0.00005239,0.00005204,0.00005204,59852.00000000
1544576400,1544579999,0.00005205,0.00005212,0.00005192,0.00005194,20186.00000000
1544580000,1544583599,0.00005191,0.00005191,0.00005152,0.00005177,152598.00000000
1544583600,1544587199,0.00005155,0.00005199,0.00005155,0.00005199,9659.00000000
1544587200,1544590799,0.00005215,0.00005280,0.00005209,0.00005209,25573.00000000
1544590800,1544594399,0.00005209,0.00005209,0.00005209,0.00005209,0.00000000
1544594400,1544597999,0.00005215,0.00005280,0.00005178,0.00005211,455272.00000000
1544598000,1544601599,0.00005227,0.00005239,0.00005211,0.00005224,48289.00000000
1544601600,1544605199,0.00005224,0.00005239,0.00005224,0.00005239,20772.00000000
1544605200,1544608799,0.00005242,0.00005280,0.00005213,0.00005232,644677.00000000
1544608800,1544612399,0.00005214,0.00005344,0.00005157,0.00005272,583040.00000000
1544612400,1544615999,0.00005285,0.00005421,0.00005264,0.00005368,440504.00000000
1544616000,1544619599,0.00005377,0.00005421,0.00005286,0.00005378,221171.00000000
1544619600,1544623199,0.00005375,0.00005375,0.00005354,0.00005354,167058.00000000
1544623200,1544626799,0.00005413,0.00005651,0.00005413,0.00005473,1980589.00000000
1544626800,1544630399,0.00005449,0.00005470,0.00005350,0.00005425,247390.00000000
1544630400,1544633999,0.00005443,0.00005443,0.00005384,0.00005384,62206.00000000
1544634000,1544637599,0.00005375,0.00005541,0.00005350,0.00005354,186302.00000000
1544637600,1544641199,0.00005349,0.00005429,0.00005300,0.00005399,252407.00000000
1544641200,1544644799,0.00005434,0.00005480,0.00005404,0.00005480,126661.00000000
1544644800,1544648399,0.00005480,0.00005555,0.00005456,0.00005472,254477.00000000
1544648400,1544651999,0.00005477,0.00005477,0.00005334,0.00005414,202727.00000000
1544652000,1544655599,0.00005400,0.00005419,0.00005387,0.00005395,18971.00000000
1544655600,1544659199,0.00005395,0.00005484,0.00005341,0.00005468,278308.00000000
1544659200,1544662799,0.00005479,0.00005499,0.00005479,0.00005498,3876.00000000
1544662800,1544666399,0.00005440,0.00005440,0.00005378,0.00005378,68171.00000000
1544666400,1544669999,0.00005378,0.00005406,0.00005315,0.00005340,62487.00000000
1544670000,1544673599,0.00005336,0.00005349,0.00005316,0.00005349,180961.00000000
1544673600,1544677199,0.00005324,0.00005375,0.00005323,0.00005330,173919.00000000
1544677200,1544680799,0.00005321,0.00005341,0.00005321,0.00005322,41032.00000000
1544680800,1544684399,0.00005359,0.00005363,0.00005359,0.00005363,26500.00000000
1544684400,1544687999,0.00005362,0.00005368,0.00005339,0.00005339,7967.00000000
1544688000,1544691599,0.00005339,0.00005351,0.00005308,0.00005308,527520.00000000
1544691600,1544695199,0.00005314,0.00005335,0.00005308,0.00005335,1880.00000000
1544695200,1544698799,0.00005356,0.00005368,0.00005311,0.00005352,36431.00000000
1544698800,1544702399,0.00005348,0.00005348,0.00005340,0.00005345,82563.00000000
1544702400,1544705999,0.00005345,0.00005345,0.00005308,0.00005310,26791.00000000
1544706000,1544709599,0.00005310,0.00005331,0.00005295,0.00005311,58201.00000000
1544709600,1544713199,0.00005311,0.00005328,0.00005295,0.00005299,26758.00000000
1544713200,1544716799,0.00005285,0.00005285,0.00005235,0.00005235,269133.00000000
1544716800,1544720399,0.00005254,0.00005278,0.00005245,0.00005268,33917.00000000
1544720400,1544723999,0.00005268,0.00005268,0.00005268,0.00005268,9784.00000000
1544724000,1544727599,0.00005266,0.00005305,0.00005259,0.00005305,114358.00000000
1544727600,1544731199,0.00005305,0.00005365,0.00005248,0.00005347,359955.00000000
1544731200,1544734799,0.00005338,0.00005338,0.00005318,0.00005335,93112.00000000
1544734800,1544738399,0.00005335,0.00005352,0.00005305,0.00005308,24030.00000000
1544738400,1544741999,0.00005329,0.00005330,0.00005294,0.00005324,57450.00000000
1544742000,1544745599,0.00005292,0.00005304,0.00005240,0.00005240,110899.00000000
1544745600,1544749199,0.00005240,0.00005319,0.00005218,0.00005218,147881.00000000
1544749200,1544752799,0.00005238,0.00005271,0.00005238,0.00005271,67945.00000000
1544752800,1544756399,0.00005231,0.00005232,0.00005210,0.00005211,21725.00000000
1544756400,1544759999,0.00005225,0.00005245,0.00005161,0.00005190,255746.00000000
1544760000,1544763599,0.00005204,0.00005204,0.00005163,0.00005170,44256.00000000
1544763600,1544767199,0.00005170,0.00005170,0.00005170,0.00005170,0.00000000
1544767200,1544770799,0.00005170,0.00005180,0.00005170,0.00005180,21855.00000000
1544770800,1544774399,0.00005191,0.00005234,0.00005191,0.00005232,170878.00000000
1544774400,1544777999,0.00005228,0.00005245,0.00005213,0.00005245,26971.00000000
1544778000,1544781599,0.00005255,0.00005256,0.00005236,0.00005251,282715.00000000
1544781600,1544785199,0.00005251,0.00005251,0.00005217,0.00005241,28185.00000000
1544785200,1544788799,0.00005233,0.00005233,0.00005210,0.00005210,118338.00000000
1544788800,1544792399,0.00005217,0.00005219,0.00005181,0.00005182,559892.00000000
1544792400,1544795999,0.00005182,0.00005196,0.00005182,0.00005196,24423.00000000
1544796000,1544799599,0.00005209,0.00005209,0.00005179,0.00005179,165984.00000000
1544799600,1544803199,0.00005191,0.00005194,0.00005179,0.00005180,48716.00000000
1544803200,1544806799,0.00005179,0.00005179,0.00005119,0.00005119,544785.00000000
1544806800,1544810399,0.00005125,0.00005171,0.00005122,0.00005162,131903.00000000
1544810400,1544813999,0.00005173,0.00005220,0.00005173,0.00005214,121285.00000000
1544814000,1544817599,0.00005212,0.00005235,0.00005179,0.00005179,255882.00000000
1544817600,1544821199,0.00005217,0.00005221,0.00005159,0.00005159,77694.00000000
1544821200,1544824799,0.00005159,0.00005178,0.00005134,0.00005178,239192.00000000
1544824800,1544828399,0.00005134,0.00005178,0.00005134,0.00005170,58871.00000000
1544828400,1544831999,0.00005126,0.00005233,0.00005126,0.00005191,52885.00000000
1544832000,1544835599,0.00005195,0.00005195,0.00004900,0.00005143,2868138.00000000
1544835600,1544839199,0.00005115,0.00005146,0.00005100,0.00005146,271780.00000000
1544839200,1544842799,0.00005145,0.00005145,0.00005144,0.00005144,7449.00000000
1544842800,1544846399,0.00005130,0.00005140,0.00005060,0.00005079,44675.00000000
1544846400,1544849999,0.00005079,0.00005118,0.00005079,0.00005117,243268.00000000
1544850000,1544853599,0.00005120,0.00005120,0.00004800,0.00005040,1470939.00000000
1544853600,1544857199,0.00005038,0.00005044,0.00004995,0.00005015,522238.00000000
1544857200,1544860799,0.00005019,0.00005036,0.00005019,0.00005028,109406.00000000
1544860800,1544864399,0.00005028,0.00005030,0.00005019,0.00005029,77573.00000000
1544864400,1544867999,0.00005036,0.00005036,0.00005008,0.00005019,9183.00000000
1544868000,1544871599,0.00004998,0.00005107,0.00004998,0.00005097,257849.00000000
1544871600,1544875199,0.00005068,0.00005101,0.00005066,0.00005090,39679.00000000
1544875200,1544878799,0.00005086,0.00005154,0.00005086,0.00005126,164865.00000000
1544878800,1544882399,0.00005137,0.00005137,0.00005080,0.00005080,156290.00000000
1544882400,1544885999,0.00005077,0.00005077,0.00005066,0.00005077,21774.00000000
1544886000,1544889599,0.00005077,0.00005116,0.00005072,0.00005074,396059.00000000
1544889600,1544893199,0.00005091,0.00005092,0.00005076,0.00005076,19676.00000000
1544893200,1544896799,0.00005111,0.00005111,0.00005072,0.00005080,18016.00000000
1544896800,1544900399,0.00005089,0.00005089,0.00005089,0.00005089,29945.00000000
1544900400,1544903999,0.00005081,0.00005096,0.00005081,0.00005087,106179.00000000
1544904000,1544907599,0.00005110,0.00005158,0.00005066,0.00005093,262834.00000000
1544907600,1544911199,0.00005145,0.00005146,0.00005096,0.00005135,138325.00000000
1544911200,1544914799,0.00005107,0.00005118,0.00005066,0.00005066,37402.00000000
1544914800,1544918399,0.00005118,0.00005127,0.00005098,0.00005121,54894.00000000
1544918400,1544921999,0.00005097,0.00005097,0.00005066,0.00005066,10023.00000000
1544922000,1544925599,0.00005077,0.00005077,0.00005077,0.00005077,21272.00000000
1544925600,1544929199,0.00005066,0.00005072,0.00005023,0.00005072,78318.00000000
1544929200,1544932799,0.00005055,0.00005104,0.00005055,0.00005071,54153.00000000
1544932800,1544936399,0.00005065,0.00005088,0.00005065,0.00005088,6877.00000000
1544936400,1544939999,0.00005088,0.00005088,0.00005088,0.00005088,579.00000000
1544940000,1544943599,0.00005088,0.00005097,0.00005069,0.00005097,23623.00000000
1544943600,1544947199,0.00005102,0.00005102,0.00005061,0.00005061,91919.00000000
1544947200,1544950799,0.00005056,0.00005056,0.00005056,0.00005056,12267.00000000
1544950800,1544954399,0.00005064,0.00005073,0.00005027,0.00005032,169690.00000000
1544954400,1544957999,0.00005044,0.00005062,0.00005044,0.00005062,9919.00000000
1544958000,1544961599,0.00005070,0.00005103,0.00005064,0.00005064,7180.00000000
1544961600,1544965199,0.00005063,0.00005070,0.00005007,0.00005070,54964.00000000
1544965200,1544968799,0.00005083,0.00005084,0.00005075,0.00005078,13230.00000000
1544968800,1544972399,0.00005063,0.00005127,0.00005043,0.00005043,106000.00000000
1544972400,1544975999,0.00005032,0.00005051,0.00005032,0.00005036,70237.00000000
1544976000,1544979599,0.00005044,0.00005053,0.00005044,0.00005053,52867.00000000
1544979600,1544983199,0.00005055,0.00005071,0.00005055,0.00005070,38935.00000000
1544983200,1544986799,0.00005045,0.00005071,0.00005003,0.00005029,175746.00000000
1544986800,1544990399,0.00005031,0.00005035,0.00005011,0.00005011,54490.00000000
1544990400,1544993999,0.00005011,0.00005056,0.00005000,0.00005017,55515.00000000
1544994000,1544997599,0.00005028,0.00005064,0.00005019,0.00005064,286640.00000000
1544997600,1545001199,0.00005067,0.00005071,0.00005063,0.00005064,56285.00000000
1545001200,1545004799,0.00005050,0.00005050,0.00005028,0.00005028,22901.00000000
1545004800,1545008399,0.00005051,0.00005078,0.00005051,0.00005060,141406.00000000
1545008400,1545011999,0.00005080,0.00005080,0.00005080,0.00005080,3936.00000000
1545012000,1545015599,0.00005073,0.00005073,0.00005026,0.00005026,39204.00000000
1545015600,1545019199,0.00005039,0.00005083,0.00005039,0.00005083,52361.00000000
1545019200,1545022799,0.00005035,0.00005035,0.00004988,0.00004996,76235.00000000
1545022800,1545026399,0.00004988,0.00004988,0.00004988,0.00004988,12790.00000000
1545026400,1545029999,0.00004989,0.00004989,0.00004989,0.00004989,1300.00000000
1545030000,1545033599,0.00004996,0.00005084,0.00004981,0.00005084,349672.00000000
1545033600,1545037199,0.00004971,0.00005074,0.00004971,0.00005074,470736.00000000
1545037200,1545040799,0.00005029,0.00005064,0.00004998,0.00005033,55276.00000000
1545040800,1545044399,0.00005067,0.00005086,0.00005050,0.00005081,75643.00000000
1545044400,1545047999,0.00005053,0.00005053,0.00005051,0.00005051,20798.00000000
1545048000,1545051599,0.00005046,0.00005117,0.00005004,0.00005117,174964.00000000
1545051600,1545055199,0.00005117,0.00005173,0.00005117,0.00005130,599505.00000000
1545055200,1545058799,0.00005130,0.00005158,0.00005084,0.00005130,262843.00000000
1545058800,1545062399,0.00005087,0.00005087,0.00005066,0.00005066,92054.00000000
1545062400,1545065999,0.00005072,0.00005124,0.00005053,0.00005120,373616.00000000
1545066000,1545069599,0.00005139,0.00005139,0.00005090,0.00005090,101960.00000000
1545069600,1545073199,0.00005100,0.00005100,0.00005031,0.00005077,151318.00000000
1545073200,1545076799,0.00005077,0.00005152,0.00005047,0.00005111,1639480.00000000
1545076800,1545080399,0.00005114,0.00005238,0.00005114,0.00005178,467277.00000000
1545080400,1545083999,0.00005215,0.00005238,0.00005023,0.00005074,1737468.00000000
1545084000,1545087599,0.00005055,0.00005140,0.00005043,0.00005073,183769.00000000
1545087600,1545091199,0.00005081,0.00005081,0.00004989,0.00005028,564948.00000000
1545091200,1545094799,0.00005032,0.00005099,0.00005001,0.00005099,354094.00000000
1545094800,1545098399,0.00005115,0.00005115,0.00005068,0.00005068,52039.00000000
1545098400,1545101999,0.00005068,0.00005068,0.00005068,0.00005068,862.00000000
1545102000,1545105599,0.00005067,0.00005067,0.00005037,0.00005038,39965.00000000
1545105600,1545109199,0.00005033,0.00005081,0.00005028,0.00005081,74596.00000000
1545109200,1545112799,0.00005079,0.00005200,0.00005063,0.00005113,876204.00000000
1545112800,1545116399,0.00005126,0.00005236,0.00005097,0.00005108,279207.00000000
1545116400,1545119999,0.00005100,0.00005100,0.00005043,0.00005043,104064.00000000
1545120000,1545123599,0.00005044,0.00005057,0.00004983,0.00005011,167194.00000000
1545123600,1545127199,0.00005001,0.00005006,0.00004994,0.00005006,145996.00000000
1545127200,1545130799,0.00005001,0.00005068,0.00005001,0.00005035,158397.00000000
1545130800,1545134399,0.00005035,0.00005035,0.00004999,0.00004999,47065.00000000
1545134400,1545137999,0.00004989,0.00005022,0.00004989,0.00005022,40267.00000000
1545138000,1545141599,0.00005034,0.00005099,0.00005007,0.00005099,1029342.00000000
1545141600,1545145199,0.00005086,0.00005160,0.00005081,0.00005100,276603.00000000
1545145200,1545148799,0.00005111,0.00005112,0.00005111,0.00005112,6453.00000000
1545148800,1545152399,0.00005095,0.00005115,0.00005051,0.00005064,276972.00000000
1545152400,1545155999,0.00005064,0.00005064,0.00005009,0.00005046,126551.00000000
1545156000,1545159599,0.00005046,0.00005046,0.00005032,0.00005032,5962.00000000
1545159600,1545163199,0.00005051,0.00005108,0.00005045,0.00005045,49558.00000000
1545163200,1545166799,0.00005051,0.00005101,0.00005045,0.00005059,79929.00000000
1545166800,1545170399,0.00005067,0.00005082,0.00005047,0.00005070,11213.00000000
1545170400,1545173999,0.00005050,0.00005050,0.00005041,0.00005046,27440.00000000
1545174000,1545177599,0.00005046,0.00005046,0.00004949,0.00005005,754400.00000000
1545177600,1545181199,0.00004981,0.00005017,0.00004981,0.00004988,57336.00000000
1545181200,1545184799,0.00004959,0.00004965,0.00004883,0.00004908,278117.00000000
1545184800,1545188399,0.00004908,0.00004976,0.00004908,0.00004976,262877.00000000
1545188400,1545191999,0.00004997,0.00005029,0.00004947,0.00005006,358170.00000000
1545192000,1545195599,0.00005037,0.00005046,0.00005008,0.00005012,51308.00000000
1545195600,1545199199,0.00005053,0.00005053,0.00004998,0.00005030,140958.00000000
1545199200,1545202799,0.00005030,0.00005032,0.00005004,0.00005029,127146.00000000
1545202800,1545206399,0.00005017,0.00005017,0.00004987,0.00005000,43618.00000000
1545206400,1545209999,0.00005025,0.00005040,0.00005013,0.00005040,101419.00000000
1545210000,1545213599,0.00005012,0.00005015,0.00005010,0.00005010,139576.00000000
1545213600,1545217199,0.00005014,0.00005037,0.00004983,0.00005023,147802.00000000
1545217200,1545220799,0.00005035,0.00005154,0.00005035,0.00005095,371824.00000000
1545220800,1545224399,0.00005121,0.00005177,0.00005066,0.00005066,883506.00000000
1545224400,1545227999,0.00005066,0.00005106,0.00004998,0.00005037,281696.00000000
1545228000,1545231599,0.00005028,0.00005085,0.00005000,0.00005043,348327.00000000
1545231600,1545235199,0.00005050,0.00005149,0.00005013,0.00005034,212028.00000000
1545235200,1545238799,0.00005010,0.00005038,0.00004995,0.00004998,192550.00000000
1545238800,1545242399,0.00004998,0.00005008,0.00004989,0.00004989,45698.00000000
1545242400,1545245999,0.00005023,0.00005102,0.00005023,0.00005023,1508328.00000000
1545246000,1545249599,0.00005026,0.00005095,0.00005026,0.00005058,84153.00000000
1545249600,1545253199,0.00005080,0.00005080,0.00005000,0.00005047,122413.00000000
1545253200,1545256799,0.00005009,0.00005087,0.00005000,0.00005027,74641.00000000
1545256800,1545260399,0.00005027,0.00005027,0.00004973,0.00005003,227427.00000000
1545260400,1545263999,0.00005020,0.00005023,0.00005018,0.00005023,5952.00000000
1545264000,1545267599,0.00005007,0.00005007,0.00004971,0.00004987,56111.00000000
1545267600,1545271199,0.00004973,0.00004974,0.00004949,0.00004949,48909.00000000
1545271200,1545274799,0.00004951,0.00004980,0.00004949,0.00004959,87906.00000000
1545274800,1545278399,0.00004980,0.00005015,0.00004980,0.00004998,76689.00000000
1545278400,1545281999,0.00004993,0.00004993,0.00004984,0.00004984,20495.00000000
1545282000,1545285599,0.00004951,0.00004990,0.00004951,0.00004979,262678.00000000
1545285600,1545289199,0.00004992,0.00005041,0.00004949,0.00004971,134511.00000000
1545289200,1545292799,0.00004956,0.00004995,0.00004956,0.00004995,61784.00000000
1545292800,1545296399,0.00004986,0.00005030,0.00004949,0.00004949,277472.00000000
1545296400,1545299999,0.00004995,0.00005046,0.00004980,0.00004980,97706.00000000
1545300000,1545303599,0.00005036,0.00005048,0.00005001,0.00005013,64858.00000000
1545303600,1545307199,0.00005013,0.00005019,0.00004980,0.00004982,64465.00000000
1545307200,1545310799,0.00005016,0.00005022,0.00004970,0.00004994,158321.00000000
1545310800,1545314399,0.00005005,0.00005005,0.00004950,0.00004955,95986.00000000
1545314400,1545317999,0.00004955,0.00004992,0.00004955,0.00004974,247100.00000000
1545318000,1545321599,0.00004978,0.00004982,0.00004900,0.00004900,890368.00000000
1545321600,1545325199,0.00004900,0.00004926,0.00004755,0.00004824,1185786.00000000
1545325200,1545328799,0.00004818,0.00004869,0.00004704,0.00004791,590166.00000000
1545328800,1545332399,0.00004791,0.00004870,0.00004756,0.00004849,105750.00000000
1545332400,1545335999,0.00004844,0.00004850,0.00004789,0.00004831,87654.00000000
1545336000,1545339599,0.00004819,0.00004918,0.00004792,0.00004828,233876.00000000
1545339600,1545343199,0.00004815,0.00004815,0.00004726,0.00004733,113351.00000000
1545343200,1545346799,0.00004720,0.00004870,0.00004700,0.00004849,460785.00000000
1545346800,1545350399,0.00004858,0.00004878,0.00004820,0.00004878,54109.00000000
1545350400,1545353999,0.00004871,0.00004913,0.00004815,0.00004862,136965.00000000
1545354000,1545357599,0.00004839,0.00004867,0.00004726,0.00004749,364062.00000000
1545357600,1545361199,0.00004784,0.00004784,0.00004701,0.00004741,64418.00000000
1545361200,1545364799,0.00004742,0.00004831,0.00004742,0.00004820,98340.00000000
1545364800,1545368399,0.00004830,0.00004868,0.00004817,0.00004853,23895.00000000
1545368400,1545371999,0.00004844,0.00004869,0.00004802,0.00004848,95006.00000000
1545372000,1545375599,0.00004827,0.00004920,0.00004794,0.00004821,220887.00000000
1545375600,1545379199,0.00004797,0.00004820,0.00004794,0.00004820,32772.00000000
1545379200,1545382799,0.00004794,0.00004794,0.00004780,0.00004793,14164.00000000
1545382800,1545386399,0.00004808,0.00004891,0.00004791,0.00004855,480359.00000000
1545386400,1545389999,0.00004850,0.00004852,0.00004831,0.00004831,174392.00000000
1545390000,1545393599,0.00004821,0.00004827,0.00004816,0.00004816,11734.00000000
1545393600,1545397199,0.00004814,0.00004926,0.00004758,0.00004781,648101.00000000
1545397200,1545400799,0.00004814,0.00004915,0.00004814,0.00004914,184974.00000000
1545400800,1545404399,0.00004923,0.00005049,0.00004923,0.00005020,485117.00000000
1545404400,1545407999,0.00005020,0.00005049,0.00005012,0.00005049,375830.00000000
1545408000,1545411599,0.00005050,0.00005127,0.00005010,0.00005126,155449.00000000
1545411600,1545415199,0.00005149,0.00005250,0.00005078,0.00005150,790078.00000000
1545415200,1545418799,0.00005151,0.00005151,0.00004998,0.00005065,474989.00000000
1545418800,1545422399,0.00005065,0.00005070,0.00004900,0.00004923,595723.00000000
1545422400,1545425999,0.00004923,0.00004941,0.00004878,0.00004912,143687.00000000
1545426000,1545429599,0.00004912,0.00004941,0.00004802,0.00004889,191123.00000000
1545429600,1545433199,0.00004907,0.00004991,0.00004896,0.00004986,257033.00000000
1545433200,1545436799,0.00004959,0.00004959,0.00004930,0.00004930,47760.00000000
1545436800,1545440399,0.00004908,0.00004908,0.00004902,0.00004902,2766.00000000
1545440400,1545443999,0.00004921,0.00004928,0.00004879,0.00004924,226234.00000000
1545444000,1545447599,0.00004928,0.00005063,0.00004893,0.00005012,309905.00000000
1545447600,1545451199,0.00004993,0.00005045,0.00004881,0.00004981,384289.00000000
1545451200,1545454799,0.00004995,0.00005025,0.00004964,0.00004996,138778.00000000
1545454800,1545458399,0.00004998,0.00005015,0.00004991,0.00005015,11415.00000000
1545458400,1545461999,0.00004981,0.00005025,0.00004981,0.00005025,6614.00000000
1545462000,1545465599,0.00005025,0.00005085,0.00005025,0.00005074,140663.00000000
1545465600,1545469199,0.00005085,0.00005111,0.00005058,0.00005102,237008.00000000
1545469200,1545472799,0.00005118,0.00005131,0.00004995,0.00005005,296206.00000000
1545472800,1545476399,0.00005014,0.00005014,0.00004932,0.00004980,186358.00000000
1545476400,1545479999,0.00004974,0.00004977,0.00004919,0.00004955,152630.00000000
1545480000,1545483599,0.00004946,0.00004946,0.00004863,0.00004882,281272.00000000
1545483600,1545487199,0.00004881,0.00004881,0.00004794,0.00004826,225722.00000000
1545487200,1545490799,0.00004811,0.00004811,0.00004811,0.00004811,4923.00000000
1545490800,1545494399,0.00004801,0.00004813,0.00004726,0.00004762,256728.00000000
1545494400,1545497999,0.00004750,0.00004799,0.00004745,0.00004766,48795.00000000
1545498000,1545501599,0.00004779,0.00004799,0.00004748,0.00004785,89971.00000000
1545501600,1545505199,0.00004793,0.00004822,0.00004733,0.00004799,99932.00000000
1545505200,1545508799,0.00004800,0.00004804,0.00004750,0.00004755,52770.00000000
1545508800,1545512399,0.00004759,0.00004766,0.00004730,0.00004747,405376.00000000
1545512400,1545515999,0.00004731,0.00004738,0.00004711,0.00004738,113323.00000000
1545516000,1545519599,0.00004738,0.00004747,0.00004730,0.00004730,50739.00000000
1545519600,1545523199,0.00004720,0.00004791,0.00004709,0.00004764,91404.00000000
1545523200,1545526799,0.00004769,0.00004821,0.00004560,0.00004637,1523747.00000000
1545526800,1545530399,0.00004568,0.00004628,0.00004511,0.00004551,254503.00000000
1545530400,1545533999,0.00004565,0.00004635,0.00004444,0.00004468,423034.00000000
1545534000,1545537599,0.00004460,0.00004460,0.00004373,0.00004373,171648.00000000
1545537600,1545541199,0.00004360,0.00004423,0.00004311,0.00004418,368652.00000000
1545541200,1545544799,0.00004417,0.00004423,0.00004350,0.00004355,69068.00000000
1545544800,1545548399,0.00004359,0.00004415,0.00004359,0.00004410,36293.00000000
1545548400,1545551999,0.00004409,0.00004409,0.00004348,0.00004395,88218.00000000
1545552000,1545555599,0.00004370,0.00004419,0.00004342,0.00004342,88553.00000000
1545555600,1545559199,0.00004351,0.00004367,0.00004287,0.00004335,302971.00000000
1545559200,1545562799,0.00004335,0.00004338,0.00004292,0.00004301,501742.00000000
1545562800,1545566399,0.00004305,0.00004388,0.00004302,0.00004311,99806.00000000
1545566400,1545569999,0.00004353,0.00004409,0.00004352,0.00004409,88413.00000000
1545570000,1545573599,0.00004391,0.00004445,0.00004391,0.00004445,296831.00000000
1545573600,1545577199,0.00004448,0.00004452,0.00004381,0.00004399,158435.00000000
1545577200,1545580799,0.00004420,0.00004420,0.00004336,0.00004336,152264.00000000
1545580800,1545584399,0.00004336,0.00004360,0.00004251,0.00004306,806709.00000000
1545584400,1545587999,0.00004307,0.00004308,0.00004295,0.00004299,54492.00000000
1545588000,1545591599,0.00004289,0.00004303,0.00004266,0.00004298,23958.00000000
1545591600,1545595199,0.00004287,0.00004307,0.00004283,0.00004302,215255.00000000
1545595200,1545598799,0.00004294,0.00004302,0.00004264,0.00004292,71438.00000000
1545598800,1545602399,0.00004289,0.00004313,0.00004251,0.00004274,69915.00000000
1545602400,1545605999,0.00004275,0.00004295,0.00004273,0.00004295,11868.00000000
1545606000,1545609599,0.00004275,0.00004507,0.00004252,0.00004301,122454.00000000
1545609600,1545613199,0.00004296,0.00004296,0.00004000,0.00004106,1678072.00000000
1545613200,1545616799,0.00004108,0.00004134,0.00004026,0.00004035,64327.00000000
1545616800,1545620399,0.00004026,0.00004127,0.00003985,0.00003992,268786.00000000
1545620400,1545623999,0.00003986,0.00004053,0.00003919,0.00003965,219363.00000000
1545624000,1545627599,0.00003977,0.00004004,0.00003969,0.00004004,245842.00000000
1545627600,1545631199,0.00004000,0.00004000,0.00003943,0.00004000,237247.00000000
1545631200,1545634799,0.00004012,0.00004129,0.00004012,0.00004056,161672.00000000
1545634800,1545638399,0.00004056,0.00004092,0.00004055,0.00004056,126942.00000000
1545638400,1545641999,0.00004041,0.00004151,0.00004036,0.00004151,257428.00000000
1545642000,1545645599,0.00004147,0.00004153,0.00004095,0.00004119,116755.00000000
1545645600,1545649199,0.00004144,0.00004199,0.00004099,0.00004120,173014.00000000
1545649200,1545652799,0.00004106,0.00004194,0.00004087,0.00004180,196875.00000000
1545652800,1545656399,0.00004184,0.00004435,0.00004107,0.00004251,853733.00000000
1545656400,1545659999,0.00004262,0.00004284,0.00004136,0.00004202,182288.00000000
1545660000,1545663599,0.00004179,0.00004220,0.00003912,0.00003988,1093572.00000000
1545663600,1545667199,0.00003988,0.00004059,0.00003911,0.00004059,334829.00000000
1545667200,1545670799,0.00004077,0.00004083,0.00003965,0.00004070,365578.00000000
1545670800,1545674399,0.00004070,0.00004086,0.00003974,0.00004014,126830.00000000
1545674400,1545677999,0.00004021,0.00004265,0.00004021,0.00004208,614379.00000000
1545678000,1545681599,0.00004194,0.00004270,0.00004146,0.00004236,250164.00000000
1545681600,1545685199,0.00004192,0.00004195,0.00004147,0.00004195,109316.00000000
1545685200,1545688799,0.00004174,0.00004174,0.00004100,0.00004100,129279.00000000
1545688800,1545692399,0.00004100,0.00004152,0.00004100,0.00004134,38649.00000000
1545692400,1545695999,0.00004134,0.00004197,0.00004087,0.00004149,223597.00000000
1545696000,1545699599,0.00004125,0.00004186,0.00003800,0.00004018,1623564.00000000
1545699600,1545703199,0.00004018,0.00004056,0.00003998,0.00004033,230414.00000000
1545703200,1545706799,0.00004046,0.00004053,0.00004024,0.00004052,162938.00000000
1545706800,1545710399,0.00004052,0.00004124,0.00004034,0.00004109,234308.00000000
1545710400,1545713999,0.00004109,0.00004109,0.00004040,0.00004040,63413.00000000
1545714000,1545717599,0.00004039,0.00004043,0.00003997,0.00003997,57024.00000000
1545717600,1545721199,0.00004052,0.00004060,0.00004044,0.00004060,68010.00000000
1545721200,1545724799,0.00004035,0.00004131,0.00004024,0.00004024,161698.00000000
1545724800,1545728399,0.00004024,0.00004040,0.00003982,0.00004019,130730.00000000
1545728400,1545731999,0.00004057,0.00004238,0.00003997,0.00004020,242936.00000000
1545732000,1545735599,0.00004020,0.00004042,0.00004008,0.00004038,88193.00000000
1545735600,1545739199,0.00004056,0.00004106,0.00004044,0.00004068,228306.00000000
1545739200,1545742799,0.00004067,0.00004069,0.00004033,0.00004054,69228.00000000
1545742800,1545746399,0.00004041,0.00004055,0.00004033,0.00004055,33095.00000000
1545746400,1545749999,0.00004055,0.00004087,0.00003961,0.00004078,301362.00000000
1545750000,1545753599,0.00004078,0.00004102,0.00003993,0.00004045,427857.00000000
1545753600,1545757199,0.00004028,0.00004028,0.00003984,0.00003991,183166.00000000
1545757200,1545760799,0.00004020,0.00004048,0.00003979,0.00004012,166699.00000000
1545760800,1545764399,0.00004033,0.00004037,0.00003962,0.00003962,26026.00000000
1545764400,1545767999,0.00003962,0.00003969,0.00003911,0.00003960,230162.00000000
1545768000,1545771599,0.00003940,0.00003945,0.00003902,0.00003945,21719.00000000
1545771600,1545775199,0.00003931,0.00003951,0.00003878,0.00003898,180773.00000000
1545775200,1545778799,0.00003928,0.00003980,0.00003928,0.00003980,32541.00000000
1545778800,1545782399,0.00004000,0.00004000,0.00003982,0.00003984,38551.00000000
1545782400,1545785999,0.00003983,0.00003983,0.00003933,0.00003933,14881.00000000
1545786000,1545789599,0.00003931,0.00004008,0.00003871,0.00003977,425499.00000000
1545789600,1545793199,0.00003982,0.00003989,0.00003911,0.00003936,55182.00000000
1545793200,1545796799,0.00003942,0.00004081,0.00003942,0.00004000,371452.00000000
1545796800,1545800399,0.00004008,0.00004009,0.00003921,0.00003960,242391.00000000
1545800400,1545803999,0.00003942,0.00003947,0.00003911,0.00003911,271228.00000000
1545804000,1545807599,0.00003921,0.00003954,0.00003911,0.00003911,19358.00000000
1545807600,1545811199,0.00003937,0.00004057,0.00003937,0.00004030,138425.00000000
1545811200,1545814799,0.00004030,0.00004034,0.00004030,0.00004034,6250.00000000
1545814800,1545818399,0.00004026,0.00004065,0.00004008,0.00004049,63058.00000000
1545818400,1545821999,0.00004059,0.00004059,0.00004059,0.00004059,247.00000000
1545822000,1545825599,0.00004039,0.00004079,0.00004039,0.00004079,15000.00000000
1545825600,1545829199,0.00004079,0.00004125,0.00004079,0.00004083,72794.00000000
1545829200,1545832799,0.00004070,0.00004083,0.00004054,0.00004054,66062.00000000
1545832800,1545836399,0.00004083,0.00004127,0.00004083,0.00004127,115338.00000000
1545836400,1545839999,0.00004151,0.00004197,0.00004146,0.00004152,116321.00000000
1545840000,1545843599,0.00004178,0.00004255,0.00004159,0.00004255,196837.00000000
1545843600,1545847199,0.00004255,0.00004448,0.00004250,0.00004280,1509012.00000000
1545847200,1545850799,0.00004302,0.00004376,0.00004239,0.00004239,1195384.00000000
1545850800,1545854399,0.00004250,0.00004250,0.00004220,0.00004220,203266.00000000
1545854400,1545857999,0.00004220,0.00004280,0.00004184,0.00004212,66579.00000000
1545858000,1545861599,0.00004214,0.00004218,0.00004058,0.00004175,458457.00000000
1545861600,1545865199,0.00004174,0.00004175,0.00004132,0.00004151,343256.00000000
1545865200,1545868799,0.00004133,0.00004161,0.00004121,0.00004161,31720.00000000
1545868800,1545872399,0.00004154,0.00004154,0.00004130,0.00004130,14205.00000000
1545872400,1545875999,0.00004136,0.00004190,0.00004136,0.00004182,290947.00000000
1545876000,1545879599,0.00004150,0.00004194,0.00004150,0.00004150,24471.00000000
1545879600,1545883199,0.00004145,0.00004168,0.00004105,0.00004105,30370.00000000
1545883200,1545886799,0.00004122,0.00004164,0.00004122,0.00004138,55845.00000000
1545886800,1545890399,0.00004142,0.00004250,0.00004137,0.00004232,287229.00000000
1545890400,1545893999,0.00004215,0.00004224,0.00004181,0.00004224,57290.00000000
1545894000,1545897599,0.00004221,0.00004297,0.00004221,0.00004264,295432.00000000
1545897600,1545901199,0.00004297,0.00004297,0.00004259,0.00004291,32474.00000000
1545901200,1545904799,0.00004288,0.00004288,0.00004288,0.00004288,234.00000000
1545904800,1545908399,0.00004277,0.00004418,0.00004255,0.00004262,1238841.00000000
1545908400,1545911999,0.00004312,0.00004317,0.00004302,0.00004302,25927.00000000
1545912000,1545915599,0.00004270,0.00004334,0.00004249,0.00004334,153160.00000000
1545915600,1545919199,0.00004336,0.00004339,0.00004299,0.00004299,21415.00000000
1545919200,1545922799,0.00004299,0.00004354,0.00004299,0.00004303,142837.00000000
1545922800,1545926399,0.00004293,0.00004309,0.00004288,0.00004306,57823.00000000
1545926400,1545929999,0.00004334,0.00004350,0.00004290,0.00004347,254617.00000000
1545930000,1545933599,0.00004315,0.00004342,0.00004274,0.00004288,81969.00000000
1545933600,1545937199,0.00004330,0.00004331,0.00004284,0.00004285,33358.00000000
1545937200,1545940799,0.00004303,0.00004418,0.00004218,0.00004290,961158.00000000
1545940800,1545944399,0.00004300,0.00004311,0.00004295,0.00004301,68314.00000000
1545944400,1545947999,0.00004301,0.00004301,0.00004260,0.00004260,13031.00000000
1545948000,1545951599,0.00004260,0.00004361,0.00004249,0.00004277,202725.00000000
1545951600,1545955199,0.00004281,0.00004281,0.00004120,0.00004209,1303167.00000000
1545955200,1545958799,0.00004168,0.00004197,0.00004115,0.00004156,670574.00000000
1545958800,1545962399,0.00004143,0.00004156,0.00004132,0.00004132,91273.00000000
1545962400,1545965999,0.00004161,0.00004173,0.00004131,0.00004161,65813.00000000
1545966000,1545969599,0.00004165,0.00004238,0.00004165,0.00004184,132555.00000000
1545969600,1545973199,0.00004180,0.00004201,0.00004111,0.00004185,195837.00000000
1545973200,1545976799,0.00004198,0.00004201,0.00004137,0.00004137,114167.00000000
1545976800,1545980399,0.00004169,0.00004219,0.00004139,0.00004219,64792.00000000
1545980400,1545983999,0.00004189,0.00004189,0.00004132,0.00004160,251931.00000000
1545984000,1545987599,0.00004169,0.00004263,0.00004169,0.00004192,167716.00000000
1545987600,1545991199,0.00004174,0.00004182,0.00004174,0.00004182,8119.00000000
1545991200,1545994799,0.00004184,0.00004360,0.00004184,0.00004207,162285.00000000
1545994800,1545998399,0.00004198,0.00004199,0.00004180,0.00004180,31470.00000000
1545998400,1546001999,0.00004194,0.00004211,0.00004173,0.00004205,8295.00000000
1546002000,1546005599,0.00004176,0.00004237,0.00004176,0.00004191,76873.00000000
1546005600,1546009199,0.00004207,0.00004251,0.00004207,0.00004251,9361.00000000
1546009200,1546012799,0.00004217,0.00004217,0.00004075,0.00004075,445069.00000000
1546012800,1546016399,0.00004087,0.00004124,0.00003967,0.00004022,330788.00000000
1546016400,1546019999,0.00003991,0.00004170,0.00003966,0.00003971,869162.00000000
1546020000,1546023599,0.00004004,0.00004004,0.00003955,0.00004004,31115.00000000
1546023600,1546027199,0.00003979,0.00003979,0.00003959,0.00003959,12976.00000000
1546027200,1546030799,0.00003981,0.00004027,0.00003951,0.00004027,76851.00000000
1546030800,1546034399,0.00003995,0.00003995,0.00003959,0.00003995,51774.00000000
1546034400,1546037999,0.00003994,0.00004009,0.00003988,0.00003988,51399.00000000
1546038000,1546041599,0.00003955,0.00003986,0.00003877,0.00003910,306470.00000000
1546041600,1546045199,0.00003878,0.00003914,0.00003820,0.00003893,480034.00000000
1546045200,1546048799,0.00003893,0.00003893,0.00003893,0.00003893,0.00000000
1546048800,1546052399,0.00003906,0.00003987,0.00003906,0.00003950,58452.00000000
1546052400,1546055999,0.00003948,0.00003948,0.00003948,0.00003948,293.00000000
1546056000,1546059599,0.00003950,0.00003984,0.00003950,0.00003984,30604.00000000
1546059600,1546063199,0.00003967,0.00003987,0.00003956,0.00003987,26057.00000000
1546063200,1546066799,0.00003987,0.00003988,0.00003949,0.00003949,31634.00000000
1546066800,1546070399,0.00003931,0.00003931,0.00003922,0.00003922,10070.00000000
1546070400,1546073999,0.00003948,0.00003981,0.00003915,0.00003915,42554.00000000
1546074000,1546077599,0.00003915,0.00003915,0.00003894,0.00003915,22386.00000000
1546077600,1546081199,0.00003887,0.00003981,0.00003884,0.00003911,24492.00000000
1546081200,1546084799,0.00003903,0.00003903,0.00003874,0.00003902,13336.00000000
1546084800,1546088399,0.00003915,0.00004099,0.00003912,0.00003912,108836.00000000
1546088400,1546091999,0.00003893,0.00003893,0.00003855,0.00003855,1406.00000000
1546092000,1546095599,0.00003882,0.00003886,0.00003850,0.00003855,90554.00000000
1546095600,1546099199,0.00003832,0.00003856,0.00003821,0.00003821,98626.00000000
1546099200,1546102799,0.00003847,0.00003924,0.00003804,0.00003862,126614.00000000
1546102800,1546106399,0.00003862,0.00003886,0.00003862,0.00003878,115534.00000000
1546106400,1546109999,0.00003855,0.00003855,0.00003855,0.00003855,11130.00000000
1546110000,1546113599,0.00003834,0.00003887,0.00003834,0.00003859,33412.00000000
1546113600,1546117199,0.00003820,0.00003830,0.00003738,0.00003823,174709.00000000
1546117200,1546120799,0.00003815,0.00003815,0.00003700,0.00003729,212592.00000000
1546120800,1546124399,0.00003727,0.00003770,0.00003689,0.00003689,210933.00000000
1546124400,1546127999,0.00003689,0.00003765,0.00003611,0.00003730,374531.00000000
1546128000,1546131599,0.00003730,0.00003874,0.00003730,0.00003821,283366.00000000
1546131600,1546135199,0.00003821,0.00003824,0.00003807,0.00003824,325839.00000000
1546135200,1546138799,0.00003824,0.00003824,0.00003824,0.00003824,0.00000000
1546138800,1546142399,0.00003824,0.00003824,0.00003824,0.00003824,13940.00000000
1546142400,1546145999,0.00003803,0.00003827,0.00003780,0.00003826,35173.00000000
1546146000,1546149599,0.00003792,0.00003814,0.00003792,0.00003814,1489.00000000
1546149600,1546153199,0.00003792,0.00003792,0.00003783,0.00003783,19286.00000000
1546153200,1546156799,0.00003792,0.00003792,0.00003787,0.00003787,5461.00000000
1546156800,1546160399,0.00003793,0.00003874,0.00003793,0.00003832,33781.00000000
1546160400,1546163999,0.00003808,0.00003830,0.00003806,0.00003830,57834.00000000
1546164000,1546167599,0.00003838,0.00003838,0.00003837,0.00003837,27351.00000000
1546167600,1546171199,0.00003854,0.00003858,0.00003852,0.00003852,23744.00000000
1546171200,1546174799,0.00003856,0.00003856,0.00003844,0.00003844,68817.00000000
1546174800,1546178399,0.00003834,0.00003834,0.00003834,0.00003834,9776.00000000
1546178400,1546181999,0.00003816,0.00003816,0.00003784,0.00003784,24760.00000000
1546182000,1546185599,0.00003796,0.00003796,0.00003796,0.00003796,2393.00000000
1546185600,1546189199,0.00003824,0.00003825,0.00003824,0.00003825,2262.00000000
1546189200,1546192799,0.00003825,0.00003825,0.00003825,0.00003825,0.00000000
1546192800,1546196399,0.00003844,0.00003850,0.00003835,0.00003835,12614.00000000
1546196400,1546199999,0.00003803,0.00003803,0.00003719,0.00003780,83666.00000000
1546200000,1546203599,0.00003781,0.00003812,0.00003726,0.00003812,304713.00000000
1546203600,1546207199,0.00003762,0.00003796,0.00003762,0.00003781,7568.00000000
1546207200,1546210799,0.00003794,0.00003812,0.00003794,0.00003812,16357.00000000
1546210800,1546214399,0.00003802,0.00003812,0.00003800,0.00003800,16050.00000000
1546214400,1546217999,0.00003785,0.00003825,0.00003785,0.00003825,52977.00000000
1546218000,1546221599,0.00003835,0.00003854,0.00003823,0.00003823,32952.00000000
1546221600,1546225199,0.00003823,0.00003854,0.00003823,0.00003854,10909.00000000
1546225200,1546228799,0.00003854,0.00003854,0.00003839,0.00003839,4652.00000000
1546228800,1546232399,0.00003854,0.00003854,0.00003839,0.00003839,26089.00000000
1546232400,1546235999,0.00003839,0.00003839,0.00003839,0.00003839,15919.00000000
1546236000,1546239599,0.00003832,0.00003832,0.00003806,0.00003826,3450.00000000
1546239600,1546243199,0.00003810,0.00003861,0.00003810,0.00003860,54665.00000000
1546243200,1546246799,0.00003832,0.00003835,0.00003831,0.00003835,82153.00000000
1546246800,1546250399,0.00003800,0.00003808,0.00003794,0.00003808,9947.00000000
1546250400,1546253999,0.00003838,0.00003838,0.00003790,0.00003804,62031.00000000
1546254000,1546257599,0.00003812,0.00003812,0.00003803,0.00003809,55719.00000000
1546257600,1546261199,0.00003809,0.00003809,0.00003809,0.00003809,1500.00000000
1546261200,1546264799,0.00003799,0.00003799,0.00003790,0.00003790,7975.00000000
1546264800,1546268399,0.00003815,0.00003815,0.00003795,0.00003795,17436.00000000
1546268400,1546271999,0.00003814,0.00003815,0.00003797,0.00003815,15864.00000000
1546272000,1546275599,0.00003815,0.00003847,0.00003815,0.00003826,27872.00000000
1546275600,1546279199,0.00003828,0.00003847,0.00003826,0.00003847,32375.00000000
1546279200,1546282799,0.00003847,0.00003847,0.00003847,0.00003847,8108.00000000
1546282800,1546286399,0.00003826,0.00003890,0.00003826,0.00003884,92605.00000000
1546286400,1546289999,0.00003890,0.00003899,0.00003838,0.00003838,65525.00000000
1546290000,1546293599,0.00003851,0.00003861,0.00003847,0.00003861,12440.00000000
1546293600,1546297199,0.00003835,0.00003897,0.00003835,0.00003897,11079.00000000
1546297200,1546300799,0.00003838,0.00003838,0.00003835,0.00003837,25329.00000000
1546300800,1546304399,0.00003840,0.00003840,0.00003833,0.00003833,9677.00000000
1546304400,1546307999,0.00003833,0.00003833,0.00003833,0.00003833,4053.00000000
1546308000,1546311599,0.00003833,0.00003842,0.00003780,0.00003842,78041.00000000
1546311600,1546315199,0.00003827,0.00003827,0.00003827,0.00003827,9974.00000000
1546315200,1546318799,0.00003826,0.00003826,0.00003767,0.00003768,45477.00000000
1546318800,1546322399,0.00003787,0.00003963,0.00003787,0.00003904,354047.00000000
1546322400,1546325999,0.00003930,0.00003954,0.00003864,0.00003901,219882.00000000
1546326000,1546329599,0.00003901,0.00003926,0.00003886,0.00003916,67367.00000000
1546329600,1546333199,0.00003910,0.00003927,0.00003884,0.00003884,46036.00000000
1546333200,1546336799,0.00003873,0.00003875,0.00003842,0.00003842,121089.00000000
1546336800,1546340399,0.00003855,0.00003856,0.00003855,0.00003856,29208.00000000
1546340400,1546343999,0.00003853,0.00003853,0.00003817,0.00003817,6168.00000000
1546344000,1546347599,0.00003817,0.00003817,0.00003817,0.00003817,2097.00000000
1546347600,1546351199,0.00003817,0.00003895,0.00003813,0.00003895,28116.00000000
1546351200,1546354799,0.00003873,0.00003873,0.00003829,0.00003829,58345.00000000
1546354800,1546358399,0.00003859,0.00003868,0.00003769,0.00003822,216066.00000000
1546358400,1546361999,0.00003822,0.00003836,0.00003822,0.00003836,4243.00000000
1546362000,1546365599,0.00003840,0.00003840,0.00003813,0.00003824,34444.00000000
1546365600,1546369199,0.00003816,0.00003833,0.00003800,0.00003803,415786.00000000
1546369200,1546372799,0.00003783,0.00003840,0.00003740,0.00003743,140183.00000000
1546372800,1546376399,0.00003750,0.00003791,0.00003678,0.00003748,232458.00000000
1546376400,1546379999,0.00003720,0.00003720,0.00003700,0.00003707,29762.00000000
1546380000,1546383599,0.00003722,0.00003723,0.00003722,0.00003723,20000.00000000
1546383600,1546387199,0.00003727,0.00003782,0.00003702,0.00003782,114470.00000000
1546387200,1546390799,0.00003773,0.00003774,0.00003761,0.00003761,57145.00000000
1546390800,1546394399,0.00003782,0.00003782,0.00003729,0.00003766,59110.00000000
1546394400,1546397999,0.00003775,0.00003870,0.00003775,0.00003793,70320.00000000
1546398000,1546401599,0.00003783,0.00003784,0.00003778,0.00003778,20003.00000000
1546401600,1546405199,0.00003777,0.00003777,0.00003777,0.00003777,9264.00000000
1546405200,1546408799,0.00003763,0.00003763,0.00003763,0.00003763,912.00000000
1546408800,1546412399,0.00003737,0.00003737,0.00003737,0.00003737,18063.00000000
1546412400,1546415999,0.00003734,0.00003734,0.00003650,0.00003696,141387.00000000
1546416000,1546419599,0.00003628,0.00003720,0.00003606,0.00003655,112646.00000000
1546419600,1546423199,0.00003643,0.00003649,0.00003609,0.00003609,96548.00000000
1546423200,1546426799,0.00003629,0.00003629,0.00003555,0.00003555,266550.00000000
1546426800,1546430399,0.00003576,0.00003700,0.00003554,0.00003590,279202.00000000
1546430400,1546433999,0.00003605,0.00003661,0.00003605,0.00003606,23562.00000000
1546434000,1546437599,0.00003642,0.00003734,0.00003571,0.00003571,64239.00000000
1546437600,1546441199,0.00003564,0.00003564,0.00003524,0.00003560,140031.00000000
1546441200,1546444799,0.00003558,0.00003635,0.00003548,0.00003556,64877.00000000
1546444800,1546448399,0.00003560,0.00003583,0.00003557,0.00003582,78921.00000000
1546448400,1546451999,0.00003624,0.00003624,0.00003624,0.00003624,31255.00000000
1546452000,1546455599,0.00003609,0.00003632,0.00003609,0.00003626,14916.00000000
1546455600,1546459199,0.00003626,0.00003626,0.00003594,0.00003594,16263.00000000
1546459200,1546462799,0.00003625,0.00003649,0.00003625,0.00003626,21522.00000000
1546462800,1546466399,0.00003635,0.00003638,0.00003584,0.00003584,94440.00000000
1546466400,1546469999,0.00003573,0.00003573,0.00003472,0.00003485,754836.00000000
1546470000,1546473599,0.00003475,0.00003522,0.00003475,0.00003522,151819.00000000
1546473600,1546477199,0.00003517,0.00003568,0.00003517,0.00003568,113735.00000000
1546477200,1546480799,0.00003553,0.00003580,0.00003534,0.00003550,36485.00000000
1546480800,1546484399,0.00003543,0.00003562,0.00003543,0.00003562,15056.00000000
1546484400,1546487999,0.00003562,0.00003562,0.00003562,0.00003562,2777.00000000
1546488000,1546491599,0.00003535,0.00003564,0.00003505,0.00003510,84061.00000000
1546491600,1546495199,0.00003500,0.00003534,0.00003500,0.00003534,21736.00000000
1546495200,1546498799,0.00003495,0.00003519,0.00003477,0.00003518,95781.00000000
1546498800,1546502399,0.00003517,0.00003529,0.00003517,0.00003517,20718.00000000
1546502400,1546505999,0.00003555,0.00003622,0.00003555,0.00003622,131283.00000000
1546506000,1546509599,0.00003628,0.00003682,0.00003616,0.00003669,132561.00000000
1546509600,1546513199,0.00003668,0.00003669,0.00003619,0.00003619,139489.00000000
1546513200,1546516799,0.00003618,0.00003652,0.00003616,0.00003652,131057.00000000
1546516800,1546520399,0.00003652,0.00003661,0.00003594,0.00003594,1047389.00000000
1546520400,1546523999,0.00003588,0.00003618,0.00003568,0.00003618,301014.00000000
1546524000,1546527599,0.00003630,0.00003630,0.00003617,0.00003618,168882.00000000
1546527600,1546531199,0.00003623,0.00003658,0.00003589,0.00003589,164888.00000000
1546531200,1546534799,0.00003598,0.00003624,0.00003584,0.00003603,192644.00000000
1546534800,1546538399,0.00003620,0.00003623,0.00003620,0.00003623,30793.00000000
1546538400,1546541999,0.00003591,0.00003634,0.00003555,0.00003628,166012.00000000
1546542000,1546545599,0.00003623,0.00003623,0.00003596,0.00003596,9831.00000000
1546545600,1546549199,0.00003605,0.00003605,0.00003549,0.00003549,33456.00000000
1546549200,1546552799,0.00003559,0.00003603,0.00003559,0.00003600,174858.00000000
1546552800,1546556399,0.00003600,0.00003600,0.00003600,0.00003600,0.00000000
1546556400,1546559999,0.00003550,0.00003599,0.00003550,0.00003599,11082.00000000
1546560000,1546563599,0.00003556,0.00003603,0.00003549,0.00003582,136167.00000000
1546563600,1546567199,0.00003549,0.00003551,0.00003515,0.00003524,72074.00000000
1546567200,1546570799,0.00003550,0.00003550,0.00003550,0.00003550,29347.00000000
1546570800,1546574399,0.00003550,0.00003612,0.00003493,0.00003522,71217.00000000
1546574400,1546577999,0.00003505,0.00003531,0.00003504,0.00003504,100490.00000000
1546578000,1546581599,0.00003487,0.00003487,0.00003431,0.00003483,112284.00000000
1546581600,1546585199,0.00003434,0.00003447,0.00003434,0.00003434,24052.00000000
1546585200,1546588799,0.00003453,0.00003453,0.00003411,0.00003438,4733.00000000
1546588800,1546592399,0.00003448,0.00003487,0.00003413,0.00003487,145929.00000000
1546592400,1546595999,0.00003465,0.00003491,0.00003465,0.00003491,76589.00000000
1546596000,1546599599,0.00003495,0.00003495,0.00003458,0.00003458,9884.00000000
1546599600,1546603199,0.00003458,0.00003458,0.00003458,0.00003458,51651.00000000
1546603200,1546606799,0.00003465,0.00003465,0.00003453,0.00003453,8629.00000000
1546606800,1546610399,0.00003449,0.00003471,0.00003443,0.00003449,68356.00000000
1546610400,1546613999,0.00003455,0.00003514,0.00003455,0.00003485,47025.00000000
1546614000,1546617599,0.00003508,0.00003519,0.00003488,0.00003492,83744.00000000
1546617600,1546621199,0.00003496,0.00003496,0.00003496,0.00003496,5000.00000000
1546621200,1546624799,0.00003496,0.00003504,0.00003471,0.00003504,34096.00000000
1546624800,1546628399,0.00003508,0.00003520,0.00003482,0.00003482,238627.00000000
1546628400,1546631999,0.00003479,0.00003479,0.00003479,0.00003479,6800.00000000
1546632000,1546635599,0.00003505,0.00003590,0.00003505,0.00003554,63784.00000000
1546635600,1546639199,0.00003539,0.00003556,0.00003444,0.00003492,392905.00000000
1546639200,1546642799,0.00003488,0.00003492,0.00003459,0.00003492,90242.00000000
1546642800,1546646399,0.00003504,0.00003516,0.00003504,0.00003516,16203.00000000
1546646400,1546649999,0.00003483,0.00003483,0.00003420,0.00003437,117925.00000000
1546650000,1546653599,0.00003411,0.00003442,0.00003399,0.00003399,115246.00000000
1546653600,1546657199,0.00003400,0.00003422,0.00003380,0.00003420,51882.00000000
1546657200,1546660799,0.00003414,0.00003424,0.00003414,0.00003422,84767.00000000
1546660800,1546664399,0.00003377,0.00003409,0.00003377,0.00003409,45675.00000000
1546664400,1546667999,0.00003404,0.00003404,0.00003402,0.00003402,24070.00000000
1546668000,1546671599,0.00003380,0.00003455,0.00003380,0.00003420,5354.00000000
1546671600,1546675199,0.00003420,0.00003420,0.00003420,0.00003420,0.00000000
1546675200,1546678799,0.00003475,0.00003475,0.00003475,0.00003475,16982.00000000
1546678800,1546682399,0.00003436,0.00003479,0.00003436,0.00003477,136577.00000000
1546682400,1546685999,0.00003455,0.00003481,0.00003451,0.00003452,10343.00000000
1546686000,1546689599,0.00003431,0.00003446,0.00003421,0.00003422,38940.00000000
1546689600,1546693199,0.00003420,0.00003431,0.00003352,0.00003430,181547.00000000
1546693200,1546696799,0.00003405,0.00003447,0.00003405,0.00003447,147588.00000000
1546696800,1546700399,0.00003437,0.00003441,0.00003431,0.00003441,76845.00000000
1546700400,1546703999,0.00003402,0.00003428,0.00003402,0.00003428,4610.00000000
1546704000,1546707599,0.00003452,0.00003455,0.00003428,0.00003455,24854.00000000
1546707600,1546711199,0.00003438,0.00003464,0.00003438,0.00003439,15080.00000000
1546711200,1546714799,0.00003437,0.00003437,0.00003417,0.00003418,20511.00000000
1546714800,1546718399,0.00003415,0.00003434,0.00003385,0.00003434,31839.00000000
1546718400,1546721999,0.00003430,0.00003430,0.00003430,0.00003430,1500.00000000
1546722000,1546725599,0.00003444,0.00003449,0.00003421,0.00003447,13812.00000000
1546725600,1546729199,0.00003423,0.00003475,0.00003420,0.00003420,47146.00000000
1546729200,1546732799,0.00003406,0.00003427,0.00003400,0.00003419,15141.00000000
1546732800,1546736399,0.00003422,0.00003435,0.00003422,0.00003435,27278.00000000
1546736400,1546739999,0.00003447,0.00003577,0.00003447,0.00003545,420364.00000000
1546740000,1546743599,0.00003544,0.00003560,0.00003532,0.00003556,29473.00000000
1546743600,1546747199,0.00003564,0.00003564,0.00003564,0.00003564,1400.00000000
1546747200,1546750799,0.00003562,0.00003562,0.00003562,0.00003562,33081.00000000
1546750800,1546754399,0.00003524,0.00003638,0.00003524,0.00003615,285007.00000000
1546754400,1546757999,0.00003591,0.00003614,0.00003548,0.00003549,88975.00000000
1546758000,1546761599,0.00003575,0.00003590,0.00003575,0.00003577,32713.00000000
1546761600,1546765199,0.00003571,0.00003603,0.00003567,0.00003602,39548.00000000
1546765200,1546768799,0.00003600,0.00003600,0.00003555,0.00003570,74398.00000000
1546768800,1546772399,0.00003586,0.00003586,0.00003570,0.00003570,16187.00000000
1546772400,1546775999,0.00003553,0.00003553,0.00003553,0.00003553,2705.00000000
1546776000,1546779599,0.00003556,0.00003588,0.00003550,0.00003556,75439.00000000
1546779600,1546783199,0.00003543,0.00003571,0.00003543,0.00003571,6050.00000000
1546783200,1546786799,0.00003571,0.00003571,0.00003571,0.00003571,1724.00000000
1546786800,1546790399,0.00003571,0.00003574,0.00003571,0.00003574,62016.00000000
1546790400,1546793999,0.00003584,0.00003614,0.00003504,0.00003584,321876.00000000
1546794000,1546797599,0.00003582,0.00003616,0.00003557,0.00003615,215259.00000000
1546797600,1546801199,0.00003608,0.00003628,0.00003599,0.00003627,112729.00000000
1546801200,1546804799,0.00003619,0.00003619,0.00003585,0.00003587,27225.00000000
1546804800,1546808399,0.00003614,0.00003631,0.00003597,0.00003631,76418.00000000
1546808400,1546811999,0.00003617,0.00003619,0.00003564,0.00003598,365563.00000000
1546812000,1546815599,0.00003598,0.00003639,0.00003598,0.00003616,112473.00000000
1546815600,1546819199,0.00003632,0.00003632,0.00003632,0.00003632,47213.00000000
1546819200,1546822799,0.00003630,0.00003662,0.00003582,0.00003660,271727.00000000
1546822800,1546826399,0.00003642,0.00003666,0.00003639,0.00003647,30543.00000000
1546826400,1546829999,0.00003661,0.00003663,0.00003660,0.00003662,61830.00000000
1546830000,1546833599,0.00003660,0.00003660,0.00003660,0.00003660,7276.00000000
1546833600,1546837199,0.00003659,0.00003659,0.00003648,0.00003648,4090.00000000
1546837200,1546840799,0.00003649,0.00003657,0.00003648,0.00003657,58292.00000000
1546840800,1546844399,0.00003657,0.00003657,0.00003657,0.00003657,13672.00000000
1546844400,1546847999,0.00003648,0.00003659,0.00003612,0.00003653,194262.00000000
1546848000,1546851599,0.00003643,0.00003663,0.00003643,0.00003663,61524.00000000
1546851600,1546855199,0.00003663,0.00003995,0.00003652,0.00003971,1311562.00000000
1546855200,1546858799,0.00003991,0.00004123,0.00003821,0.00003927,4086931.00000000
1546858800,1546862399,0.00003927,0.00003927,0.00003837,0.00003838,369431.00000000
1546862400,1546865999,0.00003845,0.00003845,0.00003764,0.00003820,348691.00000000
1546866000,1546869599,0.00003825,0.00004005,0.00003771,0.00003799,1544478.00000000
1546869600,1546873199,0.00003796,0.00003818,0.00003781,0.00003781,282705.00000000
1546873200,1546876799,0.00003801,0.00003898,0.00003780,0.00003780,154744.00000000
1546876800,1546880399,0.00003800,0.00003902,0.00003781,0.00003876,412453.00000000
1546880400,1546883999,0.00003884,0.00003912,0.00003836,0.00003912,227942.00000000
1546884000,1546887599,0.00003913,0.00004045,0.00003810,0.00003811,1647341.00000000
1546887600,1546891199,0.00003816,0.00003870,0.00003690,0.00003782,1166431.00000000
1546891200,1546894799,0.00003782,0.00003867,0.00003772,0.00003865,582924.00000000
1546894800,1546898399,0.00003867,0.00003931,0.00003863,0.00003931,467526.00000000
1546898400,1546901999,0.00003931,0.00003949,0.00003861,0.00003868,337370.00000000
1546902000,1546905599,0.00003888,0.00003931,0.00003850,0.00003911,387765.00000000
1546905600,1546909199,0.00003898,0.00003929,0.00003856,0.00003856,321590.00000000
1546909200,1546912799,0.00003851,0.00003882,0.00003847,0.00003882,169139.00000000
1546912800,1546916399,0.00003910,0.00003948,0.00003850,0.00003901,231102.00000000
1546916400,1546919999,0.00003903,0.00003928,0.00003902,0.00003908,76980.00000000
1546920000,1546923599,0.00003908,0.00003923,0.00003887,0.00003923,333247.00000000
1546923600,1546927199,0.00003923,0.00003926,0.00003886,0.00003914,36120.00000000
1546927200,1546930799,0.00003923,0.00003962,0.00003923,0.00003930,125908.00000000
1546930800,1546934399,0.00003948,0.00003978,0.00003939,0.00003939,91561.00000000
1546934400,1546937999,0.00003939,0.00003994,0.00003939,0.00003977,406093.00000000
1546938000,1546941599,0.00003976,0.00003994,0.00003951,0.00003954,77726.00000000
1546941600,1546945199,0.00003949,0.00003978,0.00003949,0.00003974,39539.00000000
1546945200,1546948799,0.00003979,0.00003987,0.00003861,0.00003941,364678.00000000
1546948800,1546952399,0.00003919,0.00003938,0.00003899,0.00003927,337477.00000000
1546952400,1546955999,0.00003933,0.00003954,0.00003869,0.00003911,923082.00000000
1546956000,1546959599,0.00003935,0.00003935,0.00003914,0.00003934,118446.00000000
1546959600,1546963199,0.00003911,0.00003963,0.00003866,0.00003963,656284.00000000
1546963200,1546966799,0.00003976,0.00003976,0.00003906,0.00003968,105935.00000000
1546966800,1546970399,0.00003939,0.00003968,0.00003920,0.00003951,48075.00000000
1546970400,1546973999,0.00003951,0.00003951,0.00003916,0.00003942,159493.00000000
1546974000,1546977599,0.00003921,0.00003921,0.00003912,0.00003913,129910.00000000
1546977600,1546981199,0.00003916,0.00003931,0.00003905,0.00003931,318709.00000000
1546981200,1546984799,0.00003923,0.00003923,0.00003904,0.00003919,49859.00000000
1546984800,1546988399,0.00003918,0.00003925,0.00003907,0.00003907,398696.00000000
1546988400,1546991999,0.00003897,0.00003924,0.00003891,0.00003924,33494.00000000
1546992000,1546995599,0.00003912,0.00003918,0.00003878,0.00003892,155714.00000000
1546995600,1546999199,0.00003878,0.00003898,0.00003846,0.00003861,276017.00000000
1546999200,1547002799,0.00003866,0.00003866,0.00003850,0.00003862,59232.00000000
1547002800,1547006399,0.00003862,0.00003862,0.00003844,0.00003844,79764.00000000
1547006400,1547009999,0.00003860,0.00003872,0.00003860,0.00003872,134498.00000000
1547010000,1547013599,0.00003897,0.00003910,0.00003884,0.00003892,77035.00000000
1547013600,1547017199,0.00003888,0.00003892,0.00003879,0.00003890,43880.00000000
1547017200,1547020799,0.00003905,0.00003906,0.00003878,0.00003884,74992.00000000
1547020800,1547024399,0.00003903,0.00003917,0.00003882,0.00003911,144456.00000000
1547024400,1547027999,0.00003911,0.00003927,0.00003910,0.00003926,49771.00000000
1547028000,1547031599,0.00003926,0.00003999,0.00003926,0.00003959,95442.00000000
1547031600,1547035199,0.00003939,0.00003947,0.00003926,0.00003947,19000.00000000
1547035200,1547038799,0.00003947,0.00004010,0.00003927,0.00003949,333658.00000000
1547038800,1547042399,0.00003928,0.00003955,0.00003921,0.00003921,155400.00000000
1547042400,1547045999,0.00003925,0.00003944,0.00003921,0.00003931,53075.00000000
1547046000,1547049599,0.00003929,0.00003929,0.00003916,0.00003916,39221.00000000
1547049600,1547053199,0.00003926,0.00003926,0.00003917,0.00003920,159069.00000000
1547053200,1547056799,0.00003920,0.00004000,0.00003920,0.00003982,189007.00000000
1547056800,1547060399,0.00004000,0.00004040,0.00003978,0.00004039,643242.00000000
1547060400,1547063999,0.00004040,0.00004042,0.00003952,0.00003981,309258.00000000
1547064000,1547067599,0.00003960,0.00003961,0.00003960,0.00003961,10218.00000000
1547067600,1547071199,0.00003987,0.00003989,0.00003961,0.00003961,225484.00000000
1547071200,1547074799,0.00003961,0.00003962,0.00003961,0.00003962,79570.00000000
1547074800,1547078399,0.00003977,0.00003977,0.00003923,0.00003952,68055.00000000
1547078400,1547081999,0.00003965,0.00003995,0.00003964,0.00003995,228414.00000000
1547082000,1547085599,0.00003967,0.00003967,0.00003961,0.00003961,11831.00000000
1547085600,1547089199,0.00003961,0.00003961,0.00003961,0.00003961,0.00000000
1547089200,1547092799,0.00003971,0.00003971,0.00003971,0.00003971,21761.00000000
1547092800,1547096399,0.00003971,0.00003994,0.00003971,0.00003979,92876.00000000
1547096400,1547099999,0.00003980,0.00004015,0.00003980,0.00004015,110327.00000000
1547100000,1547103599,0.00004015,0.00004201,0.00003964,0.00003997,1322129.00000000
1547103600,1547107199,0.00003988,0.00003995,0.00003942,0.00003988,310704.00000000
1547107200,1547110799,0.00003974,0.00004012,0.00003960,0.00003993,56340.00000000
1547110800,1547114399,0.00004005,0.00004090,0.00004005,0.00004083,260530.00000000
1547114400,1547117999,0.00004049,0.00004067,0.00004031,0.00004059,152358.00000000
1547118000,1547121599,0.00004048,0.00004048,0.00003994,0.00004011,164698.00000000
1547121600,1547125199,0.00003975,0.00004022,0.00003954,0.00004003,105077.00000000
1547125200,1547128799,0.00004000,0.00004023,0.00003987,0.00003994,88565.00000000
1547128800,1547132399,0.00003991,0.00004185,0.00003949,0.00004166,1320444.00000000
1547132400,1547135999,0.00004165,0.00004176,0.00004095,0.00004095,93579.00000000
1547136000,1547139599,0.00004096,0.00004096,0.00003988,0.00004039,515780.00000000
1547139600,1547143199,0.00004040,0.00004078,0.00004003,0.00004003,228546.00000000
1547143200,1547146799,0.00004008,0.00004072,0.00003977,0.00004072,211451.00000000
1547146800,1547150399,0.00004027,0.00004072,0.00003976,0.00003995,563954.00000000
1547150400,1547153999,0.00003977,0.00003989,0.00003953,0.00003987,282456.00000000
1547154000,1547157599,0.00003980,0.00003994,0.00003980,0.00003982,37133.00000000
1547157600,1547161199,0.00003991,0.00003992,0.00003963,0.00003963,25624.00000000
1547161200,1547164799,0.00003987,0.00004010,0.00003987,0.00003991,71580.00000000
1547164800,1547168399,0.00004021,0.00004021,0.00003992,0.00003992,17199.00000000
1547168400,1547171999,0.00003958,0.00003977,0.00003949,0.00003964,134536.00000000
1547172000,1547175599,0.00003995,0.00003999,0.00003995,0.00003999,76390.00000000
1547175600,1547179199,0.00003962,0.00003980,0.00003941,0.00003972,98820.00000000
1547179200,1547182799,0.00003962,0.00003963,0.00003918,0.00003959,92171.00000000
1547182800,1547186399,0.00003953,0.00003965,0.00003953,0.00003965,42190.00000000
1547186400,1547189999,0.00003948,0.00003967,0.00003947,0.00003966,90730.00000000
1547190000,1547193599,0.00003948,0.00003954,0.00003948,0.00003954,3671.00000000
1547193600,1547197199,0.00003966,0.00004080,0.00003966,0.00003974,238855.00000000
1547197200,1547200799,0.00004014,0.00004072,0.00004009,0.00004072,98556.00000000
1547200800,1547204399,0.00004063,0.00004103,0.00004009,0.00004094,407536.00000000
1547204400,1547207999,0.00004087,0.00004097,0.00004050,0.00004089,103065.00000000
1547208000,1547211599,0.00004058,0.00004068,0.00004058,0.00004068,41947.00000000
1547211600,1547215199,0.00004084,0.00004092,0.00004067,0.00004067,119567.00000000
1547215200,1547218799,0.00004057,0.00004061,0.00004035,0.00004035,230103.00000000
1547218800,1547222399,0.00004035,0.00004078,0.00004018,0.00004078,63570.00000000
1547222400,1547225999,0.00004078,0.00004083,0.00004009,0.00004077,328869.00000000
1547226000,1547229599,0.00004039,0.00004039,0.00004033,0.00004039,17962.00000000
1547229600,1547233199,0.00004039,0.00004112,0.00004039,0.00004055,132301.00000000
1547233200,1547236799,0.00004055,0.00004060,0.00004037,0.00004060,56604.00000000
1547236800,1547240399,0.00004060,0.00004087,0.00004008,0.00004087,102215.00000000
1547240400,1547243999,0.00004077,0.00004077,0.00004043,0.00004055,14461.00000000
1547244000,1547247599,0.00004059,0.00004059,0.00004059,0.00004059,25311.00000000
1547247600,1547251199,0.00004066,0.00004092,0.00004033,0.00004033,96077.00000000
1547251200,1547254799,0.00004033,0.00004033,0.00004005,0.00004020,25568.00000000
1547254800,1547258399,0.00004019,0.00004027,0.00004008,0.00004027,17428.00000000
1547258400,1547261999,0.00004005,0.00004010,0.00003906,0.00003940,342405.00000000
1547262000,1547265599,0.00003953,0.00003965,0.00003923,0.00003935,226009.00000000
1547265600,1547269199,0.00003946,0.00003969,0.00003932,0.00003947,61655.00000000
1547269200,1547272799,0.00003945,0.00003945,0.00003945,0.00003945,508.00000000
1547272800,1547276399,0.00003953,0.00003958,0.00003940,0.00003958,120605.00000000
1547276400,1547279999,0.00003953,0.00003953,0.00003953,0.00003953,434.00000000
1547280000,1547283599,0.00003972,0.00003972,0.00003968,0.00003968,7368.00000000
1547283600,1547287199,0.00003956,0.00003956,0.00003955,0.00003955,10000.00000000
1547287200,1547290799,0.00003944,0.00003945,0.00003944,0.00003945,7715.00000000
1547290800,1547294399,0.00003945,0.00003945,0.00003945,0.00003945,11615.00000000
1547294400,1547297999,0.00003953,0.00003955,0.00003894,0.00003949,78497.00000000
1547298000,1547301599,0.00003952,0.00004003,0.00003910,0.00003947,407498.00000000
1547301600,1547305199,0.00003959,0.00003974,0.00003943,0.00003965,58531.00000000
1547305200,1547308799,0.00003977,0.00003977,0.00003976,0.00003976,6404.00000000
1547308800,1547312399,0.00003977,0.00003996,0.00003930,0.00003950,87511.00000000
1547312400,1547315999,0.00003946,0.00003988,0.00003946,0.00003955,30114.00000000
1547316000,1547319599,0.00003955,0.00004048,0.00003955,0.00003999,535021.00000000
1547319600,1547323199,0.00004021,0.00004057,0.00004021,0.00004052,142346.00000000
1547323200,1547326799,0.00004057,0.00004071,0.00004057,0.00004065,94686.00000000
1547326800,1547330399,0.00004062,0.00004062,0.00004062,0.00004062,500.00000000
1547330400,1547333999,0.00004037,0.00004093,0.00004037,0.00004082,92185.00000000
1547334000,1547337599,0.00004106,0.00004106,0.00004047,0.00004047,3796.00000000
1547337600,1547341199,0.00004073,0.00004073,0.00004073,0.00004073,248.00000000
1547341200,1547344799,0.00004093,0.00004093,0.00004009,0.00004026,363743.00000000
1547344800,1547348399,0.00004027,0.00004039,0.00003963,0.00003999,440492.00000000
1547348400,1547351999,0.00004012,0.00004022,0.00003999,0.00003999,31809.00000000
1547352000,1547355599,0.00004010,0.00004013,0.00004010,0.00004013,14596.00000000
1547355600,1547359199,0.00004013,0.00004013,0.00004013,0.00004013,0.00000000
1547359200,1547362799,0.00004013,0.00004045,0.00004013,0.00004022,35464.00000000
1547362800,1547366399,0.00004014,0.00004014,0.00004007,0.00004007,7950.00000000
1547366400,1547369999,0.00004021,0.00004070,0.00004012,0.00004070,51041.00000000
1547370000,1547373599,0.00004025,0.00004056,0.00004025,0.00004056,16799.00000000
1547373600,1547377199,0.00004058,0.00004072,0.00004027,0.00004027,32773.00000000
1547377200,1547380799,0.00004059,0.00004065,0.00004027,0.00004062,75491.00000000
1547380800,1547384399,0.00004059,0.00004148,0.00004055,0.00004083,911136.00000000
1547384400,1547387999,0.00004107,0.00004140,0.00004107,0.00004140,325150.00000000
1547388000,1547391599,0.00004085,0.00004087,0.00004084,0.00004084,42710.00000000
1547391600,1547395199,0.00004084,0.00004101,0.00004038,0.00004100,51292.00000000
1547395200,1547398799,0.00004102,0.00004198,0.00004091,0.00004150,195128.00000000
1547398800,1547402399,0.00004164,0.00004167,0.00004126,0.00004126,24789.00000000
1547402400,1547405999,0.00004160,0.00004201,0.00004088,0.00004200,408708.00000000
1547406000,1547409599,0.00004219,0.00004247,0.00004182,0.00004226,91743.00000000
1547409600,1547413199,0.00004191,0.00004191,0.00004172,0.00004172,49110.00000000
1547413200,1547416799,0.00004168,0.00004171,0.00004136,0.00004155,167518.00000000
1547416800,1547420399,0.00004147,0.00004178,0.00004146,0.00004178,9537.00000000
1547420400,1547423999,0.00004178,0.00004178,0.00004178,0.00004178,0.00000000
1547424000,1547427599,0.00004173,0.00004199,0.00004166,0.00004199,238911.00000000
1547427600,1547431199,0.00004181,0.00004199,0.00004146,0.00004146,126079.00000000
1547431200,1547434799,0.00004129,0.00004167,0.00004128,0.00004161,253083.00000000
1547434800,1547438399,0.00004159,0.00004167,0.00004150,0.00004167,135090.00000000
1547438400,1547441999,0.00004177,0.00004188,0.00004177,0.00004184,44098.00000000
1547442000,1547445599,0.00004179,0.00004184,0.00004155,0.00004184,29844.00000000
1547445600,1547449199,0.00004168,0.00004183,0.00004143,0.00004143,99787.00000000
1547449200,1547452799,0.00004144,0.00004168,0.00004144,0.00004168,142148.00000000
1547452800,1547456399,0.00004155,0.00004158,0.00004132,0.00004158,137101.00000000
1547456400,1547459999,0.00004152,0.00004152,0.00004152,0.00004152,52570.00000000
1547460000,1547463599,0.00004157,0.00004192,0.00004152,0.00004192,135303.00000000
1547463600,1547467199,0.00004196,0.00004196,0.00004170,0.00004172,116874.00000000
1547467200,1547470799,0.00004151,0.00004196,0.00004142,0.00004176,55998.00000000
1547470800,1547474399,0.00004176,0.00004176,0.00004176,0.00004176,301.00000000
1547474400,1547477999,0.00004196,0.00004196,0.00004150,0.00004186,7887.00000000
1547478000,1547481599,0.00004178,0.00004181,0.00004001,0.00004015,636089.00000000
1547481600,1547485199,0.00004020,0.00004020,0.00003900,0.00004014,423982.00000000
1547485200,1547488799,0.00003996,0.00004010,0.00003952,0.00003952,73211.00000000
1547488800,1547492399,0.00003961,0.00004066,0.00003904,0.00004056,884799.00000000
1547492400,1547495999,0.00004029,0.00004042,0.00004011,0.00004012,74488.00000000
1547496000,1547499599,0.00004012,0.00004023,0.00004009,0.00004009,49833.00000000
1547499600,1547503199,0.00004009,0.00004041,0.00004009,0.00004038,420615.00000000
1547503200,1547506799,0.00004013,0.00004040,0.00003997,0.00004038,38532.00000000
1547506800,1547510399,0.00004035,0.00004039,0.00004008,0.00004025,69702.00000000
1547510400,1547513999,0.00003995,0.00003995,0.00003963,0.00003972,43615.00000000
1547514000,1547517599,0.00004007,0.00004016,0.00003991,0.00004014,282899.00000000
1547517600,1547521199,0.00003997,0.00004024,0.00003997,0.00003999,213834.00000000
1547521200,1547524799,0.00003997,0.00004006,0.00003997,0.00004006,34459.00000000
1547524800,1547528399,0.00004027,0.00004033,0.00004025,0.00004031,117994.00000000
1547528400,1547531999,0.00004031,0.00004039,0.00004031,0.00004039,75271.00000000
1547532000,1547535599,0.00004050,0.00004064,0.00004027,0.00004027,54698.00000000
1547535600,1547539199,0.00004032,0.00004168,0.00003995,0.00004168,609982.00000000
1547539200,1547542799,0.00004135,0.00004145,0.00004074,0.00004079,319204.00000000
1547542800,1547546399,0.00004117,0.00004136,0.00004110,0.00004136,112503.00000000
1547546400,1547549999,0.00004100,0.00004100,0.00004059,0.00004059,491649.00000000
1547550000,1547553599,0.00004089,0.00004091,0.00004087,0.00004090,73292.00000000
1547553600,1547557199,0.00004093,0.00004124,0.00004093,0.00004124,86396.00000000
1547557200,1547560799,0.00004131,0.00004138,0.00004071,0.00004076,254701.00000000
1547560800,1547564399,0.00004088,0.00004124,0.00004076,0.00004113,622959.00000000
1547564400,1547567999,0.00004112,0.00004187,0.00004094,0.00004187,903190.00000000
1547568000,1547571599,0.00004182,0.00004238,0.00004132,0.00004203,238544.00000000
1547571600,1547575199,0.00004203,0.00004203,0.00004171,0.00004171,297729.00000000
1547575200,1547578799,0.00004172,0.00004173,0.00004146,0.00004171,189394.00000000
1547578800,1547582399,0.00004168,0.00004183,0.00004147,0.00004154,185323.00000000
1547582400,1547585999,0.00004192,0.00004342,0.00004163,0.00004266,612154.00000000
1547586000,1547589599,0.00004296,0.00004322,0.00004240,0.00004278,283145.00000000
1547589600,1547593199,0.00004278,0.00004340,0.00004197,0.00004340,444927.00000000
1547593200,1547596799,0.00004332,0.00004398,0.00004267,0.00004398,439314.00000000
1547596800,1547600399,0.00004398,0.00004643,0.00004396,0.00004642,1074665.00000000
1547600400,1547603999,0.00004632,0.00004642,0.00004420,0.00004478,707784.00000000
1547604000,1547607599,0.00004478,0.00004551,0.00004432,0.00004515,385340.00000000
1547607600,1547611199,0.00004534,0.00004585,0.00004438,0.00004585,269756.00000000
1547611200,1547614799,0.00004548,0.00004548,0.00004494,0.00004506,108053.00000000
1547614800,1547618399,0.00004520,0.00004541,0.00004470,0.00004470,353257.00000000
1547618400,1547621999,0.00004496,0.00004496,0.00004460,0.00004460,581.00000000
1547622000,1547625599,0.00004460,0.00004580,0.00004426,0.00004494,278090.00000000
1547625600,1547629199,0.00004502,0.00004502,0.00004389,0.00004409,582060.00000000
1547629200,1547632799,0.00004385,0.00004440,0.00004385,0.00004423,28629.00000000
1547632800,1547636399,0.00004419,0.00004455,0.00004416,0.00004433,40860.00000000
1547636400,1547639999,0.00004427,0.00004427,0.00004391,0.00004400,58248.00000000
1547640000,1547643599,0.00004429,0.00004454,0.00004308,0.00004415,499861.00000000
1547643600,1547647199,0.00004415,0.00004520,0.00004415,0.00004520,336522.00000000
1547647200,1547650799,0.00004482,0.00004482,0.00004416,0.00004426,158595.00000000
1547650800,1547654399,0.00004415,0.00004415,0.00004341,0.00004397,319334.00000000
1547654400,1547657999,0.00004392,0.00004420,0.00004392,0.00004400,202461.00000000
1547658000,1547661599,0.00004386,0.00004386,0.00004377,0.00004377,21689.00000000
1547661600,1547665199,0.00004380,0.00004392,0.00004332,0.00004376,115295.00000000
1547665200,1547668799,0.00004376,0.00004421,0.00004355,0.00004375,155615.00000000
1547668800,1547672399,0.00004345,0.00004346,0.00004240,0.00004300,494368.00000000
1547672400,1547675999,0.00004299,0.00004338,0.00004298,0.00004303,278193.00000000
1547676000,1547679599,0.00004310,0.00004310,0.00004275,0.00004284,201421.00000000
1547679600,1547683199,0.00004272,0.00004285,0.00004204,0.00004256,470132.00000000
1547683200,1547686799,0.00004285,0.00004295,0.00004254,0.00004294,254511.00000000
1547686800,1547690399,0.00004317,0.00004350,0.00004246,0.00004350,653381.00000000
1547690400,1547693999,0.00004312,0.00004347,0.00004306,0.00004319,209765.00000000
1547694000,1547697599,0.00004361,0.00004369,0.00004302,0.00004349,1056075.00000000
1547697600,1547701199,0.00004351,0.00004351,0.00004345,0.00004345,827506.00000000
1547701200,1547704799,0.00004341,0.00004341,0.00004284,0.00004292,846858.00000000
1547704800,1547708399,0.00004294,0.00004357,0.00004294,0.00004346,1074370.00000000
1547708400,1547711999,0.00004346,0.00004380,0.00004333,0.00004376,225948.00000000
1547712000,1547715599,0.00004375,0.00004432,0.00004338,0.00004400,490945.00000000
1547715600,1547719199,0.00004402,0.00004442,0.00004399,0.00004403,94256.00000000
1547719200,1547722799,0.00004403,0.00004403,0.00004334,0.00004400,184438.00000000
1547722800,1547726399,0.00004373,0.00004408,0.00004370,0.00004390,23100.00000000
1547726400,1547729999,0.00004413,0.00004451,0.00004411,0.00004451,223913.00000000
1547730000,1547733599,0.00004442,0.00004443,0.00004400,0.00004400,17217.00000000
1547733600,1547737199,0.00004408,0.00004408,0.00004390,0.00004390,167838.00000000
1547737200,1547740799,0.00004390,0.00004399,0.00004351,0.00004359,189466.00000000
1547740800,1547744399,0.00004356,0.00004364,0.00004332,0.00004349,215793.00000000
1547744400,1547747999,0.00004378,0.00004378,0.00004365,0.00004367,77187.00000000
1547748000,1547751599,0.00004335,0.00004357,0.00004324,0.00004324,147960.00000000
1547751600,1547755199,0.00004348,0.00004348,0.00004311,0.00004317,31404.00000000
1547755200,1547758799,0.00004307,0.00004346,0.00004306,0.00004322,26482.00000000
1547758800,1547762399,0.00004331,0.00004343,0.00004315,0.00004315,76037.00000000
1547762400,1547765999,0.00004343,0.00004443,0.00004315,0.00004315,261320.00000000
1547766000,1547769599,0.00004306,0.00004341,0.00004296,0.00004341,87776.00000000
1547769600,1547773199,0.00004334,0.00004379,0.00004299,0.00004377,162474.00000000
1547773200,1547776799,0.00004344,0.00004413,0.00004279,0.00004394,475575.00000000
1547776800,1547780399,0.00004401,0.00004443,0.00004395,0.00004433,350391.00000000
1547780400,1547783999,0.00004430,0.00004432,0.00004390,0.00004403,145998.00000000
1547784000,1547787599,0.00004402,0.00004447,0.00004400,0.00004447,5429.00000000
1547787600,1547791199,0.00004444,0.00004444,0.00004418,0.00004420,45518.00000000
1547791200,1547794799,0.00004401,0.00004401,0.00004400,0.00004400,176457.00000000
1547794800,1547798399,0.00004401,0.00004401,0.00004401,0.00004401,3000.00000000
1547798400,1547801999,0.00004400,0.00004400,0.00004305,0.00004356,194199.00000000
1547802000,1547805599,0.00004326,0.00004353,0.00004290,0.00004344,251833.00000000
1547805600,1547809199,0.00004319,0.00004401,0.00004297,0.00004368,254383.00000000
1547809200,1547812799,0.00004343,0.00004343,0.00004294,0.00004336,22694.00000000
1547812800,1547816399,0.00004348,0.00004402,0.00004332,0.00004345,376421.00000000
1547816400,1547819999,0.00004345,0.00004345,0.00004318,0.00004341,19462.00000000
1547820000,1547823599,0.00004341,0.00004341,0.00004341,0.00004341,0.00000000
1547823600,1547827199,0.00004341,0.00004343,0.00004293,0.00004341,40028.00000000
1547827200,1547830799,0.00004351,0.00004385,0.00004351,0.00004383,86390.00000000
1547830800,1547834399,0.00004388,0.00004433,0.00004388,0.00004414,102296.00000000
1547834400,1547837999,0.00004429,0.00004429,0.00004421,0.00004429,12771.00000000
1547838000,1547841599,0.00004404,0.00004435,0.00004404,0.00004414,117203.00000000
1547841600,1547845199,0.00004404,0.00004404,0.00004402,0.00004402,28364.00000000
1547845200,1547848799,0.00004399,0.00004438,0.00004393,0.00004393,43993.00000000
1547848800,1547852399,0.00004413,0.00004469,0.00004398,0.00004469,136661.00000000
1547852400,1547855999,0.00004469,0.00004899,0.00004462,0.00004899,1413151.00000000
1547856000,1547859599,0.00004732,0.00005010,0.00004536,0.00004580,2255091.00000000
1547859600,1547863199,0.00004580,0.00004683,0.00004554,0.00004612,192412.00000000
1547863200,1547866799,0.00004603,0.00004624,0.00004533,0.00004624,123019.00000000
1547866800,1547870399,0.00004604,0.00004605,0.00004604,0.00004604,282347.00000000
1547870400,1547873999,0.00004604,0.00004694,0.00004604,0.00004631,2131752.00000000
1547874000,1547877599,0.00004630,0.00004635,0.00004556,0.00004570,358808.00000000
1547877600,1547881199,0.00004596,0.00004738,0.00004596,0.00004639,1072575.00000000
1547881200,1547884799,0.00004654,0.00004654,0.00004599,0.00004630,83996.00000000
1547884800,1547888399,0.00004651,0.00004773,0.00004486,0.00004505,1987523.00000000
1547888400,1547891999,0.00004503,0.00004684,0.00004486,0.00004574,2454271.00000000
1547892000,1547895599,0.00004575,0.00004599,0.00004487,0.00004599,658398.00000000
1547895600,1547899199,0.00004564,0.00004578,0.00004532,0.00004567,284611.00000000
1547899200,1547902799,0.00004563,0.00004593,0.00004501,0.00004501,143019.00000000
1547902800,1547906399,0.00004501,0.00004558,0.00004501,0.00004511,295616.00000000
1547906400,1547909999,0.00004538,0.00004539,0.00004491,0.00004491,78199.00000000
1547910000,1547913599,0.00004505,0.00004583,0.00004505,0.00004518,3981044.00000000
1547913600,1547917199,0.00004523,0.00004545,0.00004523,0.00004541,637160.00000000
1547917200,1547920799,0.00004541,0.00004650,0.00004523,0.00004595,5322503.00000000
1547920800,1547924399,0.00004593,0.00004649,0.00004588,0.00004602,112385.00000000
1547924400,1547927999,0.00004598,0.00004604,0.00004598,0.00004599,1636772.00000000
1547928000,1547931599,0.00004600,0.00004629,0.00004540,0.00004559,976039.00000000
1547931600,1547935199,0.00004550,0.00004583,0.00004550,0.00004573,3852.00000000
1547935200,1547938799,0.00004582,0.00004609,0.00004529,0.00004543,483239.00000000
1547938800,1547942399,0.00004552,0.00004568,0.00004529,0.00004529,1511485.00000000
1547942400,1547945999,0.00004530,0.00004548,0.00004504,0.00004530,653920.00000000
1547946000,1547949599,0.00004510,0.00004561,0.00004508,0.00004520,80908.00000000
1547949600,1547953199,0.00004538,0.00004576,0.00004535,0.00004564,32986.00000000
1547953200,1547956799,0.00004568,0.00004571,0.00004533,0.00004571,116850.00000000
1547956800,1547960399,0.00004562,0.00004580,0.00004532,0.00004580,248083.00000000
1547960400,1547963999,0.00004548,0.00004549,0.00004529,0.00004538,37176.00000000
1547964000,1547967599,0.00004538,0.00004540,0.00004528,0.00004528,81358.00000000
1547967600,1547971199,0.00004548,0.00004579,0.00004546,0.00004579,366895.00000000
1547971200,1547974799,0.00004579,0.00004580,0.00004558,0.00004580,389278.00000000
1547974800,1547978399,0.00004570,0.00004578,0.00004510,0.00004576,277406.00000000
1547978400,1547981999,0.00004576,0.00004580,0.00004576,0.00004580,260893.00000000
1547982000,1547985599,0.00004580,0.00004626,0.00004494,0.00004507,2403409.00000000
1547985600,1547989199,0.00004511,0.00004511,0.00004354,0.00004375,504561.00000000
1547989200,1547992799,0.00004375,0.00004422,0.00004375,0.00004410,110696.00000000
1547992800,1547996399,0.00004405,0.00004445,0.00004405,0.00004445,141346.00000000
1547996400,1547999999,0.00004445,0.00004467,0.00004395,0.00004428,150452.00000000
1548000000,1548003599,0.00004428,0.00004428,0.00004367,0.00004408,140235.00000000
1548003600,1548007199,0.00004427,0.00004440,0.00004367,0.00004408,74641.00000000
1548007200,1548010799,0.00004402,0.00004447,0.00004402,0.00004432,63875.00000000
1548010800,1548014399,0.00004431,0.00004431,0.00004406,0.00004406,33620.00000000
1548014400,1548017999,0.00004406,0.00004432,0.00004353,0.00004425,275158.00000000
1548018000,1548021599,0.00004425,0.00004458,0.00004425,0.00004458,59503.00000000
1548021600,1548025199,0.00004462,0.00004495,0.00004439,0.00004495,198186.00000000
1548025200,1548028799,0.00004495,0.00004495,0.00004417,0.00004452,170034.00000000
1548028800,1548032399,0.00004452,0.00004459,0.00004423,0.00004435,29289.00000000
1548032400,1548035999,0.00004418,0.00004442,0.00004413,0.00004442,111498.00000000
1548036000,1548039599,0.00004440,0.00004444,0.00004431,0.00004431,3575.00000000
1548039600,1548043199,0.00004431,0.00004458,0.00004431,0.00004458,39886.00000000
1548043200,1548046799,0.00004459,0.00004504,0.00004459,0.00004471,30131.00000000
1548046800,1548050399,0.00004503,0.00004503,0.00004503,0.00004503,500.00000000
1548050400,1548053999,0.00004471,0.00004480,0.00004447,0.00004480,136690.00000000
1548054000,1548057599,0.00004480,0.00004480,0.00004480,0.00004480,0.00000000
1548057600,1548061199,0.00004475,0.00004483,0.00004440,0.00004440,169124.00000000
1548061200,1548064799,0.00004441,0.00004441,0.00004426,0.00004426,33282.00000000
1548064800,1548068399,0.00004437,0.00004437,0.00004422,0.00004422,6955.00000000
1548068400,1548071999,0.00004442,0.00004462,0.00004422,0.00004430,109949.00000000
1548072000,1548075599,0.00004420,0.00004456,0.00004413,0.00004413,51366.00000000
1548075600,1548079199,0.00004413,0.00004435,0.00004401,0.00004435,42724.00000000
1548079200,1548082799,0.00004441,0.00004504,0.00004420,0.00004460,174366.00000000
1548082800,1548086399,0.00004499,0.00004511,0.00004468,0.00004494,333089.00000000
1548086400,1548089999,0.00004494,0.00004560,0.00004483,0.00004548,503074.00000000
1548090000,1548093599,0.00004512,0.00004532,0.00004451,0.00004529,139199.00000000
1548093600,1548097199,0.00004496,0.00004644,0.00004489,0.00004576,450222.00000000
1548097200,1548100799,0.00004580,0.00004618,0.00004578,0.00004583,50766.00000000
1548100800,1548104399,0.00004575,0.00004594,0.00004483,0.00004528,250747.00000000
1548104400,1548107999,0.00004501,0.00004552,0.00004495,0.00004552,126692.00000000
1548108000,1548111599,0.00004498,0.00004498,0.00004445,0.00004489,384378.00000000
1548111600,1548115199,0.00004492,0.00004525,0.00004450,0.00004503,207990.00000000
1548115200,1548118799,0.00004503,0.00004503,0.00004473,0.00004473,65928.00000000
1548118800,1548122399,0.00004497,0.00004497,0.00004477,0.00004480,11731.00000000
1548122400,1548125999,0.00004479,0.00004524,0.00004456,0.00004517,149625.00000000
1548126000,1548129599,0.00004525,0.00004593,0.00004514,0.00004514,194994.00000000
1548129600,1548133199,0.00004528,0.00004529,0.00004523,0.00004523,6864.00000000
1548133200,1548136799,0.00004523,0.00004559,0.00004523,0.00004546,123869.00000000
1548136800,1548140399,0.00004514,0.00004515,0.00004476,0.00004494,91954.00000000
1548140400,1548143999,0.00004494,0.00004494,0.00004494,0.00004494,0.00000000
1548144000,1548147599,0.00004494,0.00004494,0.00004494,0.00004494,0.00000000
1548147600,1548151199,0.00004483,0.00004488,0.00004459,0.00004462,99167.00000000
1548151200,1548154799,0.00004460,0.00004486,0.00004460,0.00004486,123170.00000000
1548154800,1548158399,0.00004497,0.00004550,0.00004497,0.00004532,58278.00000000
1548158400,1548161999,0.00004541,0.00004587,0.00004540,0.00004545,157614.00000000
1548162000,1548165599,0.00004579,0.00004615,0.00004530,0.00004573,220622.00000000
1548165600,1548169199,0.00004570,0.00004579,0.00004498,0.00004498,89587.00000000
1548169200,1548172799,0.00004514,0.00004514,0.00004493,0.00004512,122232.00000000
1548172800,1548176399,0.00004502,0.00004648,0.00004499,0.00004575,408250.00000000
1548176400,1548179999,0.00004568,0.00004632,0.00004513,0.00004542,229308.00000000
1548180000,1548183599,0.00004512,0.00004512,0.00004503,0.00004510,14164.00000000
1548183600,1548187199,0.00004511,0.00004541,0.00004503,0.00004527,124504.00000000
1548187200,1548190799,0.00004503,0.00004509,0.00004480,0.00004508,107725.00000000
1548190800,1548194399,0.00004509,0.00004530,0.00004509,0.00004530,12647.00000000
1548194400,1548197999,0.00004526,0.00004526,0.00004526,0.00004526,5000.00000000
1548198000,1548201599,0.00004526,0.00004552,0.00004526,0.00004552,14513.00000000
1548201600,1548205199,0.00004548,0.00004548,0.00004505,0.00004519,93333.00000000
1548205200,1548208799,0.00004517,0.00004517,0.00004517,0.00004517,3130.00000000
1548208800,1548212399,0.00004517,0.00004517,0.00004517,0.00004517,1104.00000000
1548212400,1548215999,0.00004517,0.00004519,0.00004496,0.00004516,102363.00000000
1548216000,1548219599,0.00004510,0.00004511,0.00004504,0.00004504,99154.00000000
1548219600,1548223199,0.00004514,0.00004545,0.00004514,0.00004541,22214.00000000
1548223200,1548226799,0.00004525,0.00004525,0.00004509,0.00004509,3290.00000000
1548226800,1548230399,0.00004508,0.00004513,0.00004499,0.00004499,11717.00000000
1548230400,1548233999,0.00004499,0.00004513,0.00004492,0.00004492,406674.00000000
1548234000,1548237599,0.00004513,0.00004513,0.00004492,0.00004492,231658.00000000
1548237600,1548241199,0.00004507,0.00004507,0.00004507,0.00004507,495.00000000
1548241200,1548244799,0.00004508,0.00004583,0.00004508,0.00004545,726157.00000000
1548244800,1548248399,0.00004548,0.00004588,0.00004548,0.00004588,705979.00000000
1548248400,1548251999,0.00004588,0.00004606,0.00004515,0.00004519,346575.00000000
1548252000,1548255599,0.00004590,0.00004590,0.00004590,0.00004590,21786.00000000
1548255600,1548259199,0.00004585,0.00004585,0.00004584,0.00004584,19587.00000000
1548259200,1548262799,0.00004584,0.00004656,0.00004563,0.00004563,200840.00000000
1548262800,1548266399,0.00004563,0.00004713,0.00004562,0.00004669,790761.00000000
1548266400,1548269999,0.00004686,0.00004696,0.00004659,0.00004694,577944.00000000
1548270000,1548273599,0.00004702,0.00004780,0.00004621,0.00004642,881131.00000000
1548273600,1548277199,0.00004614,0.00004643,0.00004551,0.00004573,307637.00000000
1548277200,1548280799,0.00004593,0.00004601,0.00004500,0.00004583,392595.00000000
1548280800,1548284399,0.00004583,0.00004585,0.00004566,0.00004584,75261.00000000
1548284400,1548287999,0.00004579,0.00004632,0.00004579,0.00004630,64327.00000000
1548288000,1548291599,0.00004606,0.00004608,0.00004606,0.00004608,1944.00000000
1548291600,1548295199,0.00004607,0.00004607,0.00004516,0.00004544,127660.00000000
1548295200,1548298799,0.00004563,0.00004630,0.00004563,0.00004630,30941.00000000
1548298800,1548302399,0.00004608,0.00004630,0.00004600,0.00004630,49013.00000000
1548302400,1548305999,0.00004630,0.00004630,0.00004557,0.00004559,186031.00000000
1548306000,1548309599,0.00004593,0.00004729,0.00004593,0.00004716,468932.00000000
1548309600,1548313199,0.00004712,0.00004741,0.00004659,0.00004719,165258.00000000
1548313200,1548316799,0.00004686,0.00004710,0.00004625,0.00004684,346012.00000000
1548316800,1548320399,0.00004686,0.00004705,0.00004686,0.00004705,107670.00000000
1548320400,1548323999,0.00004709,0.00004732,0.00004702,0.00004732,102581.00000000
1548324000,1548327599,0.00004741,0.00004816,0.00004706,0.00004816,421331.00000000
1548327600,1548331199,0.00004824,0.00004840,0.00004770,0.00004780,122362.00000000
1548331200,1548334799,0.00004786,0.00004802,0.00004753,0.00004800,3251016.00000000
1548334800,1548338399,0.00004800,0.00004879,0.00004800,0.00004879,1019180.00000000
1548338400,1548341999,0.00004878,0.00004955,0.00004794,0.00004857,471883.00000000
1548342000,1548345599,0.00004834,0.00004915,0.00004834,0.00004879,1828636.00000000
1548345600,1548349199,0.00004878,0.00005000,0.00004867,0.00004893,4015750.00000000
1548349200,1548352799,0.00004901,0.00004901,0.00004784,0.00004805,290206.00000000
1548352800,1548356399,0.00004805,0.00004847,0.00004802,0.00004843,147718.00000000
1548356400,1548359999,0.00004839,0.00004839,0.00004755,0.00004829,827205.00000000
1548360000,1548363599,0.00004816,0.00004936,0.00004809,0.00004864,700439.00000000
1548363600,1548367199,0.00004848,0.00004848,0.00004800,0.00004817,268496.00000000
1548367200,1548370799,0.00004821,0.00004834,0.00004789,0.00004790,159657.00000000
1548370800,1548374399,0.00004790,0.00004791,0.00004756,0.00004775,146876.00000000
1548374400,1548377999,0.00004791,0.00004791,0.00004755,0.00004756,99554.00000000
1548378000,1548381599,0.00004768,0.00004784,0.00004734,0.00004784,298185.00000000
1548381600,1548385199,0.00004784,0.00004793,0.00004761,0.00004761,275153.00000000
1548385200,1548388799,0.00004771,0.00004789,0.00004733,0.00004778,78054.00000000
1548388800,1548392399,0.00004777,0.00004807,0.00004777,0.00004786,24819.00000000
1548392400,1548395999,0.00004762,0.00004762,0.00004752,0.00004759,5447.00000000
1548396000,1548399599,0.00004752,0.00004821,0.00004751,0.00004788,127793.00000000
1548399600,1548403199,0.00004790,0.00004790,0.00004768,0.00004768,20201.00000000
1548403200,1548406799,0.00004785,0.00004790,0.00004632,0.00004713,548346.00000000
1548406800,1548410399,0.00004713,0.00004713,0.00004673,0.00004713,630207.00000000
1548410400,1548413999,0.00004712,0.00004712,0.00004666,0.00004679,235319.00000000
1548414000,1548417599,0.00004703,0.00004705,0.00004572,0.00004598,1208468.00000000
1548417600,1548421199,0.00004601,0.00004624,0.00004460,0.00004530,1673316.00000000
1548421200,1548424799,0.00004535,0.00004558,0.00004535,0.00004554,189880.00000000
1548424800,1548428399,0.00004554,0.00004594,0.00004554,0.00004565,230530.00000000
1548428400,1548431999,0.00004583,0.00004664,0.00004581,0.00004598,400471.00000000
1548432000,1548435599,0.00004629,0.00004629,0.00004591,0.00004601,84013.00000000
1548435600,1548439199,0.00004601,0.00004631,0.00004590,0.00004630,239225.00000000
1548439200,1548442799,0.00004630,0.00004659,0.00004597,0.00004606,572155.00000000
1548442800,1548446399,0.00004614,0.00004667,0.00004614,0.00004638,34831.00000000
1548446400,1548449999,0.00004639,0.00004639,0.00004639,0.00004639,1000.00000000
1548450000,1548453599,0.00004644,0.00004800,0.00004644,0.00004720,737629.00000000
1548453600,1548457199,0.00004732,0.00004737,0.00004695,0.00004728,13966.00000000
1548457200,1548460799,0.00004696,0.00004696,0.00004696,0.00004696,323.00000000
1548460800,1548464399,0.00004694,0.00004695,0.00004644,0.00004644,120373.00000000
1548464400,1548467999,0.00004648,0.00004648,0.00004590,0.00004608,152419.00000000
1548468000,1548471599,0.00004631,0.00004635,0.00004602,0.00004603,95201.00000000
1548471600,1548475199,0.00004631,0.00004650,0.00004600,0.00004600,97903.00000000
1548475200,1548478799,0.00004601,0.00004607,0.00004600,0.00004607,71194.00000000
1548478800,1548482399,0.00004607,0.00004607,0.00004607,0.00004607,0.00000000
1548482400,1548485999,0.00004601,0.00004670,0.00004601,0.00004644,220876.00000000
1548486000,1548489599,0.00004650,0.00004732,0.00004620,0.00004673,272831.00000000
1548489600,1548493199,0.00004700,0.00004700,0.00004698,0.00004700,79862.00000000
1548493200,1548496799,0.00004712,0.00004787,0.00004685,0.00004734,235073.00000000
1548496800,1548500399,0.00004731,0.00004759,0.00004728,0.00004759,98336.00000000
1548500400,1548503999,0.00004730,0.00004766,0.00004706,0.00004765,179475.00000000
1548504000,1548507599,0.00004725,0.00004725,0.00004692,0.00004692,53814.00000000
1548507600,1548511199,0.00004685,0.00004685,0.00004662,0.00004662,49548.00000000
1548511200,1548514799,0.00004662,0.00004670,0.00004647,0.00004650,276967.00000000
1548514800,1548518399,0.00004647,0.00004669,0.00004574,0.00004642,299045.00000000
1548518400,1548521999,0.00004622,0.00004655,0.00004579,0.00004622,531422.00000000
1548522000,1548525599,0.00004619,0.00004658,0.00004579,0.00004621,659426.00000000
1548525600,1548529199,0.00004622,0.00004624,0.00004595,0.00004609,125719.00000000
1548529200,1548532799,0.00004609,0.00004622,0.00004587,0.00004609,41324.00000000
1548532800,1548536399,0.00004609,0.00004619,0.00004596,0.00004599,179717.00000000
1548536400,1548539999,0.00004605,0.00004605,0.00004599,0.00004599,71418.00000000
1548540000,1548543599,0.00004605,0.00004605,0.00004605,0.00004605,6299.00000000
1548543600,1548547199,0.00004588,0.00004588,0.00004588,0.00004588,6900.00000000
1548547200,1548550799,0.00004596,0.00004602,0.00004589,0.00004600,57964.00000000
1548550800,1548554399,0.00004594,0.00004594,0.00004575,0.00004575,15709.00000000
1548554400,1548557999,0.00004574,0.00004574,0.00004566,0.00004566,12873.00000000
1548558000,1548561599,0.00004575,0.00004585,0.00004575,0.00004585,43275.00000000
1548561600,1548565199,0.00004575,0.00004575,0.00004575,0.00004575,1895.00000000
1548565200,1548568799,0.00004575,0.00004592,0.00004523,0.00004592,141204.00000000
1548568800,1548572399,0.00004581,0.00004581,0.00004579,0.00004579,141808.00000000
1548572400,1548575999,0.00004565,0.00004565,0.00004561,0.00004561,162288.00000000
1548576000,1548579599,0.00004567,0.00004569,0.00004561,0.00004569,83374.00000000
1548579600,1548583199,0.00004581,0.00004594,0.00004527,0.00004527,445838.00000000
1548583200,1548586799,0.00004563,0.00004570,0.00004563,0.00004563,32572.00000000
1548586800,1548590399,0.00004563,0.00004566,0.00004539,0.00004566,37188.00000000
1548590400,1548593999,0.00004566,0.00004566,0.00004566,0.00004566,0.00000000
1548594000,1548597599,0.00004566,0.00004566,0.00004566,0.00004566,0.00000000
1548597600,1548601199,0.00004557,0.00004570,0.00004523,0.00004543,497981.00000000
1548601200,1548604799,0.00004559,0.00004627,0.00004476,0.00004549,655099.00000000
1548604800,1548608399,0.00004542,0.00004542,0.00004466,0.00004497,2505235.00000000
1548608400,1548611999,0.00004481,0.00004658,0.00004481,0.00004634,775968.00000000
1548612000,1548615599,0.00004625,0.00004626,0.00004588,0.00004591,260007.00000000
1548615600,1548619199,0.00004589,0.00004589,0.00004569,0.00004583,81595.00000000
1548619200,1548622799,0.00004571,0.00004617,0.00004542,0.00004582,153979.00000000
1548622800,1548626399,0.00004583,0.00004583,0.00004538,0.00004558,80719.00000000
1548626400,1548629999,0.00004558,0.00004560,0.00004550,0.00004550,5810.00000000
1548630000,1548633599,0.00004539,0.00004826,0.00004539,0.00004779,1313502.00000000
1548633600,1548637199,0.00004781,0.00004851,0.00004621,0.00004656,849695.00000000
1548637200,1548640799,0.00004651,0.00004693,0.00004651,0.00004693,61909.00000000
1548640800,1548644399,0.00004697,0.00004697,0.00004624,0.00004657,45439.00000000
1548644400,1548647999,0.00004642,0.00004723,0.00004637,0.00004638,209472.00000000
1548648000,1548651599,0.00004647,0.00004647,0.00004632,0.00004636,219828.00000000
1548651600,1548655199,0.00004636,0.00004637,0.00004605,0.00004605,26704.00000000
1548655200,1548658799,0.00004611,0.00004624,0.00004599,0.00004600,275204.00000000
1548658800,1548662399,0.00004606,0.00004696,0.00004596,0.00004696,350189.00000000
1548662400,1548665999,0.00004696,0.00004696,0.00004626,0.00004688,682515.00000000
1548666000,1548669599,0.00004699,0.00004699,0.00004674,0.00004685,87977.00000000
1548669600,1548673199,0.00004696,0.00004704,0.00004663,0.00004686,336884.00000000
1548673200,1548676799,0.00004686,0.00004745,0.00004659,0.00004681,228823.00000000
1548676800,1548680399,0.00004689,0.00004712,0.00004681,0.00004681,13863.00000000
1548680400,1548683999,0.00004686,0.00004694,0.00004686,0.00004694,2271.00000000
1548684000,1548687599,0.00004694,0.00004721,0.00004694,0.00004714,31591.00000000
1548687600,1548691199,0.00004733,0.00004753,0.00004615,0.00004644,491350.00000000
1548691200,1548694799,0.00004642,0.00004697,0.00004630,0.00004661,102317.00000000
1548694800,1548698399,0.00004689,0.00004707,0.00004680,0.00004707,157061.00000000
1548698400,1548701999,0.00004709,0.00004709,0.00004686,0.00004686,67450.00000000
1548702000,1548705599,0.00004662,0.00004673,0.00004662,0.00004672,94545.00000000
1548705600,1548709199,0.00004681,0.00004686,0.00004681,0.00004686,19118.00000000
1548709200,1548712799,0.00004687,0.00004687,0.00004673,0.00004681,39689.00000000
1548712800,1548716399,0.00004685,0.00004685,0.00004649,0.00004649,33143.00000000
1548716400,1548719999,0.00004649,0.00004656,0.00004616,0.00004633,53246.00000000
1548720000,1548723599,0.00004627,0.00004667,0.00004610,0.00004667,73437.00000000
1548723600,1548727199,0.00004667,0.00004667,0.00004667,0.00004667,0.00000000
1548727200,1548730799,0.00004632,0.00004632,0.00004613,0.00004622,36236.00000000
1548730800,1548734399,0.00004644,0.00004665,0.00004612,0.00004614,114715.00000000
1548734400,1548737999,0.00004632,0.00004632,0.00004632,0.00004632,3241.00000000
1548738000,1548741599,0.00004629,0.00004653,0.00004616,0.00004648,16489.00000000
1548741600,1548745199,0.00004647,0.00004647,0.00004622,0.00004638,6938.00000000
1548745200,1548748799,0.00004627,0.00004627,0.00004570,0.00004570,200914.00000000
1548748800,1548752399,0.00004570,0.00004579,0.00004557,0.00004579,80703.00000000
1548752400,1548755999,0.00004575,0.00004590,0.00004574,0.00004590,114455.00000000
1548756000,1548759599,0.00004578,0.00004590,0.00004549,0.00004574,121038.00000000
1548759600,1548763199,0.00004574,0.00004574,0.00004555,0.00004558,146112.00000000
1548763200,1548766799,0.00004588,0.00004590,0.00004587,0.00004590,229996.00000000
1548766800,1548770399,0.00004600,0.00004656,0.00004576,0.00004606,350750.00000000
1548770400,1548773999,0.00004639,0.00004643,0.00004604,0.00004639,21676.00000000
1548774000,1548777599,0.00004627,0.00004723,0.00004627,0.00004665,229910.00000000
1548777600,1548781199,0.00004658,0.00004661,0.00004623,0.00004636,240006.00000000
1548781200,1548784799,0.00004638,0.00004667,0.00004605,0.00004667,48355.00000000
1548784800,1548788399,0.00004650,0.00004666,0.00004650,0.00004666,12774.00000000
1548788400,1548791999,0.00004665,0.00004667,0.00004665,0.00004667,59990.00000000
1548792000,1548795599,0.00004666,0.00004691,0.00004661,0.00004678,55700.00000000
1548795600,1548799199,0.00004646,0.00004646,0.00004646,0.00004646,2000.00000000
1548799200,1548802799,0.00004688,0.00004707,0.00004659,0.00004659,15140.00000000
1548802800,1548806399,0.00004696,0.00004705,0.00004650,0.00004650,22006.00000000
1548806400,1548809999,0.00004655,0.00004655,0.00004647,0.00004647,16088.00000000
1548810000,1548813599,0.00004680,0.00004712,0.00004668,0.00004668,33540.00000000
1548813600,1548817199,0.00004677,0.00004677,0.00004669,0.00004677,27328.00000000
1548817200,1548820799,0.00004677,0.00004677,0.00004677,0.00004677,0.00000000
1548820800,1548824399,0.00004646,0.00004646,0.00004606,0.00004606,62143.00000000
1548824400,1548827999,0.00004653,0.00004653,0.00004653,0.00004653,2162.00000000
1548828000,1548831599,0.00004653,0.00004653,0.00004653,0.00004653,0.00000000
1548831600,1548835199,0.00004640,0.00004640,0.00004634,0.00004634,120979.00000000
1548835200,1548838799,0.00004634,0.00004677,0.00004634,0.00004663,49657.00000000
1548838800,1548842399,0.00004669,0.00004669,0.00004668,0.00004668,71041.00000000
1548842400,1548845999,0.00004670,0.00004677,0.00004670,0.00004672,72478.00000000
1548846000,1548849599,0.00004672,0.00004707,0.00004657,0.00004674,50352.00000000
1548849600,1548853199,0.00004675,0.00004703,0.00004589,0.00004626,88397.00000000
1548853200,1548856799,0.00004610,0.00004610,0.00004567,0.00004587,24509.00000000
1548856800,1548860399,0.00004594,0.00004594,0.00004586,0.00004591,3715.00000000
1548860400,1548863999,0.00004591,0.00004691,0.00004590,0.00004646,510187.00000000
1548864000,1548867599,0.00004650,0.00004650,0.00004621,0.00004632,12849.00000000
1548867600,1548871199,0.00004632,0.00004632,0.00004632,0.00004632,5000.00000000
1548871200,1548874799,0.00004625,0.00004625,0.00004590,0.00004590,26501.00000000
1548874800,1548878399,0.00004623,0.00004737,0.00004591,0.00004707,349477.00000000
1548878400,1548881999,0.00004664,0.00004698,0.00004661,0.00004672,67915.00000000
1548882000,1548885599,0.00004654,0.00004669,0.00004653,0.00004669,17000.00000000
1548885600,1548889199,0.00004662,0.00004663,0.00004632,0.00004633,63040.00000000
1548889200,1548892799,0.00004633,0.00004633,0.00004628,0.00004632,15189.00000000
1548892800,1548896399,0.00004625,0.00004640,0.00004608,0.00004617,32189.00000000
1548896400,1548899999,0.00004612,0.00004612,0.00004609,0.00004609,1000.00000000
1548900000,1548903599,0.00004610,0.00004612,0.00004610,0.00004612,26446.00000000
1548903600,1548907199,0.00004631,0.00004636,0.00004622,0.00004636,37062.00000000
1548907200,1548910799,0.00004617,0.00004617,0.00004617,0.00004617,225.00000000
1548910800,1548914399,0.00004617,0.00004691,0.00004617,0.00004673,12923.00000000
1548914400,1548917999,0.00004673,0.00004686,0.00004673,0.00004683,13643.00000000
1548918000,1548921599,0.00004646,0.00004690,0.00004646,0.00004690,12168.00000000
1548921600,1548925199,0.00004646,0.00004646,0.00004619,0.00004619,5075.00000000
1548925200,1548928799,0.00004615,0.00004615,0.00004590,0.00004590,63071.00000000
1548928800,1548932399,0.00004592,0.00004608,0.00004460,0.00004474,575918.00000000
1548932400,1548935999,0.00004466,0.00004489,0.00004456,0.00004457,90205.00000000
1548936000,1548939599,0.00004465,0.00004496,0.00004463,0.00004496,60041.00000000
1548939600,1548943199,0.00004496,0.00004496,0.00004470,0.00004470,21405.00000000
1548943200,1548946799,0.00004469,0.00004509,0.00004433,0.00004509,177696.00000000
1548946800,1548950399,0.00004500,0.00004506,0.00004485,0.00004485,112012.00000000
1548950400,1548953999,0.00004485,0.00004492,0.00004485,0.00004492,9979.00000000
1548954000,1548957599,0.00004451,0.00004451,0.00004451,0.00004451,6358.00000000
1548957600,1548961199,0.00004476,0.00004517,0.00004476,0.00004488,212636.00000000
1548961200,1548964799,0.00004486,0.00004486,0.00004457,0.00004460,13065.00000000
1548964800,1548968399,0.00004483,0.00004483,0.00004478,0.00004481,8190.00000000
1548968400,1548971999,0.00004477,0.00004517,0.00004420,0.00004515,127409.00000000
1548972000,1548975599,0.00004517,0.00004562,0.00004447,0.00004504,279774.00000000
1548975600,1548979199,0.00004504,0.00004529,0.00004504,0.00004520,61001.00000000
1548979200,1548982799,0.00004519,0.00004519,0.00004519,0.00004519,340.00000000
1548982800,1548986399,0.00004529,0.00004529,0.00004529,0.00004529,3027.00000000
1548986400,1548989999,0.00004529,0.00004529,0.00004501,0.00004501,5013.00000000
1548990000,1548993599,0.00004508,0.00004508,0.00004499,0.00004499,30870.00000000
1548993600,1548997199,0.00004501,0.00004503,0.00004423,0.00004447,96799.00000000
1548997200,1549000799,0.00004435,0.00004443,0.00004431,0.00004431,155804.00000000
1549000800,1549004399,0.00004430,0.00004461,0.00004430,0.00004461,110323.00000000
1549004400,1549007999,0.00004461,0.00004461,0.00004461,0.00004461,0.00000000
1549008000,1549011599,0.00004452,0.00004473,0.00004442,0.00004473,13668.00000000
1549011600,1549015199,0.00004473,0.00004483,0.00004473,0.00004483,92394.00000000
1549015200,1549018799,0.00004483,0.00004483,0.00004483,0.00004483,0.00000000
1549018800,1549022399,0.00004473,0.00004508,0.00004473,0.00004491,159341.00000000
1549022400,1549025999,0.00004454,0.00004454,0.00004454,0.00004454,926.00000000
1549026000,1549029599,0.00004454,0.00004454,0.00004454,0.00004454,0.00000000
1549029600,1549033199,0.00004462,0.00004516,0.00004462,0.00004516,47380.00000000
1549033200,1549036799,0.00004513,0.00004513,0.00004469,0.00004469,34929.00000000
1549036800,1549040399,0.00004479,0.00004516,0.00004479,0.00004516,39365.00000000
1549040400,1549043999,0.00004529,0.00004549,0.00004395,0.00004457,508787.00000000
1549044000,1549047599,0.00004459,0.00004459,0.00004459,0.00004459,1143.00000000
1549047600,1549051199,0.00004455,0.00004455,0.00004455,0.00004455,6564.00000000
1549051200,1549054799,0.00004455,0.00004455,0.00004442,0.00004455,19820.00000000
1549054800,1549058399,0.00004455,0.00004464,0.00004455,0.00004464,27987.00000000
1549058400,1549061999,0.00004464,0.00004464,0.00004455,0.00004455,69954.00000000
1549062000,1549065599,0.00004455,0.00004455,0.00004344,0.00004442,612773.00000000
1549065600,1549069199,0.00004436,0.00004444,0.00004408,0.00004433,5189.00000000
1549069200,1549072799,0.00004410,0.00004410,0.00004410,0.00004410,4231.00000000
1549072800,1549076399,0.00004402,0.00004402,0.00004400,0.00004400,20339.00000000
1549076400,1549079999,0.00004403,0.00004444,0.00004400,0.00004434,65120.00000000
1549080000,1549083599,0.00004398,0.00004445,0.00004398,0.00004445,14040.00000000
1549083600,1549087199,0.00004436,0.00004436,0.00004411,0.00004412,1302.00000000
1549087200,1549090799,0.00004404,0.00004412,0.00004404,0.00004411,62322.00000000
1549090800,1549094399,0.00004411,0.00004440,0.00004411,0.00004411,71308.00000000
1549094400,1549097999,0.00004411,0.00004411,0.00004411,0.00004411,0.00000000
1549098000,1549101599,0.00004414,0.00004414,0.00004401,0.00004401,2745.00000000
1549101600,1549105199,0.00004418,0.00004445,0.00004418,0.00004445,13984.00000000
1549105200,1549108799,0.00004445,0.00004445,0.00004445,0.00004445,0.00000000
1549108800,1549112399,0.00004411,0.00004450,0.00004411,0.00004418,65040.00000000
1549112400,1549115999,0.00004455,0.00004513,0.00004451,0.00004472,168874.00000000
1549116000,1549119599,0.00004438,0.00004438,0.00004437,0.00004437,8992.00000000
1549119600,1549123199,0.00004434,0.00004434,0.00004426,0.00004426,31507.00000000
1549123200,1549126799,0.00004426,0.00004426,0.00004418,0.00004418,22763.00000000
1549126800,1549130399,0.00004418,0.00004418,0.00004405,0.00004416,77410.00000000
1549130400,1549133999,0.00004417,0.00004417,0.00004369,0.00004369,143332.00000000
1549134000,1549137599,0.00004369,0.00004369,0.00004369,0.00004369,0.00000000
1549137600,1549141199,0.00004375,0.00004376,0.00004375,0.00004376,3566.00000000
1549141200,1549144799,0.00004376,0.00004376,0.00004376,0.00004376,0.00000000
1549144800,1549148399,0.00004373,0.00004373,0.00004373,0.00004373,36764.00000000
1549148400,1549151999,0.00004370,0.00004370,0.00004348,0.00004348,165603.00000000
1549152000,1549155599,0.00004348,0.00004348,0.00004348,0.00004348,0.00000000
1549155600,1549159199,0.00004355,0.00004355,0.00004354,0.00004354,59181.00000000
1549159200,1549162799,0.00004347,0.00004347,0.00004346,0.00004346,45865.00000000
1549162800,1549166399,0.00004347,0.00004347,0.00004338,0.00004338,28722.00000000
1549166400,1549169999,0.00004338,0.00004338,0.00004312,0.00004312,45209.00000000
1549170000,1549173599,0.00004320,0.00004320,0.00004320,0.00004320,463.00000000
1549173600,1549177199,0.00004315,0.00004320,0.00004315,0.00004320,133859.00000000
1549177200,1549180799,0.00004329,0.00004329,0.00004329,0.00004329,302.00000000
1549180800,1549184399,0.00004336,0.00004361,0.00004336,0.00004361,81161.00000000
1549184400,1549187999,0.00004348,0.00004348,0.00004348,0.00004348,101471.00000000
1549188000,1549191599,0.00004351,0.00004380,0.00004349,0.00004380,18291.00000000
1549191600,1549195199,0.00004380,0.00004380,0.00004380,0.00004380,68309.00000000
1549195200,1549198799,0.00004380,0.00004380,0.00004380,0.00004380,0.00000000
1549198800,1549202399,0.00004380,0.00004380,0.00004359,0.00004359,19900.00000000
1549202400,1549205999,0.00004359,0.00004362,0.00004334,0.00004338,69799.00000000
1549206000,1549209599,0.00004361,0.00004362,0.00004339,0.00004346,12961.00000000
1549209600,1549213199,0.00004343,0.00004343,0.00004342,0.00004342,37978.00000000
1549213200,1549216799,0.00004350,0.00004350,0.00004350,0.00004350,850.00000000
1549216800,1549220399,0.00004362,0.00004378,0.00004360,0.00004378,11588.00000000
1549220400,1549223999,0.00004378,0.00004388,0.00004371,0.00004371,13550.00000000
1549224000,1549227599,0.00004349,0.00004349,0.00004348,0.00004349,63458.00000000
1549227600,1549231199,0.00004363,0.00004363,0.00004363,0.00004363,999.00000000
1549231200,1549234799,0.00004365,0.00004365,0.00004336,0.00004342,18863.00000000
1549234800,1549238399,0.00004350,0.00004384,0.00004350,0.00004384,27564.00000000
1549238400,1549241999,0.00004376,0.00004392,0.00004376,0.00004392,23986.00000000
1549242000,1549245599,0.00004392,0.00004392,0.00004392,0.00004392,0.00000000
1549245600,1549249199,0.00004396,0.00004445,0.00004396,0.00004432,122804.00000000
1549249200,1549252799,0.00004409,0.00004409,0.00004347,0.00004347,70706.00000000
1549252800,1549256399,0.00004369,0.00004413,0.00004369,0.00004403,49241.00000000
1549256400,1549259999,0.00004344,0.00004344,0.00004344,0.00004344,21728.00000000
1549260000,1549263599,0.00004348,0.00004349,0.00004348,0.00004349,1356.00000000
1549263600,1549267199,0.00004350,0.00004351,0.00004350,0.00004351,3598.00000000
1549267200,1549270799,0.00004350,0.00004350,0.00004331,0.00004342,25307.00000000
1549270800,1549274399,0.00004346,0.00004372,0.00004322,0.00004322,24736.00000000
1549274400,1549277999,0.00004377,0.00004377,0.00004373,0.00004373,55393.00000000
1549278000,1549281599,0.00004395,0.00004413,0.00004368,0.00004368,10760.00000000
1549281600,1549285199,0.00004368,0.00004368,0.00004368,0.00004368,360.00000000
1549285200,1549288799,0.00004368,0.00004376,0.00004332,0.00004343,43083.00000000
1549288800,1549292399,0.00004372,0.00004393,0.00004372,0.00004393,8168.00000000
1549292400,1549295999,0.00004337,0.00004342,0.00004336,0.00004342,2287.00000000
1549296000,1549299599,0.00004343,0.00004371,0.00004333,0.00004337,108887.00000000
1549299600,1549303199,0.00004339,0.00004340,0.00004306,0.00004339,133866.00000000
1549303200,1549306799,0.00004339,0.00004478,0.00004339,0.00004478,356099.00000000
1549306800,1549310399,0.00004478,0.00004500,0.00004433,0.00004433,283587.00000000
1549310400,1549313999,0.00004430,0.00004460,0.00004371,0.00004453,264746.00000000
1549314000,1549317599,0.00004453,0.00004453,0.00004385,0.00004422,113885.00000000
1549317600,1549321199,0.00004412,0.00004412,0.00004404,0.00004404,8338.00000000
1549321200,1549324799,0.00004385,0.00004412,0.00004385,0.00004412,17488.00000000
1549324800,1549328399,0.00004412,0.00004481,0.00004412,0.00004481,202348.00000000
1549328400,1549331999,0.00004481,0.00004500,0.00004470,0.00004470,80908.00000000
1549332000,1549335599,0.00004507,0.00004509,0.00004467,0.00004485,189002.00000000
1549335600,1549339199,0.00004487,0.00004487,0.00004414,0.00004415,210113.00000000
1549339200,1549342799,0.00004413,0.00004422,0.00004399,0.00004402,18514.00000000
1549342800,1549346399,0.00004400,0.00004458,0.00004398,0.00004458,320670.00000000
1549346400,1549349999,0.00004458,0.00004458,0.00004458,0.00004458,0.00000000
1549350000,1549353599,0.00004427,0.00004427,0.00004416,0.00004420,12805.00000000
1549353600,1549357199,0.00004416,0.00004416,0.00004408,0.00004410,17668.00000000
1549357200,1549360799,0.00004410,0.00004419,0.00004272,0.00004339,1007903.00000000
1549360800,1549364399,0.00004344,0.00004396,0.00004339,0.00004396,73193.00000000
1549364400,1549367999,0.00004396,0.00004396,0.00004377,0.00004377,33092.00000000
1549368000,1549371599,0.00004377,0.00004387,0.00004377,0.00004387,5921.00000000
1549371600,1549375199,0.00004387,0.00004387,0.00004387,0.00004387,91683.00000000
1549375200,1549378799,0.00004386,0.00004501,0.00004386,0.00004421,125675.00000000
1549378800,1549382399,0.00004406,0.00004419,0.00004358,0.00004361,45532.00000000
1549382400,1549385999,0.00004368,0.00004409,0.00004368,0.00004372,47040.00000000
1549386000,1549389599,0.00004377,0.00004377,0.00004369,0.00004369,2310.00000000
1549389600,1549393199,0.00004377,0.00004411,0.00004300,0.00004304,443812.00000000
1549393200,1549396799,0.00004306,0.00004336,0.00004304,0.00004311,52699.00000000
1549396800,1549400399,0.00004310,0.00004316,0.00004310,0.00004316,7932.00000000
1549400400,1549403999,0.00004316,0.00004336,0.00004316,0.00004336,76517.00000000
1549404000,1549407599,0.00004336,0.00004336,0.00004324,0.00004324,2315.00000000
1549407600,1549411199,0.00004318,0.00004344,0.00004308,0.00004344,16448.00000000
1549411200,1549414799,0.00004344,0.00004344,0.00004344,0.00004344,0.00000000
1549414800,1549418399,0.00004344,0.00004455,0.00004331,0.00004331,280823.00000000
1549418400,1549421999,0.00004329,0.00004329,0.00004307,0.00004313,34740.00000000
1549422000,1549425599,0.00004326,0.00004375,0.00004326,0.00004336,118982.00000000
1549425600,1549429199,0.00004336,0.00004336,0.00004336,0.00004336,0.00000000
1549429200,1549432799,0.00004329,0.00004329,0.00004329,0.00004329,932.00000000
1549432800,1549436399,0.00004309,0.00004329,0.00004309,0.00004328,19430.00000000
1549436400,1549439999,0.00004310,0.00004310,0.00004299,0.00004299,71946.00000000
1549440000,1549443599,0.00004329,0.00004332,0.00004299,0.00004332,161870.00000000
1549443600,1549447199,0.00004334,0.00004334,0.00004300,0.00004300,17697.00000000
1549447200,1549450799,0.00004300,0.00004300,0.00004300,0.00004300,14377.00000000
1549450800,1549454399,0.00004303,0.00004303,0.00004303,0.00004303,1000.00000000
1549454400,1549457999,0.00004308,0.00004308,0.00004287,0.00004287,183061.00000000
1549458000,1549461599,0.00004285,0.00004297,0.00004283,0.00004297,52009.00000000
1549461600,1549465199,0.00004303,0.00004303,0.00004288,0.00004290,41793.00000000
1549465200,1549468799,0.00004306,0.00004316,0.00004306,0.00004316,36431.00000000
1549468800,1549472399,0.00004289,0.00004289,0.00004208,0.00004278,721526.00000000
1549472400,1549475999,0.00004278,0.00004278,0.00004278,0.00004278,0.00000000
1549476000,1549479599,0.00004255,0.00004255,0.00004221,0.00004229,50096.00000000
1549479600,1549483199,0.00004229,0.00004236,0.00004216,0.00004219,64061.00000000
1549483200,1549486799,0.00004223,0.00004223,0.00004215,0.00004220,12337.00000000
1549486800,1549490399,0.00004208,0.00004236,0.00004203,0.00004236,33260.00000000
1549490400,1549493999,0.00004223,0.00004245,0.00004223,0.00004227,59900.00000000
1549494000,1549497599,0.00004245,0.00004295,0.00004245,0.00004261,90729.00000000
1549497600,1549501199,0.00004264,0.00004267,0.00004264,0.00004267,51555.00000000
1549501200,1549504799,0.00004267,0.00004267,0.00004267,0.00004267,0.00000000
1549504800,1549508399,0.00004239,0.00004267,0.00004239,0.00004267,50450.00000000
1549508400,1549511999,0.00004246,0.00004269,0.00004245,0.00004269,42003.00000000
1549512000,1549515599,0.00004245,0.00004299,0.00004245,0.00004299,16434.00000000
1549515600,1549519199,0.00004292,0.00004331,0.00004254,0.00004329,116047.00000000
1549519200,1549522799,0.00004329,0.00004367,0.00004329,0.00004353,171436.00000000
1549522800,1549526399,0.00004365,0.00004408,0.00004363,0.00004363,269650.00000000
1549526400,1549529999,0.00004362,0.00004363,0.00004339,0.00004363,7457.00000000
1549530000,1549533599,0.00004363,0.00004363,0.00004363,0.00004363,3834.00000000
1549533600,1549537199,0.00004363,0.00004368,0.00004363,0.00004368,6587.00000000
1549537200,1549540799,0.00004369,0.00004444,0.00004369,0.00004441,177217.00000000
1549540800,1549544399,0.00004456,0.00004456,0.00004402,0.00004410,14128.00000000
1549544400,1549547999,0.00004393,0.00004393,0.00004326,0.00004350,375211.00000000
1549548000,1549551599,0.00004373,0.00004403,0.00004373,0.00004392,44036.00000000
1549551600,1549555199,0.00004391,0.00004392,0.00004381,0.00004381,11254.00000000
1549555200,1549558799,0.00004381,0.00004381,0.00004381,0.00004381,0.00000000
1549558800,1549562399,0.00004402,0.00004402,0.00004367,0.00004367,6133.00000000
1549562400,1549565999,0.00004395,0.00004396,0.00004393,0.00004394,31183.00000000
1549566000,1549569599,0.00004354,0.00004354,0.00004244,0.00004297,971444.00000000
1549569600,1549573199,0.00004315,0.00004315,0.00004276,0.00004276,127861.00000000
1549573200,1549576799,0.00004313,0.00004314,0.00004276,0.00004314,13782.00000000
1549576800,1549580399,0.00004315,0.00004325,0.00004315,0.00004315,2728.00000000
1549580400,1549583999,0.00004286,0.00004308,0.00004286,0.00004308,15286.00000000
1549584000,1549587599,0.00004311,0.00004332,0.00004311,0.00004332,208661.00000000
1549587600,1549591199,0.00004332,0.00004332,0.00004332,0.00004332,0.00000000
1549591200,1549594799,0.00004329,0.00004329,0.00004329,0.00004329,2100.00000000
1549594800,1549598399,0.00004329,0.00004329,0.00004329,0.00004329,0.00000000
1549598400,1549601999,0.00004323,0.00004329,0.00004323,0.00004329,85327.00000000
1549602000,1549605599,0.00004301,0.00004301,0.00004299,0.00004299,2759.00000000
1549605600,1549609199,0.00004323,0.00004323,0.00004314,0.00004314,13263.00000000
1549609200,1549612799,0.00004318,0.00004328,0.00004300,0.00004300,169334.00000000
1549612800,1549616399,0.00004314,0.00004315,0.00004301,0.00004314,68579.00000000
1549616400,1549619999,0.00004300,0.00004300,0.00004219,0.00004220,197783.00000000
1549620000,1549623599,0.00004227,0.00004251,0.00004216,0.00004216,19797.00000000
1549623600,1549627199,0.00004208,0.00004242,0.00004207,0.00004242,75360.00000000
1549627200,1549630799,0.00004218,0.00004220,0.00004200,0.00004211,198312.00000000
1549630800,1549634399,0.00004215,0.00004280,0.00004189,0.00004213,376324.00000000
1549634400,1549637999,0.00004190,0.00004224,0.00004189,0.00004224,32057.00000000
1549638000,1549641599,0.00004218,0.00004224,0.00004151,0.00004151,257180.00000000
1549641600,1549645199,0.00004151,0.00004202,0.00004045,0.00004099,721994.00000000
1549645200,1549648799,0.00004099,0.00004120,0.00004028,0.00004083,302756.00000000
1549648800,1549652399,0.00004063,0.00004092,0.00004063,0.00004092,27499.00000000
1549652400,1549655999,0.00004061,0.00004061,0.00004050,0.00004050,92479.00000000
1549656000,1549659599,0.00004055,0.00004057,0.00004055,0.00004057,44887.00000000
1549659600,1549663199,0.00004059,0.00004061,0.00004042,0.00004042,118639.00000000
1549663200,1549666799,0.00004041,0.00004098,0.00004041,0.00004098,14481.00000000
1549666800,1549670399,0.00004104,0.00004104,0.00004104,0.00004104,4581.00000000
1549670400,1549673999,0.00004103,0.00004103,0.00004083,0.00004083,45295.00000000
1549674000,1549677599,0.00004088,0.00004104,0.00004077,0.00004104,196210.00000000
1549677600,1549681199,0.00004104,0.00004110,0.00004104,0.00004110,60268.00000000
1549681200,1549684799,0.00004096,0.00004103,0.00004068,0.00004069,229726.00000000
1549684800,1549688399,0.00004065,0.00004069,0.00004056,0.00004056,6581.00000000
1549688400,1549691999,0.00004083,0.00004130,0.00004083,0.00004097,78590.00000000
1549692000,1549695599,0.00004100,0.00004141,0.00004096,0.00004117,115934.00000000
1549695600,1549699199,0.00004136,0.00004136,0.00004103,0.00004103,1043.00000000
1549699200,1549702799,0.00004083,0.00004085,0.00004083,0.00004085,2116.00000000
1549702800,1549706399,0.00004099,0.00004099,0.00004085,0.00004090,108833.00000000
1549706400,1549709999,0.00004080,0.00004080,0.00004046,0.00004046,125299.00000000
1549710000,1549713599,0.00004055,0.00004143,0.00004000,0.00004073,763101.00000000
1549713600,1549717199,0.00004043,0.00004072,0.00004043,0.00004072,41214.00000000
1549717200,1549720799,0.00004052,0.00004088,0.00004045,0.00004088,117005.00000000
1549720800,1549724399,0.00004068,0.00004068,0.00004008,0.00004031,237356.00000000
1549724400,1549727999,0.00004039,0.00004067,0.00004039,0.00004047,56122.00000000
1549728000,1549731599,0.00004018,0.00004081,0.00004018,0.00004076,18964.00000000
1549731600,1549735199,0.00004078,0.00004086,0.00004064,0.00004064,106821.00000000
1549735200,1549738799,0.00004057,0.00004057,0.00004057,0.00004057,6294.00000000
1549738800,1549742399,0.00004057,0.00004057,0.00004057,0.00004057,0.00000000
1549742400,1549745999,0.00004050,0.00004050,0.00004050,0.00004050,399742.00000000
1549746000,1549749599,0.00004081,0.00004081,0.00004050,0.00004050,171193.00000000
1549749600,1549753199,0.00004060,0.00004065,0.00004044,0.00004065,14853.00000000
1549753200,1549756799,0.00004052,0.00004094,0.00004052,0.00004094,36751.00000000
1549756800,1549760399,0.00004072,0.00004100,0.00004072,0.00004084,75383.00000000
1549760400,1549763999,0.00004104,0.00004119,0.00004017,0.00004075,314764.00000000
1549764000,1549767599,0.00004052,0.00004052,0.00004050,0.00004051,53012.00000000
1549767600,1549771199,0.00004051,0.00004051,0.00004051,0.00004051,0.00000000
1549771200,1549774799,0.00004051,0.00004051,0.00004051,0.00004051,0.00000000
1549774800,1549778399,0.00004051,0.00004051,0.00004051,0.00004051,0.00000000
1549778400,1549781999,0.00004051,0.00004091,0.00004051,0.00004091,13686.00000000
1549782000,1549785599,0.00004078,0.00004091,0.00004070,0.00004091,4886.00000000
1549785600,1549789199,0.00004064,0.00004066,0.00004064,0.00004066,45298.00000000
1549789200,1549792799,0.00004055,0.00004055,0.00004050,0.00004050,1440.00000000
1549792800,1549796399,0.00004047,0.00004061,0.00004047,0.00004056,155573.00000000
1549796400,1549799999,0.00004050,0.00004067,0.00004050,0.00004067,32679.00000000
1549800000,1549803599,0.00004059,0.00004067,0.00004059,0.00004067,34319.00000000
1549803600,1549807199,0.00004062,0.00004073,0.00004035,0.00004054,84778.00000000
1549807200,1549810799,0.00004052,0.00004052,0.00004052,0.00004052,13340.00000000
1549810800,1549814399,0.00004052,0.00004052,0.00004052,0.00004052,0.00000000
1549814400,1549817999,0.00004054,0.00004054,0.00004029,0.00004029,12484.00000000
1549818000,1549821599,0.00004034,0.00004034,0.00004034,0.00004034,3278.00000000
1549821600,1549825199,0.00004030,0.00004069,0.00004014,0.00004016,96326.00000000
1549825200,1549828799,0.00004064,0.00004064,0.00004035,0.00004035,128783.00000000
1549828800,1549832399,0.00004029,0.00004031,0.00004000,0.00004029,127592.00000000
1549832400,1549835999,0.00004025,0.00004031,0.00004025,0.00004031,17730.00000000
1549836000,1549839599,0.00004026,0.00004027,0.00003947,0.00003947,502933.00000000
1549839600,1549843199,0.00003979,0.00003979,0.00003833,0.00003873,305242.00000000
1549843200,1549846799,0.00003887,0.00003929,0.00003882,0.00003914,173256.00000000
1549846800,1549850399,0.00003921,0.00003968,0.00003920,0.00003940,23117.00000000
1549850400,1549853999,0.00003937,0.00003937,0.00003937,0.00003937,9397.00000000
1549854000,1549857599,0.00003944,0.00003944,0.00003944,0.00003944,5620.00000000
1549857600,1549861199,0.00003944,0.00003944,0.00003944,0.00003944,0.00000000
1549861200,1549864799,0.00003968,0.00003976,0.00003932,0.00003932,24605.00000000
1549864800,1549868399,0.00003960,0.00003960,0.00003960,0.00003960,5000.00000000
1549868400,1549871999,0.00003981,0.00003986,0.00003981,0.00003986,13347.00000000
1549872000,1549875599,0.00003980,0.00003980,0.00003980,0.00003980,33896.00000000
1549875600,1549879199,0.00003953,0.00003973,0.00003930,0.00003951,71145.00000000
1549879200,1549882799,0.00003975,0.00004010,0.00003975,0.00004010,35025.00000000
1549882800,1549886399,0.00004017,0.00004025,0.00004000,0.00004023,224223.00000000
1549886400,1549889999,0.00004000,0.00004000,0.00003973,0.00003978,63283.00000000
1549890000,1549893599,0.00003973,0.00003996,0.00003950,0.00003950,151569.00000000
1549893600,1549897199,0.00003961,0.00003992,0.00003961,0.00003965,69223.00000000
1549897200,1549900799,0.00003964,0.00004004,0.00003950,0.00003990,20357.00000000
1549900800,1549904399,0.00004010,0.00004025,0.00004000,0.00004000,9359.00000000
1549904400,1549907999,0.00004000,0.00004002,0.00004000,0.00004002,4368.00000000
1549908000,1549911599,0.00004008,0.00004008,0.00004008,0.00004008,25000.00000000
1549911600,1549915199,0.00003984,0.00004040,0.00003958,0.00004040,226850.00000000
1549915200,1549918799,0.00004035,0.00004035,0.00004010,0.00004010,497942.00000000
1549918800,1549922399,0.00004014,0.00004014,0.00003985,0.00003996,75508.00000000
1549922400,1549925999,0.00003993,0.00003993,0.00003953,0.00003985,94951.00000000
1549926000,1549929599,0.00003955,0.00003997,0.00003951,0.00003951,82383.00000000
1549929600,1549933199,0.00003996,0.00003996,0.00003996,0.00003996,251.00000000
1549933200,1549936799,0.00004005,0.00004005,0.00004005,0.00004005,751.00000000
1549936800,1549940399,0.00003983,0.00004014,0.00003980,0.00004014,116085.00000000
1549940400,1549943999,0.00004010,0.00004010,0.00004006,0.00004006,91245.00000000
1549944000,1549947599,0.00003969,0.00004009,0.00003969,0.00003989,71278.00000000
1549947600,1549951199,0.00003989,0.00004017,0.00003989,0.00004017,42751.00000000
1549951200,1549954799,0.00004000,0.00004000,0.00003990,0.00003990,54330.00000000
1549954800,1549958399,0.00003990,0.00003990,0.00003989,0.00003989,35111.00000000
1549958400,1549961999,0.00003980,0.00003997,0.00003920,0.00003997,257884.00000000
1549962000,1549965599,0.00004000,0.00004009,0.00003988,0.00003988,12899.00000000
1549965600,1549969199,0.00003988,0.00003988,0.00003959,0.00003959,187789.00000000
1549969200,1549972799,0.00003975,0.00003975,0.00003953,0.00003953,51050.00000000
1549972800,1549976399,0.00003971,0.00003988,0.00003971,0.00003988,100519.00000000
1549976400,1549979999,0.00003975,0.00004007,0.00003975,0.00003989,99069.00000000
1549980000,1549983599,0.00003962,0.00003962,0.00003962,0.00003962,2474.00000000
1549983600,1549987199,0.00003973,0.00004006,0.00003973,0.00003980,50115.00000000
1549987200,1549990799,0.00003980,0.00004000,0.00003980,0.00003999,35145.00000000
1549990800,1549994399,0.00003997,0.00003997,0.00003973,0.00003973,16334.00000000
1549994400,1549997999,0.00003969,0.00003969,0.00003906,0.00003919,150640.00000000
1549998000,1550001599,0.00003926,0.00003927,0.00003902,0.00003927,267332.00000000
1550001600,1550005199,0.00003918,0.00003918,0.00003881,0.00003881,104216.00000000
1550005200,1550008799,0.00003923,0.00003942,0.00003923,0.00003942,1176.00000000
1550008800,1550012399,0.00003956,0.00003961,0.00003956,0.00003961,154832.00000000
1550012400,1550015999,0.00003951,0.00003951,0.00003951,0.00003951,7969.00000000
1550016000,1550019599,0.00003941,0.00003941,0.00003918,0.00003918,28496.00000000
1550019600,1550023199,0.00003928,0.00003928,0.00003918,0.00003918,21829.00000000
1550023200,1550026799,0.00003918,0.00003918,0.00003918,0.00003918,0.00000000
1550026800,1550030399,0.00003921,0.00003921,0.00003921,0.00003921,4047.00000000
1550030400,1550033999,0.00003921,0.00003929,0.00003921,0.00003929,143716.00000000
1550034000,1550037599,0.00003911,0.00003911,0.00003908,0.00003908,6695.00000000
1550037600,1550041199,0.00003892,0.00003922,0.00003887,0.00003922,113824.00000000
1550041200,1550044799,0.00003902,0.00003902,0.00003881,0.00003881,94490.00000000
1550044800,1550048399,0.00003892,0.00003901,0.00003882,0.00003901,2076.00000000
1550048400,1550051999,0.00003901,0.00003911,0.00003901,0.00003901,6750.00000000
1550052000,1550055599,0.00003887,0.00003887,0.00003887,0.00003887,588.00000000
1550055600,1550059199,0.00003887,0.00003887,0.00003887,0.00003887,0.00000000
1550059200,1550062799,0.00003901,0.00003970,0.00003901,0.00003970,98560.00000000
1550062800,1550066399,0.00003909,0.00003909,0.00003897,0.00003897,6398.00000000
1550066400,1550069999,0.00003897,0.00003897,0.00003897,0.00003897,28408.00000000
1550070000,1550073599,0.00003932,0.00003933,0.00003932,0.00003933,10097.00000000
1550073600,1550077199,0.00003920,0.00003920,0.00003899,0.00003905,75971.00000000
1550077200,1550080799,0.00003908,0.00003910,0.00003908,0.00003910,51167.00000000
1550080800,1550084399,0.00003910,0.00003910,0.00003910,0.00003910,0.00000000
1550084400,1550087999,0.00003910,0.00003910,0.00003910,0.00003910,0.00000000
1550088000,1550091599,0.00003926,0.00003926,0.00003926,0.00003926,4665.00000000
1550091600,1550095199,0.00003944,0.00003947,0.00003944,0.00003947,80186.00000000
1550095200,1550098799,0.00003931,0.00003944,0.00003931,0.00003944,32216.00000000
1550098800,1550102399,0.00003939,0.00003939,0.00003939,0.00003939,6629.00000000
1550102400,1550105999,0.00003939,0.00003939,0.00003939,0.00003939,0.00000000
1550106000,1550109599,0.00003922,0.00003922,0.00003922,0.00003922,295.00000000
1550109600,1550113199,0.00003925,0.00003925,0.00003897,0.00003907,50503.00000000
1550113200,1550116799,0.00003907,0.00003907,0.00003907,0.00003907,0.00000000
1550116800,1550120399,0.00003897,0.00003906,0.00003870,0.00003870,306151.00000000
1550120400,1550123999,0.00003907,0.00003933,0.00003907,0.00003933,115382.00000000
1550124000,1550127599,0.00003933,0.00003933,0.00003918,0.00003920,461067.00000000
1550127600,1550131199,0.00003921,0.00003930,0.00003921,0.00003930,338377.00000000
1550131200,1550134799,0.00003923,0.00003923,0.00003896,0.00003897,15310.00000000
1550134800,1550138399,0.00003922,0.00003926,0.00003922,0.00003926,102686.00000000
1550138400,1550141999,0.00003929,0.00003940,0.00003929,0.00003940,266164.00000000
1550142000,1550145599,0.00003911,0.00003917,0.00003911,0.00003917,12633.00000000
1550145600,1550149199,0.00003908,0.00003910,0.00003906,0.00003909,63528.00000000
1550149200,1550152799,0.00003907,0.00003908,0.00003904,0.00003908,40663.00000000
1550152800,1550156399,0.00003900,0.00003900,0.00003700,0.00003829,1805186.00000000
1550156400,1550159999,0.00003833,0.00003836,0.00003800,0.00003807,333009.00000000
1550160000,1550163599,0.00003832,0.00003836,0.00003788,0.00003788,182684.00000000
1550163600,1550167199,0.00003789,0.00003812,0.00003772,0.00003812,274418.00000000
1550167200,1550170799,0.00003812,0.00003837,0.00003812,0.00003837,107753.00000000
1550170800,1550174399,0.00003821,0.00003841,0.00003795,0.00003810,139182.00000000
1550174400,1550177999,0.00003832,0.00003832,0.00003800,0.00003800,15264.00000000
1550178000,1550181599,0.00003804,0.00003804,0.00003800,0.00003800,52132.00000000
1550181600,1550185199,0.00003820,0.00003840,0.00003820,0.00003840,89498.00000000
1550185200,1550188799,0.00003831,0.00003854,0.00003829,0.00003854,63959.00000000
1550188800,1550192399,0.00003854,0.00003858,0.00003854,0.00003854,8084.00000000
1550192400,1550195999,0.00003849,0.00003854,0.00003849,0.00003854,67998.00000000
1550196000,1550199599,0.00003836,0.00003836,0.00003836,0.00003836,3002.00000000
1550199600,1550203199,0.00003836,0.00003858,0.00003829,0.00003829,8852.00000000
1550203200,1550206799,0.00003830,0.00003830,0.00003762,0.00003778,305681.00000000
1550206800,1550210399,0.00003782,0.00003789,0.00003778,0.00003789,20948.00000000
1550210400,1550213999,0.00003789,0.00003789,0.00003789,0.00003789,1037.00000000
1550214000,1550217599,0.00003789,0.00003792,0.00003789,0.00003792,84526.00000000
1550217600,1550221199,0.00003805,0.00003811,0.00003805,0.00003810,52736.00000000
1550221200,1550224799,0.00003799,0.00003799,0.00003778,0.00003780,224306.00000000
1550224800,1550228399,0.00003785,0.00003785,0.00003760,0.00003783,416749.00000000
1550228400,1550231999,0.00003783,0.00003804,0.00003783,0.00003804,43695.00000000
1550232000,1550235599,0.00003804,0.00003837,0.00003804,0.00003811,118813.00000000
1550235600,1550239199,0.00003805,0.00003835,0.00003805,0.00003835,102836.00000000
1550239200,1550242799,0.00003780,0.00003799,0.00003762,0.00003797,130517.00000000
1550242800,1550246399,0.00003795,0.00003795,0.00003789,0.00003789,22383.00000000
1550246400,1550249999,0.00003783,0.00003789,0.00003766,0.00003766,192309.00000000
1550250000,1550253599,0.00003762,0.00003811,0.00003762,0.00003770,67214.00000000
1550253600,1550257199,0.00003790,0.00003827,0.00003790,0.00003799,134410.00000000
1550257200,1550260799,0.00003801,0.00003801,0.00003794,0.00003794,115890.00000000
1550260800,1550264399,0.00003801,0.00003803,0.00003801,0.00003803,35126.00000000
1550264400,1550267999,0.00003791,0.00003791,0.00003780,0.00003789,5871.00000000
1550268000,1550271599,0.00003791,0.00003819,0.00003780,0.00003819,36043.00000000
1550271600,1550275199,0.00003791,0.00003791,0.00003780,0.00003780,77304.00000000
1550275200,1550278799,0.00003780,0.00003780,0.00003777,0.00003779,3978.00000000
1550278800,1550282399,0.00003779,0.00003779,0.00003779,0.00003779,0.00000000
1550282400,1550285999,0.00003779,0.00003780,0.00003779,0.00003780,117731.00000000
1550286000,1550289599,0.00003811,0.00003814,0.00003800,0.00003814,23149.00000000
1550289600,1550293199,0.00003814,0.00003814,0.00003814,0.00003814,0.00000000
1550293200,1550296799,0.00003811,0.00003811,0.00003811,0.00003811,1754.00000000
1550296800,1550300399,0.00003802,0.00003802,0.00003776,0.00003780,13856.00000000
1550300400,1550303999,0.00003780,0.00003781,0.00003780,0.00003781,86359.00000000
1550304000,1550307599,0.00003772,0.00003781,0.00003772,0.00003781,7007.00000000
1550307600,1550311199,0.00003760,0.00003771,0.00003760,0.00003771,11247.00000000
1550311200,1550314799,0.00003760,0.00003773,0.00003758,0.00003758,13226.00000000
1550314800,1550318399,0.00003758,0.00003758,0.00003740,0.00003748,31332.00000000
1550318400,1550321999,0.00003737,0.00003766,0.00003730,0.00003766,54237.00000000
1550322000,1550325599,0.00003752,0.00003752,0.00003752,0.00003752,34162.00000000
1550325600,1550329199,0.00003768,0.00003770,0.00003734,0.00003766,256277.00000000
1550329200,1550332799,0.00003761,0.00003776,0.00003761,0.00003766,159103.00000000
1550332800,1550336399,0.00003766,0.00003766,0.00003766,0.00003766,0.00000000
1550336400,1550339999,0.00003756,0.00003757,0.00003756,0.00003757,1937.00000000
1550340000,1550343599,0.00003775,0.00003804,0.00003775,0.00003776,27853.00000000
1550343600,1550347199,0.00003775,0.00003775,0.00003773,0.00003774,20741.00000000
1550347200,1550350799,0.00003774,0.00003777,0.00003751,0.00003771,326034.00000000
1550350800,1550354399,0.00003771,0.00003771,0.00003771,0.00003771,0.00000000
1550354400,1550357999,0.00003760,0.00003760,0.00003741,0.00003741,16777.00000000
1550358000,1550361599,0.00003757,0.00003771,0.00003757,0.00003769,52173.00000000
1550361600,1550365199,0.00003768,0.00003768,0.00003768,0.00003768,642.00000000
1550365200,1550368799,0.00003752,0.00003804,0.00003741,0.00003804,37443.00000000
1550368800,1550372399,0.00003774,0.00003774,0.00003772,0.00003772,3474.00000000
1550372400,1550375999,0.00003772,0.00003772,0.00003772,0.00003772,0.00000000
1550376000,1550379599,0.00003752,0.00003773,0.00003720,0.00003773,413705.00000000
1550379600,1550383199,0.00003773,0.00003773,0.00003773,0.00003773,266.00000000
1550383200,1550386799,0.00003791,0.00003811,0.00003791,0.00003808,113111.00000000
1550386800,1550390399,0.00003792,0.00003817,0.00003782,0.00003782,219398.00000000
1550390400,1550393999,0.00003799,0.00003816,0.00003799,0.00003804,189408.00000000
1550394000,1550397599,0.00003816,0.00003819,0.00003756,0.00003773,214031.00000000
1550397600,1550401199,0.00003758,0.00003758,0.00003671,0.00003696,1371235.00000000
1550401200,1550404799,0.00003682,0.00003711,0.00003680,0.00003708,214797.00000000
1550404800,1550408399,0.00003710,0.00003719,0.00003698,0.00003719,186769.00000000
1550408400,1550411999,0.00003730,0.00003730,0.00003707,0.00003707,119717.00000000
1550412000,1550415599,0.00003703,0.00003703,0.00003680,0.00003680,61991.00000000
1550415600,1550419199,0.00003680,0.00003680,0.00003680,0.00003680,0.00000000
1550419200,1550422799,0.00003696,0.00003696,0.00003684,0.00003684,49196.00000000
1550422800,1550426399,0.00003694,0.00003694,0.00003657,0.00003669,247423.00000000
1550426400,1550429999,0.00003657,0.00003677,0.00003650,0.00003650,92949.00000000
1550430000,1550433599,0.00003647,0.00003647,0.00003609,0.00003609,301358.00000000
1550433600,1550437199,0.00003609,0.00003624,0.00003606,0.00003609,146564.00000000
1550437200,1550440799,0.00003603,0.00003616,0.00003577,0.00003603,588007.00000000
1550440800,1550444399,0.00003587,0.00003604,0.00003537,0.00003598,228235.00000000
1550444400,1550447999,0.00003576,0.00003576,0.00003500,0.00003572,76703.00000000
1550448000,1550451599,0.00003580,0.00003580,0.00003566,0.00003568,3436.00000000
1550451600,1550455199,0.00003582,0.00003585,0.00003582,0.00003585,239463.00000000
1550455200,1550458799,0.00003575,0.00003575,0.00003519,0.00003526,477309.00000000
1550458800,1550462399,0.00003509,0.00003530,0.00003501,0.00003508,57964.00000000
1550462400,1550465999,0.00003520,0.00003542,0.00003508,0.00003530,231878.00000000
1550466000,1550469599,0.00003540,0.00003540,0.00003530,0.00003530,7130.00000000
1550469600,1550473199,0.00003539,0.00003540,0.00003520,0.00003520,28487.00000000
1550473200,1550476799,0.00003540,0.00003550,0.00003540,0.00003550,120902.00000000
1550476800,1550480399,0.00003541,0.00003554,0.00003529,0.00003554,49160.00000000
1550480400,1550483999,0.00003534,0.00003534,0.00003501,0.00003501,269287.00000000
1550484000,1550487599,0.00003513,0.00003513,0.00003500,0.00003500,82827.00000000
1550487600,1550491199,0.00003486,0.00003486,0.00003470,0.00003470,101384.00000000
1550491200,1550494799,0.00003453,0.00003459,0.00003394,0.00003394,570073.00000000
1550494800,1550498399,0.00003407,0.00003453,0.00003396,0.00003403,115829.00000000
1550498400,1550501999,0.00003450,0.00003450,0.00003428,0.00003430,134877.00000000
1550502000,1550505599,0.00003437,0.00003445,0.00003394,0.00003407,96361.00000000
1550505600,1550509199,0.00003407,0.00003432,0.00003368,0.00003368,1148742.00000000
1550509200,1550512799,0.00003361,0.00003395,0.00003354,0.00003381,341079.00000000
1550512800,1550516399,0.00003355,0.00003381,0.00003340,0.00003373,454508.00000000
1550516400,1550519999,0.00003344,0.00003401,0.00003344,0.00003352,226481.00000000
1550520000,1550523599,0.00003379,0.00003426,0.00003379,0.00003387,98548.00000000
1550523600,1550527199,0.00003368,0.00003399,0.00003363,0.00003399,42459.00000000
1550527200,1550530799,0.00003416,0.00003416,0.00003365,0.00003365,171035.00000000
1550530800,1550534399,0.00003355,0.00003390,0.00003333,0.00003390,387434.00000000
1550534400,1550537999,0.00003364,0.00003364,0.00003340,0.00003345,35966.00000000
1550538000,1550541599,0.00003339,0.00003364,0.00003339,0.00003364,55928.00000000
1550541600,1550545199,0.00003373,0.00003377,0.00003373,0.00003377,31272.00000000
1550545200,1550548799,0.00003377,0.00003377,0.00003345,0.00003345,105430.00000000
1550548800,1550552399,0.00003349,0.00003377,0.00003346,0.00003355,66904.00000000
1550552400,1550555999,0.00003364,0.00003392,0.00003356,0.00003356,27551.00000000
1550556000,1550559599,0.00003356,0.00003356,0.00003356,0.00003356,0.00000000
1550559600,1550563199,0.00003357,0.00003357,0.00003284,0.00003300,1334785.00000000
1550563200,1550566799,0.00003302,0.00003390,0.00003272,0.00003337,177092.00000000
1550566800,1550570399,0.00003362,0.00003362,0.00003333,0.00003337,73564.00000000
1550570400,1550573999,0.00003346,0.00003346,0.00003316,0.00003336,184723.00000000
1550574000,1550577599,0.00003330,0.00003330,0.00003330,0.00003330,32969.00000000
1550577600,1550581199,0.00003315,0.00003326,0.00003303,0.00003303,74470.00000000
1550581200,1550584799,0.00003337,0.00003352,0.00003320,0.00003337,46994.00000000
1550584800,1550588399,0.00003343,0.00003361,0.00003255,0.00003361,527381.00000000
1550588400,1550591999,0.00003317,0.00003335,0.00003300,0.00003334,377789.00000000
1550592000,1550595599,0.00003333,0.00003353,0.00003309,0.00003353,44577.00000000
1550595600,1550599199,0.00003354,0.00003354,0.00003330,0.00003353,75200.00000000
1550599200,1550602799,0.00003352,0.00003355,0.00003352,0.00003355,14501.00000000
1550602800,1550606399,0.00003345,0.00003345,0.00003328,0.00003328,19701.00000000
1550606400,1550609999,0.00003295,0.00003304,0.00003294,0.00003300,57163.00000000
1550610000,1550613599,0.00003285,0.00003310,0.00003274,0.00003278,115531.00000000
1550613600,1550617199,0.00003301,0.00003317,0.00003301,0.00003317,69622.00000000
1550617200,1550620799,0.00003302,0.00003348,0.00003302,0.00003340,214443.00000000
1550620800,1550624399,0.00003316,0.00003319,0.00003316,0.00003319,69535.00000000
1550624400,1550627999,0.00003319,0.00003319,0.00003319,0.00003319,0.00000000
1550628000,1550631599,0.00003319,0.00003348,0.00003319,0.00003348,12523.00000000
1550631600,1550635199,0.00003347,0.00003347,0.00003332,0.00003332,5820.00000000
1550635200,1550638799,0.00003332,0.00003348,0.00003331,0.00003331,64241.00000000
1550638800,1550642399,0.00003352,0.00003361,0.00003331,0.00003361,90113.00000000
1550642400,1550645999,0.00003361,0.00003361,0.00003307,0.00003308,403268.00000000
1550646000,1550649599,0.00003342,0.00003344,0.00003283,0.00003283,110784.00000000
1550649600,1550653199,0.00003304,0.00003304,0.00003291,0.00003291,83608.00000000
1550653200,1550656799,0.00003299,0.00003299,0.00003290,0.00003293,49376.00000000
1550656800,1550660399,0.00003283,0.00003314,0.00003250,0.00003276,615588.00000000
1550660400,1550663999,0.00003276,0.00003276,0.00003271,0.00003271,814566.00000000
1550664000,1550667599,0.00003266,0.00003301,0.00003264,0.00003264,166928.00000000
1550667600,1550671199,0.00003265,0.00003282,0.00003265,0.00003280,234377.00000000
1550671200,1550674799,0.00003298,0.00003306,0.00003272,0.00003272,107665.00000000
1550674800,1550678399,0.00003270,0.00003275,0.00003240,0.00003240,367708.00000000
1550678400,1550681999,0.00003242,0.00003259,0.00003231,0.00003235,391436.00000000
1550682000,1550685599,0.00003242,0.00003310,0.00003234,0.00003248,152257.00000000
1550685600,1550689199,0.00003248,0.00003248,0.00003206,0.00003235,91937.00000000
1550689200,1550692799,0.00003235,0.00003243,0.00003214,0.00003241,142336.00000000
1550692800,1550696399,0.00003241,0.00003241,0.00003241,0.00003241,0.00000000
1550696400,1550699999,0.00003258,0.00003258,0.00003258,0.00003258,47231.00000000
1550700000,1550703599,0.00003232,0.00003233,0.00003231,0.00003233,60450.00000000
1550703600,1550707199,0.00003231,0.00003245,0.00003202,0.00003202,12680.00000000
1550707200,1550710799,0.00003227,0.00003227,0.00003227,0.00003227,3590.00000000
1550710800,1550714399,0.00003227,0.00003249,0.00003216,0.00003216,98775.00000000
1550714400,1550717999,0.00003212,0.00003243,0.00003212,0.00003234,331721.00000000
1550718000,1550721599,0.00003232,0.00003257,0.00003229,0.00003257,85876.00000000
1550721600,1550725199,0.00003234,0.00003234,0.00003225,0.00003225,2561.00000000
1550725200,1550728799,0.00003234,0.00003234,0.00003233,0.00003233,23353.00000000
1550728800,1550732399,0.00003231,0.00003238,0.00003231,0.00003238,55955.00000000
1550732400,1550735999,0.00003214,0.00003214,0.00003212,0.00003212,17160.00000000
1550736000,1550739599,0.00003245,0.00003245,0.00003245,0.00003245,309.00000000
1550739600,1550743199,0.00003252,0.00003252,0.00003212,0.00003227,140467.00000000
1550743200,1550746799,0.00003208,0.00003216,0.00003208,0.00003216,32939.00000000
1550746800,1550750399,0.00003240,0.00003240,0.00003240,0.00003240,2367.00000000
1550750400,1550753999,0.00003231,0.00003231,0.00003225,0.00003225,772.00000000
1550754000,1550757599,0.00003216,0.00003216,0.00003216,0.00003216,4917.00000000
1550757600,1550761199,0.00003216,0.00003216,0.00003198,0.00003198,224586.00000000
1550761200,1550764799,0.00003212,0.00003212,0.00003200,0.00003201,30424.00000000
1550764800,1550768399,0.00003220,0.00003228,0.00003182,0.00003190,190591.00000000
1550768400,1550771999,0.00003217,0.00003217,0.00003213,0.00003217,85960.00000000
1550772000,1550775599,0.00003211,0.00003228,0.00003210,0.00003211,210291.00000000
1550775600,1550779199,0.00003211,0.00003228,0.00003211,0.00003213,60270.00000000
1550779200,1550782799,0.00003201,0.00003213,0.00003201,0.00003213,120738.00000000
1550782800,1550786399,0.00003214,0.00003228,0.00003209,0.00003209,121272.00000000
1550786400,1550789999,0.00003209,0.00003384,0.00003209,0.00003313,703024.00000000
1550790000,1550793599,0.00003325,0.00003332,0.00003277,0.00003315,351847.00000000
1550793600,1550797199,0.00003302,0.00003347,0.00003302,0.00003347,95453.00000000
1550797200,1550800799,0.00003307,0.00003308,0.00003258,0.00003269,100331.00000000
1550800800,1550804399,0.00003269,0.00003269,0.00003269,0.00003269,0.00000000
1550804400,1550807999,0.00003265,0.00003287,0.00003227,0.00003249,302219.00000000
1550808000,1550811599,0.00003266,0.00003273,0.00003266,0.00003273,66810.00000000
1550811600,1550815199,0.00003273,0.00003382,0.00003273,0.00003350,1041131.00000000
1550815200,1550818799,0.00003350,0.00003355,0.00003314,0.00003333,258860.00000000
1550818800,1550822399,0.00003341,0.00003359,0.00003340,0.00003340,24048.00000000
1550822400,1550825999,0.00003340,0.00003340,0.00003300,0.00003300,39101.00000000
1550826000,1550829599,0.00003314,0.00003314,0.00003290,0.00003290,73813.00000000
1550829600,1550833199,0.00003290,0.00003306,0.00003276,0.00003305,142975.00000000
1550833200,1550836799,0.00003305,0.00003305,0.00003305,0.00003305,0.00000000
1550836800,1550840399,0.00003274,0.00003278,0.00003260,0.00003271,228177.00000000
1550840400,1550843999,0.00003270,0.00003270,0.00003267,0.00003267,27435.00000000
1550844000,1550847599,0.00003250,0.00003270,0.00003250,0.00003270,226646.00000000
1550847600,1550851199,0.00003258,0.00003280,0.00003233,0.00003280,400287.00000000
1550851200,1550854799,0.00003289,0.00003289,0.00003266,0.00003267,83872.00000000
1550854800,1550858399,0.00003275,0.00003278,0.00003251,0.00003267,175870.00000000
1550858400,1550861999,0.00003269,0.00003380,0.00003269,0.00003322,208739.00000000
1550862000,1550865599,0.00003352,0.00003352,0.00003320,0.00003320,40198.00000000
1550865600,1550869199,0.00003301,0.00003330,0.00003285,0.00003330,129658.00000000
1550869200,1550872799,0.00003306,0.00003306,0.00003301,0.00003301,71971.00000000
1550872800,1550876399,0.00003296,0.00003303,0.00003293,0.00003298,193370.00000000
1550876400,1550879999,0.00003298,0.00003304,0.00003273,0.00003273,60173.00000000
1550880000,1550883599,0.00003282,0.00003282,0.00003266,0.00003266,58653.00000000
1550883600,1550887199,0.00003277,0.00003277,0.00003273,0.00003273,25408.00000000
1550887200,1550890799,0.00003270,0.00003279,0.00003270,0.00003279,101952.00000000
1550890800,1550894399,0.00003310,0.00003318,0.00003310,0.00003314,57460.00000000
1550894400,1550897999,0.00003295,0.00003323,0.00003292,0.00003297,90557.00000000
1550898000,1550901599,0.00003298,0.00003298,0.00003279,0.00003279,91663.00000000
1550901600,1550905199,0.00003277,0.00003354,0.00003277,0.00003315,109830.00000000
1550905200,1550908799,0.00003282,0.00003282,0.00003255,0.00003256,34612.00000000
1550908800,1550912399,0.00003256,0.00003256,0.00003256,0.00003256,0.00000000
1550912400,1550915999,0.00003263,0.00003280,0.00003259,0.00003280,78284.00000000
1550916000,1550919599,0.00003260,0.00003260,0.00003238,0.00003238,60323.00000000
1550919600,1550923199,0.00003236,0.00003238,0.00003222,0.00003222,217701.00000000
1550923200,1550926799,0.00003217,0.00003243,0.00003215,0.00003215,199960.00000000
1550926800,1550930399,0.00003236,0.00003236,0.00003217,0.00003217,6725.00000000
1550930400,1550933999,0.00003212,0.00003240,0.00003212,0.00003234,46154.00000000
1550934000,1550937599,0.00003213,0.00003230,0.00003159,0.00003230,644578.00000000
1550937600,1550941199,0.00003230,0.00003243,0.00003115,0.00003116,384192.00000000
1550941200,1550944799,0.00003116,0.00003127,0.00003054,0.00003111,590937.00000000
1550944800,1550948399,0.00003113,0.00003128,0.00003066,0.00003085,162189.00000000
1550948400,1550951999,0.00003091,0.00003091,0.00003083,0.00003083,64544.00000000
1550952000,1550955599,0.00003063,0.00003097,0.00003042,0.00003066,258519.00000000
1550955600,1550959199,0.00003060,0.00003113,0.00003060,0.00003069,210477.00000000
1550959200,1550962799,0.00003082,0.00003097,0.00003082,0.00003097,236112.00000000
1550962800,1550966399,0.00003085,0.00003095,0.00003085,0.00003095,27045.00000000
1550966400,1550969999,0.00003084,0.00003084,0.00003021,0.00003062,376138.00000000
1550970000,1550973599,0.00003049,0.00003072,0.00003049,0.00003072,149624.00000000
1550973600,1550977199,0.00003067,0.00003067,0.00003000,0.00003000,323235.00000000
1550977200,1550980799,0.00002993,0.00003010,0.00002942,0.00002994,288451.00000000
1550980800,1550984399,0.00002994,0.00002996,0.00002985,0.00002990,28169.00000000
1550984400,1550987999,0.00002990,0.00002998,0.00002974,0.00002974,29461.00000000
1550988000,1550991599,0.00002974,0.00002997,0.00002974,0.00002997,141134.00000000
1550991600,1550995199,0.00002991,0.00003021,0.00002974,0.00002974,91305.00000000
1550995200,1550998799,0.00002974,0.00003000,0.00002974,0.00002990,81763.00000000
1550998800,1551002399,0.00003017,0.00003031,0.00003005,0.00003005,186087.00000000
1551002400,1551005999,0.00002992,0.00002992,0.00002974,0.00002989,40189.00000000
1551006000,1551009599,0.00002975,0.00002987,0.00002966,0.00002987,133528.00000000
1551009600,1551013199,0.00002972,0.00002977,0.00002963,0.00002977,1029656.00000000
1551013200,1551016799,0.00002962,0.00002970,0.00002953,0.00002970,18886.00000000
1551016800,1551020399,0.00002981,0.00003167,0.00002981,0.00003082,2104992.00000000
1551020400,1551023999,0.00003060,0.00003133,0.00003053,0.00003094,346104.00000000
1551024000,1551027599,0.00003100,0.00003161,0.00003080,0.00003095,773903.00000000
1551027600,1551031199,0.00003095,0.00003095,0.00003070,0.00003070,10569.00000000
1551031200,1551034799,0.00003071,0.00003103,0.00003071,0.00003103,82114.00000000
1551034800,1551038399,0.00003103,0.00003120,0.00003103,0.00003120,147607.00000000
1551038400,1551041999,0.00003120,0.00003120,0.00003095,0.00003095,42312.00000000
1551042000,1551045599,0.00003095,0.00003120,0.00003095,0.00003120,217936.00000000
1551045600,1551049199,0.00003120,0.00003186,0.00003120,0.00003172,393447.00000000
1551049200,1551052799,0.00003172,0.00003261,0.00003154,0.00003251,245028.00000000
1551052800,1551056399,0.00003263,0.00003263,0.00003193,0.00003208,154837.00000000
1551056400,1551059999,0.00003182,0.00003182,0.00003177,0.00003179,17322.00000000
1551060000,1551063599,0.00003179,0.00003179,0.00003179,0.00003179,0.00000000
1551063600,1551067199,0.00003144,0.00003144,0.00003118,0.00003135,16827.00000000
1551067200,1551070799,0.00003119,0.00003137,0.00003103,0.00003103,53459.00000000
1551070800,1551074399,0.00003153,0.00003157,0.00003153,0.00003157,83546.00000000
1551074400,1551077999,0.00003138,0.00003151,0.00003138,0.00003151,13024.00000000
1551078000,1551081599,0.00003157,0.00003157,0.00003157,0.00003157,6176.00000000
1551081600,1551085199,0.00003164,0.00003164,0.00003132,0.00003132,258339.00000000
1551085200,1551088799,0.00003120,0.00003136,0.00003098,0.00003122,344170.00000000
1551088800,1551092399,0.00003122,0.00003131,0.00003101,0.00003131,315727.00000000
1551092400,1551095999,0.00003127,0.00003140,0.00003088,0.00003127,179625.00000000
1551096000,1551099599,0.00003100,0.00003106,0.00003078,0.00003097,213092.00000000
1551099600,1551103199,0.00003094,0.00003101,0.00003094,0.00003101,30256.00000000
1551103200,1551106799,0.00003077,0.00003160,0.00003077,0.00003150,858999.00000000
1551106800,1551110399,0.00003150,0.00003189,0.00003134,0.00003189,120031.00000000
1551110400,1551113999,0.00003196,0.00003265,0.00003196,0.00003223,366657.00000000
1551114000,1551117599,0.00003220,0.00003246,0.00003220,0.00003246,200120.00000000
1551117600,1551121199,0.00003240,0.00003240,0.00003127,0.00003191,403120.00000000
1551121200,1551124799,0.00003168,0.00003206,0.00003160,0.00003187,151503.00000000
1551124800,1551128399,0.00003176,0.00003340,0.00003175,0.00003289,1138410.00000000
1551128400,1551131999,0.00003324,0.00003370,0.00003293,0.00003293,516772.00000000
1551132000,1551135599,0.00003291,0.00003300,0.00003247,0.00003247,125966.00000000
1551135600,1551139199,0.00003247,0.00003276,0.00003207,0.00003246,293845.00000000
1551139200,1551142799,0.00003253,0.00003256,0.00003232,0.00003237,127884.00000000
1551142800,1551146399,0.00003237,0.00003237,0.00003201,0.00003209,56158.00000000
1551146400,1551149999,0.00003209,0.00003232,0.00003209,0.00003232,408194.00000000
1551150000,1551153599,0.00003232,0.00003236,0.00003200,0.00003203,330506.00000000
1551153600,1551157199,0.00003203,0.00003226,0.00003203,0.00003226,78646.00000000
1551157200,1551160799,0.00003227,0.00003319,0.00003227,0.00003300,411067.00000000
1551160800,1551164399,0.00003315,0.00003370,0.00003291,0.00003341,1478246.00000000
1551164400,1551167999,0.00003315,0.00003456,0.00003311,0.00003422,2060341.00000000
1551168000,1551171599,0.00003422,0.00003422,0.00003339,0.00003375,563195.00000000
1551171600,1551175199,0.00003377,0.00003402,0.00003350,0.00003353,653036.00000000
1551175200,1551178799,0.00003343,0.00003445,0.00003336,0.00003364,342871.00000000
1551178800,1551182399,0.00003355,0.00003355,0.00003325,0.00003327,278008.00000000
1551182400,1551185999,0.00003326,0.00003336,0.00003325,0.00003336,187552.00000000
1551186000,1551189599,0.00003346,0.00003346,0.00003319,0.00003320,22515.00000000
1551189600,1551193199,0.00003335,0.00003422,0.00003335,0.00003388,578892.00000000
1551193200,1551196799,0.00003388,0.00003406,0.00003359,0.00003384,848603.00000000
1551196800,1551200399,0.00003390,0.00003425,0.00003342,0.00003395,591462.00000000
1551200400,1551203999,0.00003413,0.00003413,0.00003379,0.00003379,345411.00000000
1551204000,1551207599,0.00003343,0.00003384,0.00003343,0.00003383,146719.00000000
1551207600,1551211199,0.00003357,0.00003470,0.00003356,0.00003409,553067.00000000
1551211200,1551214799,0.00003420,0.00003427,0.00003403,0.00003411,121663.00000000
1551214800,1551218399,0.00003409,0.00003427,0.00003383,0.00003383,196136.00000000
1551218400,1551221999,0.00003425,0.00003426,0.00003392,0.00003394,527412.00000000
1551222000,1551225599,0.00003386,0.00003386,0.00003374,0.00003379,31724.00000000
1551225600,1551229199,0.00003372,0.00003399,0.00003372,0.00003396,91437.00000000
1551229200,1551232799,0.00003378,0.00003402,0.00003361,0.00003375,162178.00000000
1551232800,1551236399,0.00003398,0.00003399,0.00003376,0.00003376,76379.00000000
1551236400,1551239999,0.00003400,0.00003413,0.00003387,0.00003398,217828.00000000
1551240000,1551243599,0.00003423,0.00003432,0.00003397,0.00003399,1416639.00000000
1551243600,1551247199,0.00003399,0.00003444,0.00003395,0.00003409,88247.00000000
1551247200,1551250799,0.00003388,0.00003388,0.00003384,0.00003386,43984.00000000
1551250800,1551254399,0.00003381,0.00003381,0.00003315,0.00003315,173919.00000000
1551254400,1551257999,0.00003345,0.00003366,0.00003322,0.00003345,65816.00000000
1551258000,1551261599,0.00003345,0.00003345,0.00003345,0.00003345,749.00000000
1551261600,1551265199,0.00003345,0.00003347,0.00003345,0.00003345,9682.00000000
1551265200,1551268799,0.00003342,0.00003342,0.00003308,0.00003313,121312.00000000
1551268800,1551272399,0.00003338,0.00003338,0.00003303,0.00003303,19121.00000000
1551272400,1551275999,0.00003303,0.00003314,0.00003303,0.00003314,62938.00000000
1551276000,1551279599,0.00003340,0.00003351,0.00003314,0.00003327,181060.00000000
1551279600,1551283199,0.00003326,0.00003329,0.00003326,0.00003329,450274.00000000
1551283200,1551286799,0.00003331,0.00003352,0.00003330,0.00003348,77443.00000000
1551286800,1551290399,0.00003346,0.00003352,0.00003344,0.00003344,99897.00000000
1551290400,1551293999,0.00003343,0.00003358,0.00003323,0.00003358,435484.00000000
1551294000,1551297599,0.00003367,0.00003400,0.00003358,0.00003365,157876.00000000
1551297600,1551301199,0.00003401,0.00003536,0.00003380,0.00003380,832734.00000000
1551301200,1551304799,0.00003380,0.00003416,0.00003373,0.00003397,150727.00000000
1551304800,1551308399,0.00003393,0.00003393,0.00003393,0.00003393,479.00000000
1551308400,1551311999,0.00003376,0.00003376,0.00003344,0.00003353,55341.00000000
1551312000,1551315599,0.00003346,0.00003356,0.00003336,0.00003349,40560.00000000
1551315600,1551319199,0.00003328,0.00003328,0.00003301,0.00003301,66451.00000000
1551319200,1551322799,0.00003306,0.00003309,0.00003306,0.00003309,11269.00000000
1551322800,1551326399,0.00003344,0.00003344,0.00003344,0.00003344,332.00000000
1551326400,1551329999,0.00003342,0.00003342,0.00003260,0.00003281,482821.00000000
1551330000,1551333599,0.00003278,0.00003279,0.00003264,0.00003264,89749.00000000
1551333600,1551337199,0.00003265,0.00003265,0.00003257,0.00003257,162838.00000000
1551337200,1551340799,0.00003292,0.00003295,0.00003287,0.00003287,40657.00000000
1551340800,1551344399,0.00003290,0.00003290,0.00003232,0.00003246,484577.00000000
1551344400,1551347999,0.00003233,0.00003261,0.00003188,0.00003188,493827.00000000
1551348000,1551351599,0.00003185,0.00003300,0.00003157,0.00003240,525383.00000000
1551351600,1551355199,0.00003251,0.00003251,0.00003244,0.00003250,91334.00000000
1551355200,1551358799,0.00003260,0.00003279,0.00003243,0.00003279,141292.00000000
1551358800,1551362399,0.00003277,0.00003277,0.00003260,0.00003260,9999.00000000
1551362400,1551365999,0.00003260,0.00003270,0.00003234,0.00003270,197670.00000000
1551366000,1551369599,0.00003270,0.00003371,0.00003270,0.00003325,447285.00000000
1551369600,1551373199,0.00003361,0.00003362,0.00003333,0.00003340,23143.00000000
1551373200,1551376799,0.00003333,0.00003359,0.00003317,0.00003326,14070.00000000
1551376800,1551380399,0.00003337,0.00003337,0.00003317,0.00003317,21878.00000000
1551380400,1551383999,0.00003317,0.00003317,0.00003281,0.00003281,103558.00000000
1551384000,1551387599,0.00003291,0.00003321,0.00003289,0.00003321,53480.00000000
1551387600,1551391199,0.00003317,0.00003317,0.00003302,0.00003302,26301.00000000
1551391200,1551394799,0.00003307,0.00003321,0.00003307,0.00003318,30210.00000000
1551394800,1551398399,0.00003318,0.00003318,0.00003289,0.00003300,381870.00000000
1551398400,1551401999,0.00003300,0.00003300,0.00003300,0.00003300,0.00000000
1551402000,1551405599,0.00003298,0.00003298,0.00003298,0.00003298,2237.00000000
1551405600,1551409199,0.00003293,0.00003298,0.00003292,0.00003298,716770.00000000
1551409200,1551412799,0.00003313,0.00003313,0.00003313,0.00003313,4000.00000000
1551412800,1551416399,0.00003313,0.00003313,0.00003313,0.00003313,0.00000000
1551416400,1551419999,0.00003312,0.00003312,0.00003312,0.00003312,25873.00000000
1551420000,1551423599,0.00003293,0.00003313,0.00003283,0.00003290,89283.00000000
1551423600,1551427199,0.00003297,0.00003311,0.00003297,0.00003301,59359.00000000
1551427200,1551430799,0.00003301,0.00003306,0.00003297,0.00003297,33849.00000000
1551430800,1551434399,0.00003307,0.00003308,0.00003307,0.00003308,109513.00000000
1551434400,1551437999,0.00003313,0.00003325,0.00003313,0.00003325,34568.00000000
1551438000,1551441599,0.00003338,0.00003339,0.00003338,0.00003339,603.00000000
1551441600,1551445199,0.00003339,0.00003352,0.00003329,0.00003352,13065.00000000
1551445200,1551448799,0.00003353,0.00003360,0.00003353,0.00003360,53127.00000000
1551448800,1551452399,0.00003335,0.00003513,0.00003332,0.00003390,750586.00000000
1551452400,1551455999,0.00003384,0.00003422,0.00003270,0.00003380,803846.00000000
1551456000,1551459599,0.00003353,0.00003379,0.00003308,0.00003316,181175.00000000
1551459600,1551463199,0.00003340,0.00003340,0.00003340,0.00003340,1474.00000000
1551463200,1551466799,0.00003307,0.00003319,0.00003307,0.00003316,207084.00000000
1551466800,1551470399,0.00003340,0.00003349,0.00003320,0.00003320,230800.00000000
1551470400,1551473999,0.00003320,0.00003320,0.00003320,0.00003320,10000.00000000
1551474000,1551477599,0.00003347,0.00003348,0.00003347,0.00003348,12000.00000000
1551477600,1551481199,0.00003322,0.00003344,0.00003320,0.00003344,6649.00000000
1551481200,1551484799,0.00003319,0.00003347,0.00003319,0.00003337,41398.00000000
1551484800,1551488399,0.00003330,0.00003331,0.00003326,0.00003326,69134.00000000
1551488400,1551491999,0.00003326,0.00003326,0.00003326,0.00003326,0.00000000
1551492000,1551495599,0.00003347,0.00003347,0.00003347,0.00003347,26560.00000000
1551495600,1551499199,0.00003347,0.00003347,0.00003347,0.00003347,1851.00000000
1551499200,1551502799,0.00003347,0.00003368,0.00003347,0.00003361,89705.00000000
1551502800,1551506399,0.00003331,0.00003332,0.00003322,0.00003327,290443.00000000
1551506400,1551509999,0.00003327,0.00003330,0.00003325,0.00003329,1002240.00000000
1551510000,1551513599,0.00003346,0.00003355,0.00003346,0.00003355,14661.00000000
1551513600,1551517199,0.00003360,0.00003393,0.00003330,0.00003330,111211.00000000
1551517200,1551520799,0.00003330,0.00003371,0.00003330,0.00003371,133894.00000000
1551520800,1551524399,0.00003371,0.00003386,0.00003371,0.00003386,32283.00000000
1551524400,1551527999,0.00003390,0.00003405,0.00003384,0.00003399,250104.00000000
1551528000,1551531599,0.00003399,0.00003422,0.00003372,0.00003407,166239.00000000
1551531600,1551535199,0.00003404,0.00003409,0.00003390,0.00003390,115256.00000000
1551535200,1551538799,0.00003395,0.00003410,0.00003392,0.00003405,58937.00000000
1551538800,1551542399,0.00003410,0.00003434,0.00003410,0.00003434,49485.00000000
1551542400,1551545999,0.00003438,0.00003462,0.00003438,0.00003457,274974.00000000
1551546000,1551549599,0.00003457,0.00003491,0.00003425,0.00003491,91535.00000000
1551549600,1551553199,0.00003496,0.00003517,0.00003455,0.00003500,174996.00000000
1551553200,1551556799,0.00003500,0.00003580,0.00003486,0.00003528,1218509.00000000
1551556800,1551560399,0.00003539,0.00003577,0.00003498,0.00003575,361131.00000000
1551560400,1551563999,0.00003568,0.00003609,0.00003568,0.00003597,2561098.00000000
1551564000,1551567599,0.00003596,0.00003628,0.00003596,0.00003617,47881.00000000
1551567600,1551571199,0.00003613,0.00003614,0.00003605,0.00003605,60723.00000000
1551571200,1551574799,0.00003603,0.00003603,0.00003532,0.00003537,71030.00000000
1551574800,1551578399,0.00003536,0.00003604,0.00003531,0.00003604,473850.00000000
1551578400,1551581999,0.00003596,0.00003596,0.00003446,0.00003546,1060689.00000000
1551582000,1551585599,0.00003543,0.00003543,0.00003504,0.00003517,139376.00000000
1551585600,1551589199,0.00003515,0.00003515,0.00003466,0.00003491,128588.00000000
1551589200,1551592799,0.00003486,0.00003486,0.00003457,0.00003475,42032.00000000
1551592800,1551596399,0.00003461,0.00003461,0.00003438,0.00003438,272566.00000000
1551596400,1551599999,0.00003455,0.00003468,0.00003455,0.00003467,133479.00000000
1551600000,1551603599,0.00003451,0.00003516,0.00003451,0.00003516,49506.00000000
1551603600,1551607199,0.00003487,0.00003489,0.00003482,0.00003485,125486.00000000
1551607200,1551610799,0.00003484,0.00003488,0.00003432,0.00003483,365242.00000000
1551610800,1551614399,0.00003484,0.00003501,0.00003484,0.00003485,81853.00000000
1551614400,1551617999,0.00003495,0.00003495,0.00003475,0.00003493,23246.00000000
1551618000,1551621599,0.00003501,0.00003770,0.00003486,0.00003663,3443001.00000000
1551621600,1551625199,0.00003660,0.00003764,0.00003660,0.00003668,1928514.00000000
1551625200,1551628799,0.00003673,0.00003720,0.00003673,0.00003701,190076.00000000
1551628800,1551632399,0.00003701,0.00003704,0.00003638,0.00003650,419929.00000000
1551632400,1551635999,0.00003651,0.00003672,0.00003634,0.00003641,2516118.00000000
1551636000,1551639599,0.00003669,0.00003669,0.00003593,0.00003643,712747.00000000
1551639600,1551643199,0.00003643,0.00003680,0.00003559,0.00003656,358751.00000000
1551643200,1551646799,0.00003686,0.00003697,0.00003656,0.00003656,100611.00000000
1551646800,1551650399,0.00003632,0.00003713,0.00003632,0.00003713,491321.00000000
1551650400,1551653999,0.00003713,0.00003713,0.00003677,0.00003685,84785.00000000
1551654000,1551657599,0.00003709,0.00003750,0.00003681,0.00003710,523594.00000000
1551657600,1551661199,0.00003709,0.00003723,0.00003704,0.00003718,78723.00000000
1551661200,1551664799,0.00003716,0.00003875,0.00003681,0.00003692,996624.00000000
1551664800,1551668399,0.00003720,0.00003810,0.00003720,0.00003807,190432.00000000
1551668400,1551671999,0.00003779,0.00003877,0.00003765,0.00003782,333170.00000000
1551672000,1551675599,0.00003802,0.00003817,0.00003594,0.00003628,1604784.00000000
1551675600,1551679199,0.00003648,0.00003664,0.00003471,0.00003539,1135430.00000000
1551679200,1551682799,0.00003531,0.00003551,0.00003514,0.00003547,110574.00000000
1551682800,1551686399,0.00003548,0.00003592,0.00003548,0.00003586,122264.00000000
1551686400,1551689999,0.00003590,0.00003594,0.00003530,0.00003545,139819.00000000
1551690000,1551693599,0.00003572,0.00003572,0.00003547,0.00003562,156814.00000000
1551693600,1551697199,0.00003566,0.00003595,0.00003566,0.00003593,59032.00000000
1551697200,1551700799,0.00003587,0.00003596,0.00003578,0.00003596,55754.00000000
1551700800,1551704399,0.00003605,0.00003698,0.00003605,0.00003651,666003.00000000
1551704400,1551707999,0.00003617,0.00003617,0.00003585,0.00003588,39480.00000000
1551708000,1551711599,0.00003595,0.00003595,0.00003533,0.00003552,375928.00000000
1551711600,1551715199,0.00003574,0.00003579,0.00003573,0.00003579,54784.00000000
1551715200,1551718799,0.00003579,0.00003610,0.00003579,0.00003606,392398.00000000
1551718800,1551722399,0.00003610,0.00003627,0.00003607,0.00003607,38813.00000000
1551722400,1551725999,0.00003603,0.00003622,0.00003585,0.00003622,32855.00000000
1551726000,1551729599,0.00003622,0.00003627,0.00003622,0.00003627,59562.00000000
1551729600,1551733199,0.00003623,0.00003623,0.00003609,0.00003617,21411.00000000
1551733200,1551736799,0.00003617,0.00003626,0.00003617,0.00003626,193907.00000000
1551736800,1551740399,0.00003602,0.00003621,0.00003595,0.00003615,18999.00000000
1551740400,1551743999,0.00003615,0.00003625,0.00003615,0.00003625,7110.00000000
1551744000,1551747599,0.00003625,0.00003625,0.00003611,0.00003611,208810.00000000
1551747600,1551751199,0.00003627,0.00003632,0.00003600,0.00003607,539861.00000000
1551751200,1551754799,0.00003634,0.00003685,0.00003611,0.00003663,524548.00000000
1551754800,1551758399,0.00003662,0.00003663,0.00003603,0.00003603,156239.00000000
1551758400,1551761999,0.00003621,0.00003631,0.00003603,0.00003631,230786.00000000
1551762000,1551765599,0.00003631,0.00003661,0.00003631,0.00003659,127848.00000000
1551765600,1551769199,0.00003654,0.00003654,0.00003603,0.00003613,228807.00000000
1551769200,1551772799,0.00003610,0.00003610,0.00003559,0.00003559,676070.00000000
1551772800,1551776399,0.00003592,0.00003592,0.00003576,0.00003576,155314.00000000
1551776400,1551779999,0.00003586,0.00003586,0.00003576,0.00003577,30453.00000000
1551780000,1551783599,0.00003581,0.00003592,0.00003581,0.00003592,19204.00000000
1551783600,1551787199,0.00003586,0.00003625,0.00003585,0.00003621,227086.00000000
1551787200,1551790799,0.00003598,0.00003598,0.00003580,0.00003589,80181.00000000
1551790800,1551794399,0.00003580,0.00003580,0.00003491,0.00003491,316999.00000000
1551794400,1551797999,0.00003525,0.00003525,0.00003507,0.00003507,1744.00000000
1551798000,1551801599,0.00003494,0.00003494,0.00003494,0.00003494,1414.00000000
1551801600,1551805199,0.00003494,0.00003494,0.00003460,0.00003475,151944.00000000
1551805200,1551808799,0.00003461,0.00003480,0.00003450,0.00003450,407598.00000000
1551808800,1551812399,0.00003455,0.00003459,0.00003441,0.00003441,360362.00000000
1551812400,1551815999,0.00003458,0.00003458,0.00003441,0.00003442,158650.00000000
1551816000,1551819599,0.00003442,0.00003483,0.00003442,0.00003483,85217.00000000
1551819600,1551823199,0.00003484,0.00003484,0.00003442,0.00003469,16447.00000000
1551823200,1551826799,0.00003440,0.00003440,0.00003440,0.00003440,64848.00000000
1551826800,1551830399,0.00003440,0.00003456,0.00003403,0.00003429,431140.00000000
1551830400,1551833999,0.00003403,0.00003430,0.00003317,0.00003380,1212166.00000000
1551834000,1551837599,0.00003376,0.00003412,0.00003355,0.00003396,37924.00000000
1551837600,1551841199,0.00003396,0.00003396,0.00003300,0.00003386,353269.00000000
1551841200,1551844799,0.00003356,0.00003396,0.00003356,0.00003390,27575.00000000
1551844800,1551848399,0.00003391,0.00003391,0.00003367,0.00003383,35752.00000000
1551848400,1551851999,0.00003383,0.00003383,0.00003370,0.00003383,69474.00000000
1551852000,1551855599,0.00003390,0.00003390,0.00003368,0.00003368,144010.00000000
1551855600,1551859199,0.00003367,0.00003367,0.00003364,0.00003364,41244.00000000
1551859200,1551862799,0.00003345,0.00003360,0.00003341,0.00003350,88148.00000000
1551862800,1551866399,0.00003348,0.00003348,0.00003331,0.00003337,10301.00000000
1551866400,1551869999,0.00003327,0.00003335,0.00003284,0.00003313,112030.00000000
1551870000,1551873599,0.00003313,0.00003313,0.00003313,0.00003313,2607.00000000
1551873600,1551877199,0.00003313,0.00003313,0.00003250,0.00003288,253081.00000000
1551877200,1551880799,0.00003300,0.00003319,0.00003291,0.00003315,107835.00000000
1551880800,1551884399,0.00003318,0.00003349,0.00003292,0.00003292,95386.00000000
1551884400,1551887999,0.00003312,0.00003341,0.00003305,0.00003305,98753.00000000
1551888000,1551891599,0.00003333,0.00003344,0.00003269,0.00003289,246904.00000000
1551891600,1551895199,0.00003308,0.00003333,0.00003308,0.00003319,105801.00000000
1551895200,1551898799,0.00003319,0.00003330,0.00003287,0.00003287,178543.00000000
1551898800,1551902399,0.00003315,0.00003319,0.00003283,0.00003319,86142.00000000
1551902400,1551905999,0.00003341,0.00003354,0.00003341,0.00003350,34153.00000000
1551906000,1551909599,0.00003331,0.00003344,0.00003331,0.00003344,16034.00000000
1551909600,1551913199,0.00003345,0.00003345,0.00003326,0.00003326,37277.00000000
1551913200,1551916799,0.00003322,0.00003322,0.00003305,0.00003310,231424.00000000
1551916800,1551920399,0.00003316,0.00003323,0.00003316,0.00003323,2723.00000000
1551920400,1551923999,0.00003300,0.00003309,0.00003300,0.00003300,205323.00000000
1551924000,1551927599,0.00003305,0.00003306,0.00003305,0.00003306,46740.00000000
1551927600,1551931199,0.00003306,0.00003324,0.00003306,0.00003324,168270.00000000
1551931200,1551934799,0.00003324,0.00003325,0.00003308,0.00003325,1643936.00000000
1551934800,1551938399,0.00003309,0.00003326,0.00003309,0.00003326,145512.00000000
1551938400,1551941999,0.00003326,0.00003326,0.00003326,0.00003326,0.00000000
1551942000,1551945599,0.00003320,0.00003352,0.00003316,0.00003350,1278875.00000000
1551945600,1551949199,0.00003345,0.00003354,0.00003322,0.00003344,422448.00000000
1551949200,1551952799,0.00003331,0.00003362,0.00003324,0.00003337,370444.00000000
1551952800,1551956399,0.00003337,0.00003366,0.00003337,0.00003366,11651.00000000
1551956400,1551959999,0.00003340,0.00003370,0.00003340,0.00003370,36962.00000000
1551960000,1551963599,0.00003354,0.00003360,0.00003318,0.00003318,1004038.00000000
1551963600,1551967199,0.00003318,0.00003352,0.00003280,0.00003352,159687.00000000
1551967200,1551970799,0.00003345,0.00003365,0.00003339,0.00003342,58375.00000000
1551970800,1551974399,0.00003335,0.00003378,0.00003335,0.00003376,257379.00000000
1551974400,1551977999,0.00003386,0.00003430,0.00003384,0.00003424,530144.00000000
1551978000,1551981599,0.00003410,0.00003426,0.00003400,0.00003424,83643.00000000
1551981600,1551985199,0.00003422,0.00003423,0.00003400,0.00003423,11627.00000000
1551985200,1551988799,0.00003401,0.00003424,0.00003400,0.00003418,100234.00000000
1551988800,1551992399,0.00003401,0.00003401,0.00003366,0.00003401,10435.00000000
1551992400,1551995999,0.00003401,0.00003401,0.00003380,0.00003382,82449.00000000
1551996000,1551999599,0.00003368,0.00003370,0.00003366,0.00003370,12984.00000000
1551999600,1552003199,0.00003389,0.00003408,0.00003360,0.00003364,30941.00000000
1552003200,1552006799,0.00003398,0.00003398,0.00003376,0.00003376,438306.00000000
1552006800,1552010399,0.00003375,0.00003395,0.00003375,0.00003378,75574.00000000
1552010400,1552013999,0.00003378,0.00003381,0.00003378,0.00003381,18131.00000000
1552014000,1552017599,0.00003412,0.00003412,0.00003401,0.00003401,6151.00000000
1552017600,1552021199,0.00003393,0.00003407,0.00003386,0.00003407,3163.00000000
1552021200,1552024799,0.00003407,0.00003413,0.00003407,0.00003413,7653.00000000
1552024800,1552028399,0.00003390,0.00003419,0.00003378,0.00003397,71385.00000000
1552028400,1552031999,0.00003413,0.00003413,0.00003399,0.00003399,173118.00000000
1552032000,1552035599,0.00003391,0.00003391,0.00003383,0.00003387,23180.00000000
1552035600,1552039199,0.00003392,0.00003401,0.00003386,0.00003396,35635.00000000
1552039200,1552042799,0.00003396,0.00003396,0.00003396,0.00003396,0.00000000
1552042800,1552046399,0.00003384,0.00003413,0.00003384,0.00003401,86206.00000000
1552046400,1552049999,0.00003413,0.00003480,0.00003401,0.00003431,148713.00000000
1552050000,1552053599,0.00003429,0.00003429,0.00003400,0.00003400,31057.00000000
1552053600,1552057199,0.00003404,0.00003448,0.00003404,0.00003421,221273.00000000
1552057200,1552060799,0.00003420,0.00003500,0.00003413,0.00003432,584726.00000000
1552060800,1552064399,0.00003431,0.00003470,0.00003414,0.00003416,550106.00000000
1552064400,1552067999,0.00003419,0.00003433,0.00003413,0.00003432,96857.00000000
1552068000,1552071599,0.00003432,0.00003439,0.00003413,0.00003437,85372.00000000
1552071600,1552075199,0.00003423,0.00003423,0.00003405,0.00003405,316361.00000000
1552075200,1552078799,0.00003404,0.00003404,0.00003384,0.00003384,52731.00000000
1552078800,1552082399,0.00003388,0.00003391,0.00003383,0.00003391,157227.00000000
1552082400,1552085999,0.00003404,0.00003460,0.00003404,0.00003421,654331.00000000
1552086000,1552089599,0.00003432,0.00003432,0.00003375,0.00003413,99236.00000000
1552089600,1552093199,0.00003417,0.00003480,0.00003387,0.00003480,1187632.00000000
1552093200,1552096799,0.00003450,0.00003480,0.00003399,0.00003436,488953.00000000
1552096800,1552100399,0.00003425,0.00003454,0.00003422,0.00003451,76152.00000000
1552100400,1552103999,0.00003422,0.00003436,0.00003422,0.00003436,3343.00000000
1552104000,1552107599,0.00003436,0.00003436,0.00003414,0.00003414,88241.00000000
1552107600,1552111199,0.00003412,0.00003470,0.00003412,0.00003460,325013.00000000
1552111200,1552114799,0.00003423,0.00003423,0.00003368,0.00003419,295836.00000000
1552114800,1552118399,0.00003400,0.00003403,0.00003381,0.00003393,51597.00000000
1552118400,1552121999,0.00003393,0.00003507,0.00003277,0.00003390,779596.00000000
1552122000,1552125599,0.00003389,0.00003390,0.00003356,0.00003364,12321.00000000
1552125600,1552129199,0.00003364,0.00003364,0.00003364,0.00003364,127099.00000000
1552129200,1552132799,0.00003364,0.00003392,0.00003364,0.00003392,333017.00000000
1552132800,1552136399,0.00003397,0.00003428,0.00003397,0.00003428,209906.00000000
1552136400,1552139999,0.00003413,0.00003440,0.00003412,0.00003440,366660.00000000
1552140000,1552143599,0.00003439,0.00003442,0.00003429,0.00003429,222313.00000000
1552143600,1552147199,0.00003429,0.00003429,0.00003400,0.00003407,134970.00000000
1552147200,1552150799,0.00003407,0.00003465,0.00003407,0.00003445,117800.00000000
1552150800,1552154399,0.00003456,0.00003476,0.00003444,0.00003476,1175780.00000000
1552154400,1552157999,0.00003443,0.00003444,0.00003430,0.00003444,35882.00000000
1552158000,1552161599,0.00003444,0.00003444,0.00003408,0.00003413,118893.00000000
1552161600,1552165199,0.00003418,0.00003448,0.00003367,0.00003440,111691.00000000
1552165200,1552168799,0.00003423,0.00003423,0.00003414,0.00003418,41152.00000000
1552168800,1552172399,0.00003420,0.00003490,0.00003420,0.00003439,521242.00000000
1552172400,1552175999,0.00003440,0.00003470,0.00003439,0.00003468,55778.00000000
1552176000,1552179599,0.00003470,0.00003470,0.00003445,0.00003445,10310.00000000
1552179600,1552183199,0.00003454,0.00003529,0.00003454,0.00003528,3938411.00000000
1552183200,1552186799,0.00003522,0.00003527,0.00003464,0.00003477,120020.00000000
1552186800,1552190399,0.00003507,0.00003542,0.00003504,0.00003542,73979.00000000
1552190400,1552193999,0.00003542,0.00003547,0.00003526,0.00003544,283515.00000000
1552194000,1552197599,0.00003544,0.00003561,0.00003491,0.00003491,181345.00000000
1552197600,1552201199,0.00003504,0.00003528,0.00003473,0.00003493,188382.00000000
1552201200,1552204799,0.00003491,0.00003509,0.00003469,0.00003469,193436.00000000
1552204800,1552208399,0.00003472,0.00003493,0.00003450,0.00003461,286328.00000000
1552208400,1552211999,0.00003493,0.00003509,0.00003468,0.00003489,144958.00000000
1552212000,1552215599,0.00003466,0.00003466,0.00003455,0.00003455,39911.00000000
1552215600,1552219199,0.00003464,0.00003491,0.00003464,0.00003491,178069.00000000
1552219200,1552222799,0.00003501,0.00003501,0.00003482,0.00003487,27881.00000000
1552222800,1552226399,0.00003487,0.00003530,0.00003486,0.00003497,77771.00000000
1552226400,1552229999,0.00003524,0.00003538,0.00003490,0.00003515,263281.00000000
1552230000,1552233599,0.00003538,0.00003555,0.00003509,0.00003555,182841.00000000
1552233600,1552237199,0.00003551,0.00003560,0.00003544,0.00003560,211057.00000000
1552237200,1552240799,0.00003551,0.00003560,0.00003550,0.00003554,157721.00000000
1552240800,1552244399,0.00003555,0.00003565,0.00003550,0.00003565,92233.00000000
1552244400,1552247999,0.00003567,0.00003589,0.00003550,0.00003552,127058.00000000
1552248000,1552251599,0.00003550,0.00003558,0.00003550,0.00003555,41511.00000000
1552251600,1552255199,0.00003568,0.00003575,0.00003555,0.00003555,338771.00000000
1552255200,1552258799,0.00003557,0.00003557,0.00003550,0.00003550,119923.00000000
1552258800,1552262399,0.00003539,0.00003614,0.00003527,0.00003568,456550.00000000
1552262400,1552265999,0.00003568,0.00003614,0.00003567,0.00003582,240726.00000000
1552266000,1552269599,0.00003583,0.00003680,0.00003558,0.00003667,525390.00000000
1552269600,1552273199,0.00003667,0.00003667,0.00003634,0.00003638,208684.00000000
1552273200,1552276799,0.00003642,0.00003652,0.00003618,0.00003647,47901.00000000
1552276800,1552280399,0.00003613,0.00003613,0.00003524,0.00003555,1106949.00000000
1552280400,1552283999,0.00003555,0.00003650,0.00003545,0.00003589,1323750.00000000
1552284000,1552287599,0.00003583,0.00003583,0.00003538,0.00003538,59687.00000000
1552287600,1552291199,0.00003543,0.00003576,0.00003541,0.00003576,258284.00000000
1552291200,1552294799,0.00003576,0.00003576,0.00003572,0.00003575,19497.00000000
1552294800,1552298399,0.00003575,0.00003585,0.00003543,0.00003543,281929.00000000
1552298400,1552301999,0.00003599,0.00003599,0.00003570,0.00003570,23713.00000000
1552302000,1552305599,0.00003560,0.00003593,0.00003542,0.00003542,69015.00000000
1552305600,1552309199,0.00003565,0.00003565,0.00003522,0.00003531,277825.00000000
1552309200,1552312799,0.00003529,0.00003535,0.00003410,0.00003501,1080416.00000000
1552312800,1552316399,0.00003529,0.00003537,0.00003498,0.00003537,372545.00000000
1552316400,1552319999,0.00003542,0.00003595,0.00003533,0.00003562,206105.00000000
1552320000,1552323599,0.00003564,0.00003587,0.00003562,0.00003582,253321.00000000
1552323600,1552327199,0.00003580,0.00003586,0.00003571,0.00003571,30559.00000000
1552327200,1552330799,0.00003586,0.00003587,0.00003562,0.00003562,32877.00000000
1552330800,1552334399,0.00003582,0.00003587,0.00003581,0.00003587,52922.00000000
1552334400,1552337999,0.00003592,0.00003592,0.00003558,0.00003561,170517.00000000
1552338000,1552341599,0.00003558,0.00003629,0.00003558,0.00003629,298831.00000000
1552341600,1552345199,0.00003629,0.00003641,0.00003561,0.00003617,163469.00000000
1552345200,1552348799,0.00003617,0.00003641,0.00003608,0.00003641,429417.00000000
1552348800,1552352399,0.00003637,0.00003641,0.00003580,0.00003609,465535.00000000
1552352400,1552355999,0.00003583,0.00003612,0.00003558,0.00003558,114998.00000000
1552377600,1552381199,0.00003579,0.00003639,0.00003553,0.00003639,145575.00000000
1552381200,1552384799,0.00003639,0.00003647,0.00003602,0.00003603,381386.00000000
1552384800,1552388399,0.00003621,0.00003668,0.00003621,0.00003667,567382.00000000
1552388400,1552391999,0.00003656,0.00003745,0.00003641,0.00003729,808123.00000000
1552392000,1552395599,0.00003729,0.00003789,0.00003656,0.00003787,473868.00000000
1552395600,1552399199,0.00003789,0.00003809,0.00003634,0.00003672,1117885.00000000
1552399200,1552402799,0.00003698,0.00003710,0.00003669,0.00003669,610987.00000000
1552402800,1552406399,0.00003712,0.00003745,0.00003712,0.00003718,105405.00000000
1552406400,1552409999,0.00003722,0.00003766,0.00003697,0.00003761,233794.00000000
1552410000,1552413599,0.00003763,0.00003808,0.00003737,0.00003800,790629.00000000
1552413600,1552417199,0.00003797,0.00003797,0.00003743,0.00003744,161314.00000000
1552417200,1552420799,0.00003776,0.00003776,0.00003742,0.00003743,46658.00000000
1552420800,1552424399,0.00003743,0.00003789,0.00003743,0.00003789,249086.00000000
1552424400,1552427999,0.00003761,0.00003785,0.00003726,0.00003740,112523.00000000
1552428000,1552431599,0.00003740,0.00003751,0.00003722,0.00003742,175293.00000000
1552431600,1552435199,0.00003755,0.00003790,0.00003732,0.00003732,379815.00000000
1552435200,1552438799,0.00003723,0.00003724,0.00003712,0.00003723,47207.00000000
1552438800,1552442399,0.00003747,0.00003790,0.00003730,0.00003770,80012.00000000
1552442400,1552445999,0.00003770,0.00003776,0.00003742,0.00003745,173904.00000000
1552446000,1552449599,0.00003750,0.00003750,0.00003750,0.00003750,464.00000000
1552449600,1552453199,0.00003750,0.00003809,0.00003750,0.00003802,245756.00000000
1552453200,1552456799,0.00003801,0.00003805,0.00003797,0.00003803,409063.00000000
1552456800,1552460399,0.00003792,0.00003792,0.00003768,0.00003789,71276.00000000
1552460400,1552463999,0.00003807,0.00003809,0.00003807,0.00003809,17479.00000000
1552464000,1552467599,0.00003810,0.00003840,0.00003786,0.00003813,270695.00000000
1552467600,1552471199,0.00003789,0.00003810,0.00003730,0.00003761,2186873.00000000
1552471200,1552474799,0.00003763,0.00003763,0.00003600,0.00003631,1142545.00000000
1552474800,1552478399,0.00003640,0.00003664,0.00003640,0.00003664,289832.00000000
1552478400,1552481999,0.00003642,0.00003676,0.00003642,0.00003660,256570.00000000
1552482000,1552485599,0.00003654,0.00003710,0.00003651,0.00003691,324804.00000000
1552485600,1552489199,0.00003688,0.00003722,0.00003688,0.00003720,55727.00000000
1552489200,1552492799,0.00003720,0.00003727,0.00003694,0.00003694,92804.00000000
1552492800,1552496399,0.00003726,0.00003743,0.00003725,0.00003743,108826.00000000
1552496400,1552499999,0.00003722,0.00003761,0.00003722,0.00003725,118529.00000000
1552500000,1552503599,0.00003725,0.00003725,0.00003721,0.00003721,8543.00000000
1552503600,1552507199,0.00003724,0.00003773,0.00003724,0.00003773,88404.00000000
1552507200,1552510799,0.00003744,0.00003773,0.00003743,0.00003773,269752.00000000
1552510800,1552514399,0.00003769,0.00003769,0.00003743,0.00003749,43929.00000000
1552514400,1552517999,0.00003749,0.00003768,0.00003742,0.00003742,6371.00000000
1552518000,1552521599,0.00003767,0.00003767,0.00003742,0.00003742,29378.00000000
1552521600,1552525199,0.00003766,0.00003766,0.00003742,0.00003742,110128.00000000
1552525200,1552528799,0.00003758,0.00003760,0.00003751,0.00003751,64764.00000000
1552528800,1552532399,0.00003751,0.00003757,0.00003751,0.00003757,98912.00000000
1552532400,1552535999,0.00003757,0.00003757,0.00003757,0.00003757,0.00000000
1552536000,1552539599,0.00003753,0.00003757,0.00003739,0.00003757,103525.00000000
1552539600,1552543199,0.00003734,0.00003757,0.00003723,0.00003757,73015.00000000
1552543200,1552546799,0.00003723,0.00003755,0.00003712,0.00003712,50806.00000000
1552546800,1552550399,0.00003721,0.00003721,0.00003700,0.00003721,22489.00000000
1552550400,1552553999,0.00003722,0.00003728,0.00003721,0.00003721,286000.00000000
1552554000,1552557599,0.00003710,0.00003720,0.00003693,0.00003720,60238.00000000
1552557600,1552561199,0.00003729,0.00003760,0.00003676,0.00003738,466745.00000000
1552561200,1552564799,0.00003738,0.00003759,0.00003731,0.00003748,274610.00000000
1552564800,1552568399,0.00003757,0.00003757,0.00003726,0.00003726,9414.00000000
1552568400,1552571999,0.00003730,0.00003734,0.00003730,0.00003734,66727.00000000
1552572000,1552575599,0.00003734,0.00003734,0.00003675,0.00003703,270876.00000000
1552575600,1552579199,0.00003697,0.00003738,0.00003697,0.00003728,70931.00000000
1552579200,1552582799,0.00003745,0.00003760,0.00003722,0.00003722,92033.00000000
1552582800,1552586399,0.00003722,0.00003734,0.00003722,0.00003733,156390.00000000
1552586400,1552589999,0.00003746,0.00003746,0.00003722,0.00003742,14469.00000000
1552590000,1552593599,0.00003742,0.00003755,0.00003731,0.00003736,38288.00000000
1552593600,1552597199,0.00003736,0.00003736,0.00003730,0.00003730,30742.00000000
1552597200,1552600799,0.00003751,0.00003751,0.00003751,0.00003751,500.00000000
1552600800,1552604399,0.00003750,0.00003761,0.00003750,0.00003761,61298.00000000
1552604400,1552607999,0.00003767,0.00003772,0.00003761,0.00003766,58488.00000000
1552608000,1552611599,0.00003759,0.00003773,0.00003722,0.00003722,111601.00000000
1552611600,1552615199,0.00003729,0.00003729,0.00003714,0.00003719,113123.00000000
1552615200,1552618799,0.00003719,0.00003769,0.00003710,0.00003769,96012.00000000
1552618800,1552622399,0.00003768,0.00003768,0.00003768,0.00003768,12000.00000000
1552622400,1552625999,0.00003726,0.00003726,0.00003726,0.00003726,35139.00000000
1552626000,1552629599,0.00003757,0.00003760,0.00003723,0.00003730,120086.00000000
1552629600,1552633199,0.00003736,0.00003771,0.00003736,0.00003771,88831.00000000
1552633200,1552636799,0.00003771,0.00003771,0.00003710,0.00003731,235481.00000000
1552636800,1552640399,0.00003724,0.00003736,0.00003724,0.00003736,35527.00000000
1552640400,1552643999,0.00003738,0.00003802,0.00003738,0.00003787,260449.00000000
1552644000,1552647599,0.00003786,0.00003790,0.00003786,0.00003790,206094.00000000
1552647600,1552651199,0.00003760,0.00003760,0.00003753,0.00003753,26716.00000000
1552651200,1552654799,0.00003767,0.00003767,0.00003766,0.00003766,3894.00000000
1552654800,1552658399,0.00003777,0.00003789,0.00003764,0.00003770,103100.00000000
1552658400,1552661999,0.00003775,0.00003796,0.00003752,0.00003781,264011.00000000
1552662000,1552665599,0.00003754,0.00003762,0.00003715,0.00003745,155046.00000000
1552665600,1552669199,0.00003744,0.00003744,0.00003710,0.00003732,98234.00000000
1552669200,1552672799,0.00003710,0.00003724,0.00003701,0.00003718,68295.00000000
1552672800,1552676399,0.00003731,0.00003749,0.00003729,0.00003749,188705.00000000
1552676400,1552679999,0.00003730,0.00003763,0.00003726,0.00003738,100622.00000000
1552680000,1552683599,0.00003738,0.00003765,0.00003738,0.00003760,106686.00000000
1552683600,1552687199,0.00003733,0.00003752,0.00003718,0.00003752,175135.00000000
1552687200,1552690799,0.00003732,0.00003732,0.00003732,0.00003732,9810.00000000
1552690800,1552694399,0.00003714,0.00003744,0.00003714,0.00003744,23880.00000000
1552694400,1552697999,0.00003713,0.00003713,0.00003713,0.00003713,33959.00000000
1552698000,1552701599,0.00003702,0.00003702,0.00003683,0.00003683,343937.00000000
1552701600,1552705199,0.00003692,0.00003692,0.00003692,0.00003692,4709.00000000
1552705200,1552708799,0.00003683,0.00003777,0.00003683,0.00003777,385899.00000000
1552708800,1552712399,0.00003694,0.00003694,0.00003566,0.00003566,1026481.00000000
1552712400,1552715999,0.00003566,0.00003614,0.00003553,0.00003597,544416.00000000
1552716000,1552719599,0.00003618,0.00003631,0.00003587,0.00003603,273414.00000000
1552719600,1552723199,0.00003597,0.00003597,0.00003587,0.00003588,100137.00000000
1552723200,1552726799,0.00003587,0.00003680,0.00003587,0.00003601,100501.00000000
1552726800,1552730399,0.00003602,0.00003602,0.00003602,0.00003602,315.00000000
1552730400,1552733999,0.00003602,0.00003602,0.00003558,0.00003584,113547.00000000
1552734000,1552737599,0.00003582,0.00003583,0.00003559,0.00003579,119618.00000000
1552737600,1552741199,0.00003560,0.00003601,0.00003560,0.00003601,117495.00000000
1552741200,1552744799,0.00003603,0.00003607,0.00003599,0.00003599,41088.00000000
1552744800,1552748399,0.00003581,0.00003617,0.00003581,0.00003617,24571.00000000
1552748400,1552751999,0.00003593,0.00003609,0.00003593,0.00003609,6820.00000000
1552752000,1552755599,0.00003609,0.00003610,0.00003578,0.00003580,98697.00000000
1552755600,1552759199,0.00003581,0.00003600,0.00003554,0.00003554,129710.00000000
1552759200,1552762799,0.00003554,0.00003584,0.00003540,0.00003580,2314347.00000000
1552762800,1552766399,0.00003556,0.00003580,0.00003544,0.00003579,124851.00000000
1552766400,1552769999,0.00003579,0.00003580,0.00003579,0.00003580,27699.00000000
1552770000,1552773599,0.00003580,0.00003580,0.00003580,0.00003580,0.00000000
1552773600,1552777199,0.00003545,0.00003577,0.00003545,0.00003574,19285.00000000
1552777200,1552780799,0.00003543,0.00003558,0.00003543,0.00003553,79724.00000000
1552780800,1552784399,0.00003571,0.00003584,0.00003553,0.00003563,80010.00000000
1552784400,1552787999,0.00003563,0.00003593,0.00003562,0.00003566,36313.00000000
1552788000,1552791599,0.00003566,0.00003595,0.00003563,0.00003595,55890.00000000
1552791600,1552795199,0.00003595,0.00003595,0.00003595,0.00003595,0.00000000
1552795200,1552798799,0.00003595,0.00003595,0.00003595,0.00003595,3304.00000000
1552798800,1552802399,0.00003595,0.00003595,0.00003595,0.00003595,0.00000000
1552802400,1552805999,0.00003575,0.00003580,0.00003556,0.00003556,11064.00000000
1552806000,1552809599,0.00003556,0.00003556,0.00003545,0.00003545,265711.00000000
1552809600,1552813199,0.00003544,0.00003579,0.00003543,0.00003579,148318.00000000
1552813200,1552816799,0.00003550,0.00003550,0.00003550,0.00003550,992.00000000
1552816800,1552820399,0.00003544,0.00003544,0.00003544,0.00003544,9402.00000000
1552820400,1552823999,0.00003581,0.00003581,0.00003554,0.00003556,376771.00000000
1552824000,1552827599,0.00003556,0.00003556,0.00003556,0.00003556,1265.00000000
1552827600,1552831199,0.00003556,0.00003556,0.00003556,0.00003556,999.00000000
1552831200,1552834799,0.00003575,0.00003575,0.00003574,0.00003574,1335.00000000
1552834800,1552838399,0.00003570,0.00003600,0.00003548,0.00003586,704656.00000000
1552838400,1552841999,0.00003585,0.00003585,0.00003557,0.00003563,204131.00000000
1552842000,1552845599,0.00003571,0.00003586,0.00003571,0.00003586,32177.00000000
1552845600,1552849199,0.00003586,0.00003614,0.00003586,0.00003597,25140.00000000
1552849200,1552852799,0.00003614,0.00003615,0.00003614,0.00003615,6977.00000000
1552852800,1552856399,0.00003612,0.00003612,0.00003577,0.00003604,120312.00000000
1552856400,1552859999,0.00003603,0.00003604,0.00003602,0.00003604,65439.00000000
1552860000,1552863599,0.00003604,0.00003604,0.00003604,0.00003604,3926.00000000
1552863600,1552867199,0.00003589,0.00003601,0.00003589,0.00003589,16508.00000000
1552867200,1552870799,0.00003562,0.00003562,0.00003561,0.00003561,64243.00000000
1552870800,1552874399,0.00003557,0.00003561,0.00003550,0.00003561,59972.00000000
1552874400,1552877999,0.00003561,0.00003571,0.00003561,0.00003571,23840.00000000
1552878000,1552881599,0.00003571,0.00003571,0.00003571,0.00003571,570.00000000
1552881600,1552885199,0.00003541,0.00003572,0.00003541,0.00003571,36642.00000000
1552885200,1552888799,0.00003549,0.00003637,0.00003549,0.00003616,175720.00000000
1552888800,1552892399,0.00003617,0.00003617,0.00003617,0.00003617,796.00000000
1552892400,1552895999,0.00003617,0.00003617,0.00003617,0.00003617,0.00000000
1552896000,1552899599,0.00003601,0.00003602,0.00003601,0.00003602,13918.00000000
1552899600,1552903199,0.00003587,0.00003587,0.00003569,0.00003569,17935.00000000
1552903200,1552906799,0.00003575,0.00003588,0.00003575,0.00003588,38101.00000000
1552906800,1552910399,0.00003584,0.00003585,0.00003569,0.00003581,18095.00000000
1552910400,1552913999,0.00003568,0.00003568,0.00003567,0.00003568,25261.00000000
1552914000,1552917599,0.00003581,0.00003609,0.00003581,0.00003589,121474.00000000
1552917600,1552921199,0.00003609,0.00003636,0.00003609,0.00003622,42655.00000000
1552921200,1552924799,0.00003590,0.00003620,0.00003590,0.00003617,32170.00000000
1552924800,1552928399,0.00003617,0.00003617,0.00003609,0.00003609,8449.00000000
1552928400,1552931999,0.00003610,0.00003610,0.00003609,0.00003609,1954.00000000
1552932000,1552935599,0.00003609,0.00003611,0.00003576,0.00003576,244885.00000000
1552935600,1552939199,0.00003576,0.00003595,0.00003576,0.00003595,26530.00000000
1552939200,1552942799,0.00003595,0.00003595,0.00003595,0.00003595,0.00000000
1552942800,1552946399,0.00003595,0.00003597,0.00003595,0.00003597,15205.00000000
1552946400,1552949999,0.00003588,0.00003627,0.00003555,0.00003591,200539.00000000
1552950000,1552953599,0.00003591,0.00003591,0.00003591,0.00003591,0.00000000
1552953600,1552957199,0.00003594,0.00003599,0.00003574,0.00003574,42327.00000000
1552957200,1552960799,0.00003575,0.00003592,0.00003566,0.00003590,50995.00000000
1552960800,1552964399,0.00003590,0.00003599,0.00003577,0.00003599,37980.00000000
1552964400,1552967999,0.00003599,0.00003599,0.00003581,0.00003581,10691.00000000
1552968000,1552971599,0.00003582,0.00003599,0.00003582,0.00003599,4096.00000000
1552971600,1552975199,0.00003592,0.00003592,0.00003592,0.00003592,2145.00000000
1552975200,1552978799,0.00003592,0.00003592,0.00003592,0.00003592,0.00000000
1552978800,1552982399,0.00003592,0.00003592,0.00003592,0.00003592,3975.00000000
1552982400,1552985999,0.00003593,0.00003600,0.00003593,0.00003600,11247.00000000
1552986000,1552989599,0.00003586,0.00003586,0.00003517,0.00003547,210576.00000000
1552989600,1552993199,0.00003536,0.00003574,0.00003536,0.00003548,151120.00000000
1552993200,1552996799,0.00003528,0.00003548,0.00003528,0.00003548,5761.00000000
1552996800,1553000399,0.00003548,0.00003550,0.00003548,0.00003550,2093.00000000
1553000400,1553003999,0.00003560,0.00003585,0.00003556,0.00003585,88525.00000000
1553004000,1553007599,0.00003562,0.00003584,0.00003549,0.00003582,141334.00000000
1553007600,1553011199,0.00003559,0.00003559,0.00003501,0.00003506,448442.00000000
1553011200,1553014799,0.00003536,0.00003545,0.00003507,0.00003545,155110.00000000
1553014800,1553018399,0.00003545,0.00003545,0.00003509,0.00003509,28729.00000000
1553018400,1553021999,0.00003510,0.00003510,0.00003510,0.00003510,2497.00000000
1553022000,1553025599,0.00003510,0.00003539,0.00003510,0.00003539,50905.00000000
1553025600,1553029199,0.00003511,0.00003511,0.00003509,0.00003509,16000.00000000
1553029200,1553032799,0.00003509,0.00003535,0.00003509,0.00003535,2939.00000000
1553032800,1553036399,0.00003509,0.00003509,0.00003509,0.00003509,2047.00000000
1553036400,1553039999,0.00003509,0.00003546,0.00003503,0.00003535,156560.00000000
1553040000,1553043599,0.00003537,0.00003537,0.00003537,0.00003537,4795.00000000
1553043600,1553047199,0.00003562,0.00003573,0.00003540,0.00003573,100244.00000000
1553047200,1553050799,0.00003572,0.00003572,0.00003543,0.00003543,27254.00000000
1553050800,1553054399,0.00003543,0.00003543,0.00003543,0.00003543,0.00000000
1553054400,1553057999,0.00003543,0.00003543,0.00003543,0.00003543,0.00000000
1553058000,1553061599,0.00003546,0.00003583,0.00003546,0.00003572,83082.00000000
1553061600,1553065199,0.00003572,0.00003576,0.00003560,0.00003575,79732.00000000
1553065200,1553068799,0.00003579,0.00003590,0.00003578,0.00003590,63506.00000000
1553068800,1553072399,0.00003597,0.00003597,0.00003568,0.00003582,31674.00000000
1553072400,1553075999,0.00003570,0.00003585,0.00003570,0.00003572,80584.00000000
1553076000,1553079599,0.00003558,0.00003558,0.00003558,0.00003558,5009.00000000
1553079600,1553083199,0.00003575,0.00003597,0.00003570,0.00003597,47804.00000000
1553083200,1553086799,0.00003597,0.00003670,0.00003597,0.00003624,591762.00000000
1553086800,1553090399,0.00003620,0.00003663,0.00003619,0.00003619,168880.00000000
1553090400,1553093999,0.00003625,0.00003628,0.00003621,0.00003628,46398.00000000
1553094000,1553097599,0.00003628,0.00003630,0.00003628,0.00003630,137107.00000000
1553097600,1553101199,0.00003630,0.00003667,0.00003626,0.00003665,40621.00000000
1553101200,1553104799,0.00003665,0.00003667,0.00003636,0.00003641,113433.00000000
1553104800,1553108399,0.00003659,0.00003662,0.00003634,0.00003634,41505.00000000
1553108400,1553111999,0.00003647,0.00003676,0.00003647,0.00003669,107484.00000000
1553112000,1553115599,0.00003669,0.00003669,0.00003669,0.00003669,0.00000000
1553115600,1553119199,0.00003636,0.00003636,0.00003636,0.00003636,2733.00000000
1553119200,1553122799,0.00003636,0.00003636,0.00003636,0.00003636,0.00000000
1553122800,1553126399,0.00003636,0.00003651,0.00003610,0.00003651,60118.00000000
1553126400,1553129999,0.00003631,0.00003643,0.00003630,0.00003634,106478.00000000
1553130000,1553133599,0.00003655,0.00003676,0.00003655,0.00003657,78897.00000000
1553133600,1553137199,0.00003657,0.00003657,0.00003657,0.00003657,3408.00000000
1553137200,1553140799,0.00003676,0.00003677,0.00003650,0.00003650,107242.00000000
1553140800,1553144399,0.00003650,0.00003650,0.00003650,0.00003650,0.00000000
1553144400,1553147999,0.00003650,0.00003650,0.00003650,0.00003650,164383.00000000
1553148000,1553151599,0.00003665,0.00003665,0.00003665,0.00003665,3999.00000000
1553151600,1553155199,0.00003634,0.00003669,0.00003630,0.00003650,129458.00000000
1553155200,1553158799,0.00003669,0.00003679,0.00003654,0.00003654,51704.00000000
1553158800,1553162399,0.00003670,0.00003670,0.00003655,0.00003655,20803.00000000
1553162400,1553165999,0.00003655,0.00003655,0.00003655,0.00003655,0.00000000
1553166000,1553169599,0.00003655,0.00003675,0.00003643,0.00003650,569756.00000000
1553169600,1553173199,0.00003650,0.00003650,0.00003650,0.00003650,2613.00000000
1553173200,1553176799,0.00003653,0.00003653,0.00003645,0.00003645,54844.00000000
1553176800,1553180399,0.00003650,0.00003664,0.00003586,0.00003586,483288.00000000
1553180400,1553183999,0.00003580,0.00003602,0.00003571,0.00003587,234056.00000000
1553184000,1553187599,0.00003609,0.00003616,0.00003609,0.00003616,29795.00000000
1553187600,1553191199,0.00003601,0.00003643,0.00003592,0.00003643,318442.00000000
1553191200,1553194799,0.00003643,0.00003643,0.00003643,0.00003643,0.00000000
1553194800,1553198399,0.00003625,0.00003649,0.00003619,0.00003649,7072.00000000
1553198400,1553201999,0.00003620,0.00003620,0.00003620,0.00003620,500.00000000
1553202000,1553205599,0.00003621,0.00003641,0.00003605,0.00003605,14433.00000000
1553205600,1553209199,0.00003605,0.00003646,0.00003605,0.00003646,42155.00000000
1553209200,1553212799,0.00003623,0.00003650,0.00003620,0.00003623,17403.00000000
1553212800,1553216399,0.00003650,0.00003674,0.00003642,0.00003643,485654.00000000
1553216400,1553219999,0.00003632,0.00003643,0.00003632,0.00003643,15091.00000000
1553220000,1553223599,0.00003643,0.00003643,0.00003643,0.00003643,75319.00000000
1553223600,1553227199,0.00003631,0.00003642,0.00003631,0.00003641,35304.00000000
1553227200,1553230799,0.00003641,0.00003665,0.00003641,0.00003665,37578.00000000
1553230800,1553234399,0.00003660,0.00003660,0.00003660,0.00003660,6637.00000000
1553234400,1553237999,0.00003643,0.00003656,0.00003643,0.00003646,314828.00000000
1553238000,1553241599,0.00003651,0.00003651,0.00003642,0.00003642,105357.00000000
1553241600,1553245199,0.00003640,0.00004000,0.00003640,0.00003664,688432.00000000
1553245200,1553248799,0.00003643,0.00003690,0.00003642,0.00003642,915654.00000000
1553248800,1553252399,0.00003642,0.00003642,0.00003642,0.00003642,0.00000000
1553252400,1553255999,0.00003670,0.00003730,0.00003644,0.00003716,309898.00000000
1553256000,1553259599,0.00003695,0.00003728,0.00003650,0.00003650,2717143.00000000
1553259600,1553263199,0.00003680,0.00003680,0.00003650,0.00003651,358908.00000000
1553263200,1553266799,0.00003683,0.00003684,0.00003653,0.00003684,50153.00000000
1553266800,1553270399,0.00003684,0.00003943,0.00003684,0.00003859,3982468.00000000
1553270400,1553273999,0.00003861,0.00003879,0.00003780,0.00003828,1088553.00000000
1553274000,1553277599,0.00003801,0.00003830,0.00003792,0.00003830,417563.00000000
1553277600,1553281199,0.00003825,0.00003855,0.00003795,0.00003795,71124.00000000
1553281200,1553284799,0.00003820,0.00003820,0.00003800,0.00003820,59038.00000000
1553284800,1553288399,0.00003801,0.00003801,0.00003800,0.00003800,2013.00000000
1553288400,1553291999,0.00003832,0.00003834,0.00003781,0.00003781,210507.00000000
1553292000,1553295599,0.00003783,0.00003783,0.00003783,0.00003783,10313.00000000
1553295600,1553299199,0.00003802,0.00003840,0.00003802,0.00003830,74928.00000000
1553299200,1553302799,0.00003805,0.00003812,0.00003770,0.00003770,144258.00000000
1553302800,1553306399,0.00003770,0.00003814,0.00003769,0.00003775,301839.00000000
1553306400,1553309999,0.00003775,0.00003775,0.00003775,0.00003775,0.00000000
1553310000,1553313599,0.00003775,0.00003799,0.00003769,0.00003787,112284.00000000
1553313600,1553317199,0.00003787,0.00003798,0.00003787,0.00003798,27961.00000000
1553317200,1553320799,0.00003798,0.00003798,0.00003798,0.00003798,0.00000000
1553320800,1553324399,0.00003796,0.00003797,0.00003744,0.00003755,480148.00000000
1553324400,1553327999,0.00003755,0.00003760,0.00003739,0.00003739,90447.00000000
1553328000,1553331599,0.00003739,0.00003751,0.00003739,0.00003750,194398.00000000
1553331600,1553335199,0.00003730,0.00003750,0.00003730,0.00003750,1528.00000000
1553335200,1553338799,0.00003750,0.00003750,0.00003750,0.00003750,13342.00000000
1553338800,1553342399,0.00003732,0.00003735,0.00003683,0.00003712,533260.00000000
1553342400,1553345999,0.00003733,0.00003739,0.00003680,0.00003734,1135977.00000000
1553346000,1553349599,0.00003714,0.00003715,0.00003710,0.00003710,133881.00000000
1553349600,1553353199,0.00003710,0.00003710,0.00003684,0.00003684,23982.00000000
1553353200,1553356799,0.00003700,0.00003714,0.00003683,0.00003688,252950.00000000
1553356800,1553360399,0.00003688,0.00003695,0.00003688,0.00003688,44452.00000000
1553360400,1553363999,0.00003702,0.00003715,0.00003688,0.00003688,107313.00000000
1553364000,1553367599,0.00003689,0.00003689,0.00003678,0.00003678,99082.00000000
1553367600,1553371199,0.00003681,0.00003690,0.00003676,0.00003676,204126.00000000
1553371200,1553374799,0.00003680,0.00003682,0.00003670,0.00003682,74726.00000000
1553374800,1553378399,0.00003682,0.00003682,0.00003682,0.00003682,15188.00000000
1553378400,1553381999,0.00003682,0.00003687,0.00003682,0.00003687,37145.00000000
1553382000,1553385599,0.00003681,0.00003684,0.00003676,0.00003676,291863.00000000
1553385600,1553389199,0.00003681,0.00003682,0.00003681,0.00003682,52780.00000000
1553389200,1553392799,0.00003682,0.00003682,0.00003682,0.00003682,2881.00000000
1553392800,1553396399,0.00003676,0.00003690,0.00003651,0.00003651,301147.00000000
1553396400,1553399999,0.00003660,0.00003690,0.00003647,0.00003673,143056.00000000
1553400000,1553403599,0.00003673,0.00003673,0.00003673,0.00003673,0.00000000
1553403600,1553407199,0.00003673,0.00003695,0.00003673,0.00003673,85634.00000000
1553407200,1553410799,0.00003674,0.00003674,0.00003674,0.00003674,5744.00000000
1553410800,1553414399,0.00003674,0.00003674,0.00003674,0.00003674,0.00000000
1553414400,1553417999,0.00003674,0.00003675,0.00003674,0.00003674,133655.00000000
1553418000,1553421599,0.00003674,0.00003695,0.00003655,0.00003689,154358.00000000
1553421600,1553425199,0.00003682,0.00003682,0.00003632,0.00003661,115888.00000000
1553425200,1553428799,0.00003662,0.00003685,0.00003632,0.00003663,122916.00000000
1553428800,1553432399,0.00003634,0.00003687,0.00003634,0.00003661,355923.00000000
1553432400,1553435999,0.00003661,0.00003666,0.00003630,0.00003655,764176.00000000
1553436000,1553439599,0.00003655,0.00003685,0.00003630,0.00003682,130493.00000000
1553439600,1553443199,0.00003635,0.00003679,0.00003634,0.00003634,23298.00000000
1553443200,1553446799,0.00003656,0.00003681,0.00003656,0.00003681,89643.00000000
1553446800,1553450399,0.00003664,0.00003671,0.00003636,0.00003671,121240.00000000
1553450400,1553453999,0.00003671,0.00003677,0.00003647,0.00003676,93669.00000000
1553454000,1553457599,0.00003676,0.00003709,0.00003661,0.00003709,223469.00000000
1553457600,1553461199,0.00003709,0.00003709,0.00003699,0.00003705,32274.00000000
1553461200,1553464799,0.00003705,0.00003705,0.00003705,0.00003705,300.00000000
1553464800,1553468399,0.00003701,0.00003702,0.00003666,0.00003686,36690.00000000
1553468400,1553471999,0.00003684,0.00003741,0.00003684,0.00003741,320806.00000000
1553472000,1553475599,0.00003728,0.00003728,0.00003701,0.00003701,10465.00000000
1553475600,1553479199,0.00003702,0.00003702,0.00003698,0.00003698,67300.00000000
1553479200,1553482799,0.00003713,0.00003714,0.00003649,0.00003680,1078584.00000000
1553482800,1553486399,0.00003697,0.00003697,0.00003665,0.00003665,15221.00000000
1553486400,1553489999,0.00003661,0.00003661,0.00003636,0.00003650,62791.00000000
1553490000,1553493599,0.00003630,0.00003638,0.00003616,0.00003617,273122.00000000
1553493600,1553497199,0.00003617,0.00003639,0.00003617,0.00003633,159663.00000000
1553497200,1553500799,0.00003633,0.00003639,0.00003608,0.00003639,253151.00000000
1553500800,1553504399,0.00003607,0.00003641,0.00003607,0.00003641,115614.00000000
1553504400,1553507999,0.00003651,0.00003657,0.00003610,0.00003643,157231.00000000
1553508000,1553511599,0.00003612,0.00003660,0.00003612,0.00003645,132199.00000000
1553511600,1553515199,0.00003647,0.00003647,0.00003647,0.00003647,25500.00000000
1553515200,1553518799,0.00003670,0.00003670,0.00003620,0.00003624,431390.00000000
1553518800,1553522399,0.00003629,0.00003629,0.00003624,0.00003628,244746.00000000
1553522400,1553525999,0.00003628,0.00003651,0.00003625,0.00003641,31059.00000000
1553526000,1553529599,0.00003640,0.00003675,0.00003640,0.00003649,233942.00000000
1553529600,1553533199,0.00003657,0.00003711,0.00003657,0.00003700,1023259.00000000
1553533200,1553536799,0.00003700,0.00003968,0.00003688,0.00003800,3676732.00000000
1553536800,1553540399,0.00003802,0.00003875,0.00003709,0.00003709,584256.00000000
1553540400,1553543999,0.00003709,0.00003715,0.00003678,0.00003690,295042.00000000
1553544000,1553547599,0.00003736,0.00003868,0.00003716,0.00003837,1009616.00000000
1553547600,1553551199,0.00003837,0.00003974,0.00003799,0.00003912,3454500.00000000
1553551200,1553554799,0.00003886,0.00003886,0.00003769,0.00003788,969546.00000000
1553554800,1553558399,0.00003785,0.00003889,0.00003785,0.00003813,662647.00000000
1553558400,1553561999,0.00003817,0.00003875,0.00003754,0.00003871,286913.00000000
1553562000,1553565599,0.00003874,0.00003954,0.00003853,0.00003869,671849.00000000
1553565600,1553569199,0.00003848,0.00003909,0.00003842,0.00003909,271347.00000000
1553569200,1553572799,0.00003909,0.00003945,0.00003863,0.00003870,454290.00000000
1553572800,1553576399,0.00003890,0.00003890,0.00003836,0.00003836,284038.00000000
1553576400,1553579999,0.00003845,0.00003917,0.00003834,0.00003914,417129.00000000
1553580000,1553583599,0.00003926,0.00004010,0.00003910,0.00003971,987955.00000000
1553583600,1553587199,0.00003965,0.00003978,0.00003860,0.00003893,712707.00000000
1553587200,1553590799,0.00003879,0.00003891,0.00003828,0.00003839,231237.00000000
1553590800,1553594399,0.00003827,0.00003956,0.00003805,0.00003925,1023395.00000000
1553594400,1553597999,0.00003928,0.00003962,0.00003899,0.00003938,1299506.00000000
1553598000,1553601599,0.00003934,0.00003934,0.00003833,0.00003873,633580.00000000
1553601600,1553605199,0.00003899,0.00003908,0.00003758,0.00003795,603737.00000000
1553605200,1553608799,0.00003778,0.00003803,0.00003755,0.00003801,344787.00000000
1553608800,1553612399,0.00003768,0.00003844,0.00003768,0.00003831,245314.00000000
1553612400,1553615999,0.00003832,0.00003847,0.00003687,0.00003794,1371055.00000000
1553616000,1553619599,0.00003773,0.00004464,0.00003773,0.00004074,12112265.00000000
1553619600,1553623199,0.00004068,0.00004101,0.00003917,0.00004084,5721171.00000000
1553623200,1553626799,0.00004065,0.00004183,0.00004002,0.00004085,6667920.00000000
1553626800,1553630399,0.00004085,0.00004249,0.00004009,0.00004111,2220049.00000000
1553630400,1553633999,0.00004124,0.00004127,0.00004010,0.00004029,1388455.00000000
1553634000,1553637599,0.00004028,0.00004189,0.00004015,0.00004153,504918.00000000
1553637600,1553641199,0.00004153,0.00004234,0.00004068,0.00004115,1136720.00000000
1553641200,1553644799,0.00004081,0.00004094,0.00004068,0.00004080,62972.00000000
1553644800,1553648399,0.00004081,0.00004157,0.00004072,0.00004081,881409.00000000
1553648400,1553651999,0.00004079,0.00004118,0.00004050,0.00004094,666308.00000000
1553652000,1553655599,0.00004077,0.00004080,0.00003998,0.00004014,815490.00000000
1553655600,1553659199,0.00003997,0.00004035,0.00003908,0.00003955,1668119.00000000
1553659200,1553662799,0.00003929,0.00003971,0.00003917,0.00003962,217739.00000000
1553662800,1553666399,0.00003962,0.00003971,0.00003902,0.00003914,115630.00000000
1553666400,1553669999,0.00003900,0.00003953,0.00003862,0.00003904,789590.00000000
1553670000,1553673599,0.00003924,0.00003980,0.00003924,0.00003960,655679.00000000
1553673600,1553677199,0.00003961,0.00004006,0.00003931,0.00003960,339710.00000000
1553677200,1553680799,0.00003963,0.00004012,0.00003931,0.00003954,736771.00000000
1553680800,1553684399,0.00003954,0.00003992,0.00003931,0.00003969,245844.00000000
1553684400,1553687999,0.00003970,0.00004118,0.00003970,0.00004057,1340183.00000000
1553688000,1553691599,0.00004071,0.00004153,0.00004031,0.00004130,836397.00000000
1553691600,1553695199,0.00004129,0.00004211,0.00004047,0.00004081,2712965.00000000
1553695200,1553698799,0.00004084,0.00004090,0.00004015,0.00004022,1001482.00000000
1553698800,1553702399,0.00004020,0.00004023,0.00004000,0.00004023,190502.00000000
1553702400,1553705999,0.00004034,0.00004053,0.00004017,0.00004029,764084.00000000
1553706000,1553709599,0.00004029,0.00004029,0.00003989,0.00004023,235636.00000000
1553709600,1553713199,0.00003987,0.00004020,0.00003979,0.00003986,198832.00000000
1553713200,1553716799,0.00003980,0.00003990,0.00003950,0.00003966,468367.00000000
1553716800,1553720399,0.00003980,0.00003997,0.00003955,0.00003989,118720.00000000
1553720400,1553723999,0.00003981,0.00003996,0.00003981,0.00003995,33405.00000000
1553724000,1553727599,0.00003995,0.00003995,0.00003995,0.00003995,0.00000000
1553727600,1553731199,0.00003990,0.00004000,0.00003985,0.00004000,82169.00000000
1553731200,1553734799,0.00004000,0.00004017,0.00003998,0.00004014,61435.00000000
1553734800,1553738399,0.00004020,0.00004080,0.00004020,0.00004051,422258.00000000
1553738400,1553741999,0.00004039,0.00004115,0.00004032,0.00004094,972433.00000000
1553742000,1553745599,0.00004097,0.00004100,0.00004002,0.00004040,331960.00000000
1553745600,1553749199,0.00004041,0.00004072,0.00004019,0.00004019,235200.00000000
1553749200,1553752799,0.00004019,0.00004076,0.00004016,0.00004076,157877.00000000
1553752800,1553756399,0.00004076,0.00004076,0.00004022,0.00004022,134420.00000000
1553756400,1553759999,0.00004022,0.00004052,0.00004022,0.00004052,256436.00000000
1553760000,1553763599,0.00004052,0.00004052,0.00004010,0.00004010,204048.00000000
1553763600,1553767199,0.00004008,0.00004030,0.00004000,0.00004025,210117.00000000
1553767200,1553770799,0.00004024,0.00004031,0.00004000,0.00004031,186175.00000000
1553770800,1553774399,0.00004028,0.00004050,0.00003994,0.00004050,141098.00000000
1553774400,1553777999,0.00004050,0.00004076,0.00004050,0.00004074,75427.00000000
1553778000,1553781599,0.00004073,0.00004111,0.00004053,0.00004111,388153.00000000
1553781600,1553785199,0.00004114,0.00004290,0.00004079,0.00004255,726296.00000000
1553785200,1553788799,0.00004255,0.00004285,0.00004176,0.00004257,1134434.00000000
1553788800,1553792399,0.00004257,0.00004257,0.00004171,0.00004172,42900.00000000
1553792400,1553795999,0.00004172,0.00004234,0.00004171,0.00004233,151755.00000000
1553796000,1553799599,0.00004231,0.00004290,0.00004219,0.00004229,129446.00000000
1553799600,1553803199,0.00004206,0.00004298,0.00004187,0.00004250,163404.00000000
1553803200,1553806799,0.00004281,0.00004281,0.00004180,0.00004180,273031.00000000
1553806800,1553810399,0.00004181,0.00004217,0.00004171,0.00004203,69184.00000000
1553810400,1553813999,0.00004173,0.00004220,0.00004171,0.00004208,77908.00000000
1553814000,1553817599,0.00004187,0.00004189,0.00004187,0.00004187,13782.00000000
1553817600,1553821199,0.00004210,0.00004256,0.00004181,0.00004256,240961.00000000
1553821200,1553824799,0.00004197,0.00004205,0.00004160,0.00004160,183314.00000000
1553824800,1553828399,0.00004174,0.00004174,0.00004156,0.00004158,33550.00000000
1553828400,1553831999,0.00004172,0.00004172,0.00004100,0.00004167,242214.00000000
1553832000,1553835599,0.00004170,0.00004170,0.00004170,0.00004170,260018.00000000
1553835600,1553839199,0.00004170,0.00004189,0.00004142,0.00004182,307805.00000000
1553839200,1553842799,0.00004150,0.00004182,0.00004148,0.00004182,59626.00000000
1553842800,1553846399,0.00004179,0.00004190,0.00004079,0.00004087,870481.00000000
1553846400,1553849999,0.00004095,0.00004100,0.00004031,0.00004097,468289.00000000
1553850000,1553853599,0.00004092,0.00004098,0.00004047,0.00004098,1177506.00000000
1553853600,1553857199,0.00004080,0.00004098,0.00004080,0.00004080,75878.00000000
1553857200,1553860799,0.00004080,0.00004141,0.00004080,0.00004138,215246.00000000
1553860800,1553864399,0.00004132,0.00004141,0.00004123,0.00004130,46024.00000000
1553864400,1553867999,0.00004141,0.00004162,0.00004141,0.00004158,92325.00000000
1553868000,1553871599,0.00004157,0.00004162,0.00004144,0.00004162,109881.00000000
1553871600,1553875199,0.00004162,0.00004267,0.00004162,0.00004178,1020518.00000000
1553875200,1553878799,0.00004162,0.00004177,0.00004127,0.00004152,228538.00000000
1553878800,1553882399,0.00004152,0.00004158,0.00004031,0.00004125,1450249.00000000
1553882400,1553885999,0.00004126,0.00004135,0.00004079,0.00004135,146513.00000000
1553886000,1553889599,0.00004128,0.00004128,0.00004072,0.00004078,96831.00000000
1553889600,1553893199,0.00004078,0.00004078,0.00004060,0.00004060,2015.00000000
1553893200,1553896799,0.00004060,0.00004091,0.00004059,0.00004091,33036.00000000
1553896800,1553900399,0.00004088,0.00004088,0.00004088,0.00004088,2500.00000000
1553900400,1553903999,0.00004068,0.00004103,0.00004035,0.00004035,86861.00000000
1553904000,1553907599,0.00004031,0.00004035,0.00003974,0.00003980,574026.00000000
1553907600,1553911199,0.00003977,0.00003985,0.00003906,0.00003906,3021739.00000000
1553911200,1553914799,0.00003906,0.00003947,0.00003906,0.00003947,208000.00000000
1553914800,1553918399,0.00003952,0.00003968,0.00003943,0.00003943,942256.00000000
1553918400,1553921999,0.00003938,0.00003938,0.00003905,0.00003921,151630.00000000
1553922000,1553925599,0.00003918,0.00003953,0.00003899,0.00003935,166301.00000000
1553925600,1553929199,0.00003946,0.00003951,0.00003907,0.00003907,49520.00000000
1553929200,1553932799,0.00003944,0.00003944,0.00003916,0.00003935,43036.00000000
1553932800,1553936399,0.00003925,0.00003947,0.00003915,0.00003925,19418.00000000
1553936400,1553939999,0.00003904,0.00003904,0.00003852,0.00003890,400931.00000000
1553940000,1553943599,0.00003890,0.00003917,0.00003882,0.00003882,83547.00000000
1553943600,1553947199,0.00003888,0.00003947,0.00003888,0.00003947,59204.00000000
1553947200,1553950799,0.00003962,0.00004020,0.00003939,0.00003991,565378.00000000
1553950800,1553954399,0.00003991,0.00004012,0.00003931,0.00003940,102783.00000000
1553954400,1553957999,0.00003940,0.00003969,0.00003940,0.00003969,30643.00000000
1553958000,1553961599,0.00003969,0.00003970,0.00003948,0.00003949,46271.00000000
1553961600,1553965199,0.00003948,0.00003954,0.00003895,0.00003931,99708.00000000
1553965200,1553968799,0.00003928,0.00003976,0.00003896,0.00003956,382709.00000000
1553968800,1553972399,0.00003956,0.00003956,0.00003926,0.00003947,36422.00000000
1553972400,1553975999,0.00003947,0.00003947,0.00003947,0.00003947,2173.00000000
1553976000,1553979599,0.00003952,0.00003987,0.00003952,0.00003987,12063.00000000
1553979600,1553983199,0.00003990,0.00004056,0.00003990,0.00004004,284477.00000000
1553983200,1553986799,0.00003984,0.00003984,0.00003971,0.00003976,246405.00000000
1553986800,1553990399,0.00003967,0.00003967,0.00003931,0.00003931,1365016.00000000
1553990400,1553993999,0.00003938,0.00003965,0.00003938,0.00003965,169022.00000000
1553994000,1553997599,0.00003965,0.00003979,0.00003945,0.00003979,24747.00000000
1553997600,1554001199,0.00003995,0.00004040,0.00003995,0.00004030,209313.00000000
1554001200,1554004799,0.00004043,0.00004043,0.00004040,0.00004040,12031.00000000
1554004800,1554008399,0.00004043,0.00004059,0.00004029,0.00004040,50158.00000000
1554008400,1554011999,0.00004031,0.00004037,0.00004031,0.00004037,12000.00000000
1554012000,1554015599,0.00004040,0.00004068,0.00004040,0.00004068,37072.00000000
1554015600,1554019199,0.00004064,0.00004069,0.00004031,0.00004032,31403.00000000
1554019200,1554022799,0.00004032,0.00004038,0.00004029,0.00004029,188623.00000000
1554022800,1554026399,0.00004031,0.00004031,0.00004001,0.00004004,157128.00000000
1554026400,1554029999,0.00004021,0.00004025,0.00004000,0.00004025,361001.00000000
1554030000,1554033599,0.00004032,0.00004075,0.00003930,0.00004022,629195.00000000
1554033600,1554037199,0.00004022,0.00004068,0.00004000,0.00004055,337659.00000000
1554037200,1554040799,0.00004051,0.00004052,0.00004051,0.00004052,3452.00000000
1554040800,1554044399,0.00004032,0.00004055,0.00004032,0.00004055,57625.00000000
1554044400,1554047999,0.00004056,0.00004135,0.00004032,0.00004101,352024.00000000
1554048000,1554051599,0.00004126,0.00004134,0.00004077,0.00004110,42488.00000000
1554051600,1554055199,0.00004110,0.00004126,0.00004088,0.00004106,242977.00000000
1554055200,1554058799,0.00004106,0.00004133,0.00004094,0.00004133,37799.00000000
1554058800,1554062399,0.00004128,0.00004144,0.00004104,0.00004142,321875.00000000
1554062400,1554065999,0.00004110,0.00004120,0.00004006,0.00004071,536317.00000000
1554066000,1554069599,0.00004053,0.00004069,0.00004053,0.00004069,20436.00000000
1554069600,1554073199,0.00004069,0.00004069,0.00004069,0.00004069,35089.00000000
1554073200,1554076799,0.00004041,0.00004041,0.00004012,0.00004012,141253.00000000
1554076800,1554080399,0.00004039,0.00004040,0.00004006,0.00004019,130449.00000000
1554080400,1554083999,0.00004039,0.00004039,0.00004033,0.00004033,4544.00000000
1554084000,1554087599,0.00004033,0.00004033,0.00004015,0.00004016,19989.00000000
1554087600,1554091199,0.00004016,0.00004040,0.00004008,0.00004031,565444.00000000
1554091200,1554094799,0.00004031,0.00004062,0.00004025,0.00004027,531793.00000000
1554094800,1554098399,0.00004059,0.00004066,0.00004020,0.00004062,651656.00000000
1554098400,1554101999,0.00004062,0.00004062,0.00004020,0.00004023,671406.00000000
1554102000,1554105599,0.00004059,0.00004061,0.00004029,0.00004029,166747.00000000
1554105600,1554109199,0.00004027,0.00004056,0.00004023,0.00004056,103009.00000000
1554109200,1554112799,0.00004054,0.00004055,0.00004026,0.00004049,7016.00000000
1554112800,1554116399,0.00004052,0.00004066,0.00004032,0.00004038,1476481.00000000
1554116400,1554119999,0.00004038,0.00004065,0.00004020,0.00004020,431817.00000000
1554120000,1554123599,0.00004019,0.00004025,0.00004006,0.00004025,257066.00000000
1554123600,1554127199,0.00004023,0.00004195,0.00004023,0.00004195,1553003.00000000
1554127200,1554130799,0.00004164,0.00004199,0.00004157,0.00004168,596629.00000000
1554130800,1554134399,0.00004167,0.00004204,0.00004137,0.00004161,95393.00000000
1554134400,1554137999,0.00004159,0.00004180,0.00004140,0.00004180,148709.00000000
1554138000,1554141599,0.00004139,0.00004172,0.00004132,0.00004171,48026.00000000
1554141600,1554145199,0.00004166,0.00004177,0.00004166,0.00004177,11319.00000000
1554145200,1554148799,0.00004177,0.00004177,0.00004177,0.00004177,0.00000000
1554148800,1554152399,0.00004158,0.00004170,0.00004140,0.00004140,37863.00000000
1554152400,1554155999,0.00004134,0.00004137,0.00004123,0.00004137,66353.00000000
1554156000,1554159599,0.00004134,0.00004137,0.00004134,0.00004137,34427.00000000
1554159600,1554163199,0.00004134,0.00004134,0.00004120,0.00004120,14922.00000000
1554163200,1554166799,0.00004132,0.00004149,0.00004132,0.00004149,229893.00000000
1554166800,1554170399,0.00004138,0.00004157,0.00004138,0.00004138,285057.00000000
1554170400,1554173999,0.00004134,0.00004140,0.00004110,0.00004132,674557.00000000
1554174000,1554177599,0.00004122,0.00004151,0.00004066,0.00004097,1008596.00000000
1554177600,1554181199,0.00004074,0.00004240,0.00004066,0.00004198,699778.00000000
1554181200,1554184799,0.00004191,0.00004191,0.00003819,0.00004024,2220897.00000000
1554184800,1554188399,0.00003996,0.00004086,0.00003996,0.00004045,1455924.00000000
1554188400,1554191999,0.00004042,0.00004131,0.00004030,0.00004105,1421596.00000000
1554192000,1554195599,0.00004105,0.00004110,0.00003995,0.00004063,852358.00000000
1554195600,1554199199,0.00004082,0.00004131,0.00004039,0.00004084,406236.00000000
1554199200,1554202799,0.00004101,0.00004101,0.00004052,0.00004059,76986.00000000
1554202800,1554206399,0.00004066,0.00004086,0.00004025,0.00004026,82169.00000000
1554206400,1554209999,0.00004053,0.00004162,0.00003936,0.00003936,957339.00000000
1554210000,1554213599,0.00003955,0.00004000,0.00003833,0.00003873,1448289.00000000
1554213600,1554217199,0.00003897,0.00003942,0.00003852,0.00003900,719791.00000000
1554217200,1554220799,0.00003901,0.00003937,0.00003883,0.00003909,57164.00000000
1554220800,1554224399,0.00003909,0.00003910,0.00003875,0.00003875,292780.00000000
1554224400,1554227999,0.00003875,0.00003878,0.00003813,0.00003849,687826.00000000
1554228000,1554231599,0.00003860,0.00003910,0.00003824,0.00003839,719775.00000000
1554231600,1554235199,0.00003837,0.00003837,0.00003801,0.00003827,671584.00000000
1554235200,1554238799,0.00003820,0.00003855,0.00003811,0.00003855,26673.00000000
1554238800,1554242399,0.00003822,0.00003862,0.00003803,0.00003829,44852.00000000
1554242400,1554245999,0.00003802,0.00003809,0.00003789,0.00003789,282228.00000000
1554246000,1554249599,0.00003789,0.00003795,0.00003700,0.00003745,848140.00000000
1554249600,1554253199,0.00003686,0.00003760,0.00003526,0.00003621,1286854.00000000
1554253200,1554256799,0.00003624,0.00003672,0.00003623,0.00003636,118489.00000000
1554256800,1554260399,0.00003655,0.00003728,0.00003515,0.00003568,567842.00000000
1554260400,1554263999,0.00003569,0.00003606,0.00003559,0.00003590,464865.00000000
1554264000,1554267599,0.00003614,0.00003764,0.00003606,0.00003702,590151.00000000
1554267600,1554271199,0.00003689,0.00003724,0.00003611,0.00003724,372806.00000000
1554271200,1554274799,0.00003707,0.00003754,0.00003707,0.00003711,260400.00000000
1554274800,1554278399,0.00003702,0.00003800,0.00003680,0.00003727,187036.00000000
1554278400,1554281999,0.00003720,0.00003746,0.00003705,0.00003736,286492.00000000
1554282000,1554285599,0.00003746,0.00003786,0.00003724,0.00003726,488456.00000000
1554285600,1554289199,0.00003735,0.00003785,0.00003734,0.00003768,430857.00000000
1554289200,1554292799,0.00003784,0.00003800,0.00003768,0.00003791,272233.00000000
1554292800,1554296399,0.00003791,0.00003815,0.00003703,0.00003724,1343431.00000000
1554296400,1554299999,0.00003724,0.00003733,0.00003703,0.00003703,566442.00000000
1554300000,1554303599,0.00003727,0.00003767,0.00003703,0.00003710,338951.00000000
1554303600,1554307199,0.00003703,0.00003760,0.00003703,0.00003760,48477.00000000
1554307200,1554310799,0.00003742,0.00003766,0.00003571,0.00003636,1505129.00000000
1554310800,1554314399,0.00003621,0.00003678,0.00003597,0.00003659,176930.00000000
1554314400,1554317999,0.00003678,0.00003687,0.00003602,0.00003636,117845.00000000
1554318000,1554321599,0.00003651,0.00003654,0.00003637,0.00003637,25318.00000000
1554321600,1554325199,0.00003637,0.00003667,0.00003601,0.00003605,429083.00000000
1554325200,1554328799,0.00003605,0.00003605,0.00003500,0.00003548,560819.00000000
1554328800,1554332399,0.00003567,0.00003736,0.00003567,0.00003685,560407.00000000
1554332400,1554335999,0.00003695,0.00003856,0.00003538,0.00003761,5290651.00000000
1554336000,1554339599,0.00003742,0.00003779,0.00003692,0.00003738,365261.00000000
1554339600,1554343199,0.00003746,0.00003818,0.00003646,0.00003703,414122.00000000
1554343200,1554346799,0.00003682,0.00003707,0.00003640,0.00003680,132817.00000000
1554346800,1554350399,0.00003702,0.00003717,0.00003693,0.00003693,88101.00000000
1554350400,1554353999,0.00003690,0.00003690,0.00003671,0.00003676,147208.00000000
1554354000,1554357599,0.00003661,0.00003801,0.00003661,0.00003705,493605.00000000
1554357600,1554361199,0.00003703,0.00003749,0.00003673,0.00003747,354180.00000000
1554361200,1554364799,0.00003746,0.00003790,0.00003746,0.00003790,118618.00000000
1554364800,1554368399,0.00003790,0.00003825,0.00003783,0.00003794,471066.00000000
1554368400,1554371999,0.00003799,0.00003810,0.00003770,0.00003802,54116.00000000
1554372000,1554375599,0.00003775,0.00003779,0.00003710,0.00003750,318803.00000000
1554375600,1554379199,0.00003750,0.00003790,0.00003747,0.00003747,51168.00000000
1554379200,1554382799,0.00003746,0.00003777,0.00003739,0.00003777,39117.00000000
1554382800,1554386399,0.00003777,0.00003789,0.00003760,0.00003787,46486.00000000
1554386400,1554389999,0.00003783,0.00003793,0.00003768,0.00003785,115033.00000000
1554390000,1554393599,0.00003803,0.00003861,0.00003786,0.00003829,367517.00000000
1554393600,1554397199,0.00003824,0.00003850,0.00003795,0.00003812,111091.00000000
1554397200,1554400799,0.00003834,0.00003851,0.00003782,0.00003782,86370.00000000
1554400800,1554404399,0.00003812,0.00003833,0.00003739,0.00003749,82958.00000000
1554404400,1554407999,0.00003749,0.00003786,0.00003749,0.00003780,62437.00000000
1554408000,1554411599,0.00003754,0.00003780,0.00003689,0.00003764,442136.00000000
1554411600,1554415199,0.00003739,0.00003763,0.00003724,0.00003729,34770.00000000
1554415200,1554418799,0.00003725,0.00003734,0.00003697,0.00003733,38546.00000000
1554418800,1554422399,0.00003745,0.00003809,0.00003745,0.00003768,116082.00000000
1554422400,1554425999,0.00003768,0.00003809,0.00003760,0.00003792,99909.00000000
1554426000,1554429599,0.00003801,0.00003840,0.00003792,0.00003840,109137.00000000
1554429600,1554433199,0.00003808,0.00003859,0.00003781,0.00003833,318426.00000000
1554433200,1554436799,0.00003825,0.00003859,0.00003792,0.00003792,324424.00000000
1554436800,1554440399,0.00003808,0.00003859,0.00003699,0.00003719,1007639.00000000
1554440400,1554443999,0.00003719,0.00003830,0.00003689,0.00003755,680299.00000000
1554444000,1554447599,0.00003712,0.00003750,0.00003689,0.00003718,269987.00000000
1554447600,1554451199,0.00003718,0.00003732,0.00003699,0.00003729,51266.00000000
1554451200,1554454799,0.00003735,0.00003845,0.00003690,0.00003699,154261.00000000
1554454800,1554458399,0.00003711,0.00003711,0.00003686,0.00003704,169843.00000000
1554458400,1554461999,0.00003728,0.00003770,0.00003693,0.00003734,108109.00000000
1554462000,1554465599,0.00003736,0.00003742,0.00003697,0.00003737,107881.00000000
1554465600,1554469199,0.00003742,0.00003742,0.00003727,0.00003736,38825.00000000
1554469200,1554472799,0.00003712,0.00003738,0.00003701,0.00003737,315843.00000000
1554472800,1554476399,0.00003734,0.00003775,0.00003731,0.00003731,141282.00000000
1554476400,1554479999,0.00003763,0.00003766,0.00003732,0.00003750,81132.00000000
1554480000,1554483599,0.00003765,0.00003777,0.00003723,0.00003763,83851.00000000
1554483600,1554487199,0.00003763,0.00003765,0.00003750,0.00003761,152206.00000000
1554487200,1554490799,0.00003789,0.00003789,0.00003750,0.00003780,1039374.00000000
1554490800,1554494399,0.00003763,0.00003800,0.00003763,0.00003783,79505.00000000
1554494400,1554497999,0.00003783,0.00003788,0.00003750,0.00003751,43166.00000000
1554498000,1554501599,0.00003761,0.00003782,0.00003753,0.00003753,54776.00000000
1554501600,1554505199,0.00003777,0.00003779,0.00003777,0.00003779,30305.00000000
1554505200,1554508799,0.00003751,0.00003792,0.00003690,0.00003762,1286931.00000000
1554508800,1554512399,0.00003763,0.00003763,0.00003739,0.00003739,121144.00000000
1554512400,1554515999,0.00003749,0.00003751,0.00003746,0.00003751,49619.00000000
1554516000,1554519599,0.00003738,0.00003754,0.00003700,0.00003714,127761.00000000
1554519600,1554523199,0.00003715,0.00003738,0.00003715,0.00003738,23197.00000000
1554523200,1554526799,0.00003738,0.00003738,0.00003700,0.00003738,184259.00000000
1554526800,1554530399,0.00003720,0.00003853,0.00003720,0.00003835,1381678.00000000
1554530400,1554533999,0.00003831,0.00003862,0.00003787,0.00003852,731552.00000000
1554534000,1554537599,0.00003852,0.00004020,0.00003770,0.00003836,2697808.00000000
1554537600,1554541199,0.00003840,0.00003845,0.00003821,0.00003845,208409.00000000
1554541200,1554544799,0.00003831,0.00003841,0.00003770,0.00003841,232867.00000000
1554544800,1554548399,0.00003838,0.00003845,0.00003792,0.00003803,135798.00000000
1554548400,1554551999,0.00003818,0.00003845,0.00003802,0.00003802,56883.00000000
1554552000,1554555599,0.00003831,0.00003831,0.00003765,0.00003808,234272.00000000
1554555600,1554559199,0.00003765,0.00003776,0.00003762,0.00003764,64938.00000000
1554559200,1554562799,0.00003764,0.00003779,0.00003742,0.00003744,109179.00000000
1554562800,1554566399,0.00003749,0.00003782,0.00003721,0.00003721,193874.00000000
1554566400,1554569999,0.00003719,0.00003726,0.00003694,0.00003709,615608.00000000
1554570000,1554573599,0.00003709,0.00003749,0.00003709,0.00003749,216785.00000000
1554573600,1554577199,0.00003748,0.00003750,0.00003723,0.00003723,45859.00000000
1554577200,1554580799,0.00003723,0.00003723,0.00003657,0.00003679,271717.00000000
1554580800,1554584399,0.00003670,0.00003709,0.00003669,0.00003708,74345.00000000
1554584400,1554587999,0.00003705,0.00003712,0.00003685,0.00003696,92351.00000000
1554588000,1554591599,0.00003698,0.00003698,0.00003698,0.00003698,7508.00000000
1554591600,1554595199,0.00003698,0.00003710,0.00003650,0.00003687,388786.00000000
1554595200,1554598799,0.00003712,0.00003755,0.00003673,0.00003696,287538.00000000
1554598800,1554602399,0.00003725,0.00003738,0.00003700,0.00003700,49456.00000000
1554602400,1554605999,0.00003712,0.00003738,0.00003712,0.00003720,18303.00000000
1554606000,1554609599,0.00003738,0.00003743,0.00003733,0.00003733,14160.00000000
1554609600,1554613199,0.00003720,0.00003730,0.00003720,0.00003720,92790.00000000
1554613200,1554616799,0.00003740,0.00003740,0.00003721,0.00003721,121854.00000000
1554616800,1554620399,0.00003721,0.00003730,0.00003721,0.00003721,39895.00000000
1554620400,1554623999,0.00003734,0.00003761,0.00003721,0.00003723,316707.00000000
1554624000,1554627599,0.00003721,0.00003725,0.00003715,0.00003725,317290.00000000
1554627600,1554631199,0.00003719,0.00003750,0.00003691,0.00003745,494559.00000000
1554631200,1554634799,0.00003739,0.00003764,0.00003739,0.00003763,115348.00000000
1554634800,1554638399,0.00003742,0.00003790,0.00003742,0.00003790,114078.00000000
1554638400,1554641999,0.00003790,0.00003806,0.00003757,0.00003765,117660.00000000
1554642000,1554645599,0.00003775,0.00003808,0.00003774,0.00003775,292741.00000000
1554645600,1554649199,0.00003775,0.00003803,0.00003774,0.00003803,15641.00000000
1554649200,1554652799,0.00003776,0.00003805,0.00003776,0.00003805,53765.00000000
1554652800,1554656399,0.00003808,0.00003890,0.00003800,0.00003875,1130653.00000000
1554656400,1554659999,0.00003890,0.00003925,0.00003852,0.00003881,180586.00000000
1554660000,1554663599,0.00003896,0.00003960,0.00003289,0.00003892,4198767.00000000
1554663600,1554667199,0.00003911,0.00004088,0.00003872,0.00003889,1134616.00000000
1554667200,1554670799,0.00003873,0.00003874,0.00003738,0.00003765,518264.00000000
1554670800,1554674399,0.00003765,0.00003791,0.00003716,0.00003791,146089.00000000
1554674400,1554677999,0.00003777,0.00003777,0.00003678,0.00003712,454988.00000000
1554678000,1554681599,0.00003712,0.00003714,0.00003636,0.00003644,380472.00000000
1554681600,1554685199,0.00003644,0.00003656,0.00003501,0.00003537,661109.00000000
1554685200,1554688799,0.00003539,0.00003576,0.00003500,0.00003538,598501.00000000
1554688800,1554692399,0.00003539,0.00003562,0.00003503,0.00003562,3171011.00000000
1554692400,1554695999,0.00003538,0.00003557,0.00003500,0.00003517,370288.00000000
1554696000,1554699599,0.00003559,0.00003659,0.00003508,0.00003554,1658092.00000000
1554699600,1554703199,0.00003582,0.00003582,0.00003551,0.00003582,83033.00000000
1554703200,1554706799,0.00003582,0.00003631,0.00003565,0.00003631,129325.00000000
1554706800,1554710399,0.00003630,0.00003630,0.00003497,0.00003606,1618502.00000000
1554710400,1554713999,0.00003610,0.00003642,0.00003607,0.00003608,195556.00000000
1554714000,1554717599,0.00003606,0.00003606,0.00003566,0.00003566,118652.00000000
1554717600,1554721199,0.00003588,0.00003588,0.00003571,0.00003571,80972.00000000
1554721200,1554724799,0.00003601,0.00003601,0.00003539,0.00003600,6026243.00000000
1554724800,1554728399,0.00003588,0.00003588,0.00003452,0.00003491,1625093.00000000
1554728400,1554731999,0.00003490,0.00003525,0.00003474,0.00003503,84214.00000000
1554732000,1554735599,0.00003503,0.00003528,0.00003487,0.00003528,140078.00000000
1554735600,1554739199,0.00003528,0.00003528,0.00003459,0.00003469,66071.00000000
1554739200,1554742799,0.00003451,0.00003508,0.00003433,0.00003460,224232.00000000
1554742800,1554746399,0.00003480,0.00003529,0.00003480,0.00003529,32935.00000000
1554746400,1554749999,0.00003491,0.00003530,0.00003491,0.00003530,76991.00000000
1554750000,1554753599,0.00003530,0.00003530,0.00003530,0.00003530,0.00000000
1554753600,1554757199,0.00003506,0.00003513,0.00003495,0.00003495,48903.00000000
1554757200,1554760799,0.00003480,0.00003505,0.00003476,0.00003505,93651.00000000
1554760800,1554764399,0.00003506,0.00003509,0.00003465,0.00003501,75692.00000000
1554764400,1554767999,0.00003523,0.00003543,0.00003506,0.00003516,35999.00000000
1554768000,1554771599,0.00003527,0.00003539,0.00003527,0.00003536,28590.00000000
1554771600,1554775199,0.00003518,0.00003536,0.00003511,0.00003523,210906.00000000
1554775200,1554778799,0.00003518,0.00003526,0.00003496,0.00003496,502226.00000000
1554778800,1554782399,0.00003538,0.00003539,0.00003538,0.00003539,165188.00000000
1554782400,1554785999,0.00003534,0.00003534,0.00003507,0.00003507,26852.00000000
1554786000,1554789599,0.00003515,0.00003519,0.00003346,0.00003421,1147376.00000000
1554789600,1554793199,0.00003399,0.00003419,0.00003340,0.00003387,486555.00000000
1554793200,1554796799,0.00003392,0.00003424,0.00003391,0.00003415,80545.00000000
1554796800,1554800399,0.00003422,0.00003425,0.00003390,0.00003407,114226.00000000
1554800400,1554803999,0.00003418,0.00003418,0.00003389,0.00003389,27536.00000000
1554804000,1554807599,0.00003424,0.00003425,0.00003359,0.00003395,77344.00000000
1554807600,1554811199,0.00003390,0.00003390,0.00003390,0.00003390,33282.00000000
1554811200,1554814799,0.00003389,0.00003398,0.00003374,0.00003398,67826.00000000
1554814800,1554818399,0.00003381,0.00003434,0.00003381,0.00003416,113114.00000000
1554818400,1554821999,0.00003419,0.00003441,0.00003416,0.00003418,118004.00000000
1554822000,1554825599,0.00003416,0.00003466,0.00003387,0.00003414,255405.00000000
1554825600,1554829199,0.00003419,0.00003462,0.00003419,0.00003460,287609.00000000
1554829200,1554832799,0.00003428,0.00003450,0.00003418,0.00003450,26489.00000000
1554832800,1554836399,0.00003421,0.00003446,0.00003398,0.00003445,186044.00000000
1554836400,1554839999,0.00003411,0.00003419,0.00003411,0.00003419,34425.00000000
1554840000,1554843599,0.00003421,0.00003421,0.00003421,0.00003421,10148.00000000
1554843600,1554847199,0.00003420,0.00003432,0.00003401,0.00003432,93944.00000000
1554847200,1554850799,0.00003432,0.00003441,0.00003432,0.00003441,5443.00000000
1554850800,1554854399,0.00003413,0.00003427,0.00003403,0.00003427,40165.00000000
1554854400,1554857999,0.00003411,0.00003412,0.00003408,0.00003409,218547.00000000
1554858000,1554861599,0.00003409,0.00003409,0.00003387,0.00003407,201880.00000000
1554861600,1554865199,0.00003382,0.00003408,0.00003382,0.00003408,17883.00000000
1554865200,1554868799,0.00003382,0.00003579,0.00003360,0.00003521,1023017.00000000
1554868800,1554872399,0.00003540,0.00003569,0.00003507,0.00003507,172668.00000000
1554872400,1554875999,0.00003500,0.00003510,0.00003500,0.00003503,33283.00000000
1554876000,1554879599,0.00003471,0.00003471,0.00003406,0.00003445,260144.00000000
1554879600,1554883199,0.00003469,0.00003469,0.00003449,0.00003453,36710.00000000
1554883200,1554886799,0.00003470,0.00003505,0.00003410,0.00003482,2347336.00000000
1554886800,1554890399,0.00003452,0.00003452,0.00003451,0.00003452,209338.00000000
1554890400,1554893999,0.00003437,0.00003437,0.00003437,0.00003437,999.00000000
1554894000,1554897599,0.00003466,0.00003476,0.00003464,0.00003465,167149.00000000
1554897600,1554901199,0.00003476,0.00003476,0.00003463,0.00003463,18336.00000000
1554901200,1554904799,0.00003457,0.00003500,0.00003453,0.00003500,136200.00000000
1554904800,1554908399,0.00003504,0.00003543,0.00003451,0.00003451,97308.00000000
1554908400,1554911999,0.00003479,0.00003500,0.00003479,0.00003489,38933.00000000
1554912000,1554915599,0.00003489,0.00003615,0.00003489,0.00003543,103374.00000000
1554915600,1554919199,0.00003528,0.00003528,0.00003481,0.00003505,58859.00000000
1554919200,1554922799,0.00003505,0.00003507,0.00003470,0.00003491,105083.00000000
1554922800,1554926399,0.00003481,0.00003491,0.00003460,0.00003468,153141.00000000
1554926400,1554929999,0.00003464,0.00003595,0.00003464,0.00003543,121350.00000000
1554930000,1554933599,0.00003556,0.00003595,0.00003527,0.00003548,110684.00000000
1554933600,1554937199,0.00003550,0.00003568,0.00003508,0.00003533,49152.00000000
1554937200,1554940799,0.00003537,0.00003548,0.00003537,0.00003537,18446.00000000
1554940800,1554944399,0.00003537,0.00003549,0.00003513,0.00003540,87812.00000000
1554944400,1554947999,0.00003554,0.00003554,0.00003508,0.00003522,14734.00000000
1554948000,1554951599,0.00003488,0.00003528,0.00003488,0.00003502,238535.00000000
1554951600,1554955199,0.00003528,0.00003560,0.00003470,0.00003508,372980.00000000
1554955200,1554958799,0.00003506,0.00003506,0.00003495,0.00003495,37586.00000000
1554958800,1554962399,0.00003525,0.00003525,0.00003488,0.00003488,167438.00000000
1554962400,1554965999,0.00003473,0.00003508,0.00003473,0.00003508,60906.00000000
1554966000,1554969599,0.00003508,0.00003658,0.00003485,0.00003649,576547.00000000
1554969600,1554973199,0.00003663,0.00003750,0.00003604,0.00003628,1080966.00000000
1554973200,1554976799,0.00003609,0.00003657,0.00003530,0.00003550,958518.00000000
1554976800,1554980399,0.00003553,0.00003568,0.00003535,0.00003568,174479.00000000
1554980400,1554983999,0.00003568,0.00003588,0.00003451,0.00003474,1604547.00000000
1554984000,1554987599,0.00003488,0.00003491,0.00003471,0.00003490,54206.00000000
1554987600,1554991199,0.00003490,0.00003543,0.00003471,0.00003543,308042.00000000
1554991200,1554994799,0.00003510,0.00003548,0.00003509,0.00003548,195431.00000000
1554994800,1554998399,0.00003552,0.00003600,0.00003552,0.00003569,801288.00000000
1554998400,1555001999,0.00003585,0.00003599,0.00003533,0.00003533,57664.00000000
1555002000,1555005599,0.00003532,0.00003554,0.00003532,0.00003554,20541.00000000
1555005600,1555009199,0.00003540,0.00003553,0.00003527,0.00003528,160863.00000000
1555009200,1555012799,0.00003528,0.00003528,0.00003528,0.00003528,30996.00000000
1555012800,1555016399,0.00003528,0.00003528,0.00003495,0.00003520,367028.00000000
1555016400,1555019999,0.00003496,0.00003524,0.00003495,0.00003495,379646.00000000
1555020000,1555023599,0.00003496,0.00003501,0.00003483,0.00003484,571495.00000000
1555023600,1555027199,0.00003484,0.00003507,0.00003471,0.00003506,85815.00000000
1555027200,1555030799,0.00003482,0.00003490,0.00003468,0.00003486,228723.00000000
1555030800,1555034399,0.00003486,0.00003490,0.00003455,0.00003473,119416.00000000
1555034400,1555037999,0.00003479,0.00003510,0.00003479,0.00003488,152308.00000000
1555038000,1555041599,0.00003497,0.00003497,0.00003487,0.00003487,13478.00000000
1555041600,1555045199,0.00003483,0.00003536,0.00003468,0.00003488,96707.00000000
1555045200,1555048799,0.00003493,0.00003508,0.00003472,0.00003493,59882.00000000
1555048800,1555052399,0.00003507,0.00003666,0.00003486,0.00003486,200769.00000000
1555052400,1555055999,0.00003491,0.00003568,0.00003486,0.00003528,95300.00000000
1555056000,1555059599,0.00003509,0.00003548,0.00003497,0.00003548,41888.00000000
1555059600,1555063199,0.00003564,0.00003574,0.00003542,0.00003542,99154.00000000
1555063200,1555066799,0.00003565,0.00003565,0.00003520,0.00003549,103898.00000000
1555066800,1555070399,0.00003543,0.00003574,0.00003529,0.00003574,127100.00000000
1555070400,1555073999,0.00003574,0.00003581,0.00003550,0.00003550,51767.00000000
1555074000,1555077599,0.00003560,0.00003560,0.00003529,0.00003529,13320.00000000
1555077600,1555081199,0.00003547,0.00003575,0.00003516,0.00003575,62625.00000000
1555081200,1555084799,0.00003575,0.00003577,0.00003540,0.00003550,140686.00000000
1555084800,1555088399,0.00003550,0.00003550,0.00003550,0.00003550,10934.00000000
1555088400,1555091999,0.00003550,0.00003550,0.00003550,0.00003550,89398.00000000
1555092000,1555095599,0.00003556,0.00003642,0.00003556,0.00003608,495117.00000000
1555095600,1555099199,0.00003626,0.00003686,0.00003626,0.00003648,177870.00000000
1555099200,1555102799,0.00003646,0.00003659,0.00003646,0.00003650,49610.00000000
1555102800,1555106399,0.00003659,0.00003659,0.00003616,0.00003632,36766.00000000
1555106400,1555109999,0.00003630,0.00003632,0.00003604,0.00003615,37487.00000000
1555110000,1555113599,0.00003617,0.00003617,0.00003617,0.00003617,19413.00000000
1555113600,1555117199,0.00003630,0.00003646,0.00003615,0.00003646,10126.00000000
1555117200,1555120799,0.00003615,0.00003646,0.00003615,0.00003646,5948.00000000
1555120800,1555124399,0.00003630,0.00003648,0.00003630,0.00003648,30041.00000000
1555124400,1555127999,0.00003648,0.00003648,0.00003599,0.00003630,386120.00000000
1555128000,1555131599,0.00003630,0.00003648,0.00003628,0.00003633,59983.00000000
1555131600,1555135199,0.00003656,0.00003691,0.00003656,0.00003691,113179.00000000
1555135200,1555138799,0.00003690,0.00003691,0.00003661,0.00003661,77789.00000000
1555138800,1555142399,0.00003648,0.00003676,0.00003641,0.00003676,167881.00000000
1555142400,1555145999,0.00003688,0.00003691,0.00003655,0.00003655,40331.00000000
1555146000,1555149599,0.00003669,0.00003676,0.00003669,0.00003676,48735.00000000
1555149600,1555153199,0.00003688,0.00003697,0.00003661,0.00003662,122293.00000000
1555153200,1555156799,0.00003662,0.00003662,0.00003588,0.00003588,513721.00000000
1555156800,1555160399,0.00003588,0.00003615,0.00003577,0.00003615,136317.00000000
1555160400,1555163999,0.00003614,0.00003614,0.00003585,0.00003585,58674.00000000
1555164000,1555167599,0.00003599,0.00003615,0.00003585,0.00003594,77362.00000000
1555167600,1555171199,0.00003599,0.00003615,0.00003586,0.00003615,56450.00000000
1555171200,1555174799,0.00003593,0.00003615,0.00003593,0.00003615,36446.00000000
1555174800,1555178399,0.00003600,0.00003615,0.00003588,0.00003615,48819.00000000
1555178400,1555181999,0.00003613,0.00003613,0.00003572,0.00003589,436637.00000000
1555182000,1555185599,0.00003608,0.00003608,0.00003608,0.00003608,1619.00000000
1555185600,1555189199,0.00003608,0.00003628,0.00003589,0.00003612,132104.00000000
1555189200,1555192799,0.00003600,0.00003600,0.00003585,0.00003585,22087.00000000
1555192800,1555196399,0.00003599,0.00003599,0.00003580,0.00003580,1446.00000000
1555196400,1555199999,0.00003575,0.00003575,0.00003575,0.00003575,280.00000000
1555200000,1555203599,0.00003589,0.00003600,0.00003584,0.00003584,29277.00000000
1555203600,1555207199,0.00003570,0.00003586,0.00003570,0.00003571,349193.00000000
1555207200,1555210799,0.00003599,0.00003599,0.00003598,0.00003598,20363.00000000
1555210800,1555214399,0.00003599,0.00003599,0.00003575,0.00003575,155403.00000000
1555214400,1555217999,0.00003571,0.00003585,0.00003565,0.00003585,35576.00000000
1555218000,1555221599,0.00003570,0.00003570,0.00003570,0.00003570,7314.00000000
1555221600,1555225199,0.00003570,0.00003585,0.00003566,0.00003566,6354.00000000
1555225200,1555228799,0.00003566,0.00003566,0.00003566,0.00003566,304.00000000
1555228800,1555232399,0.00003585,0.00003608,0.00003585,0.00003608,53221.00000000
1555232400,1555235999,0.00003608,0.00003608,0.00003608,0.00003608,0.00000000
1555236000,1555239599,0.00003600,0.00003615,0.00003592,0.00003615,12181.00000000
1555239600,1555243199,0.00003614,0.00003627,0.00003610,0.00003610,299737.00000000
1555243200,1555246799,0.00003606,0.00003637,0.00003606,0.00003637,198367.00000000
1555246800,1555250399,0.00003638,0.00003639,0.00003609,0.00003617,204499.00000000
1555250400,1555253999,0.00003640,0.00003669,0.00003640,0.00003661,60046.00000000
1555254000,1555257599,0.00003667,0.00003688,0.00003660,0.00003660,113726.00000000
1555257600,1555261199,0.00003676,0.00003676,0.00003676,0.00003676,3000.00000000
1555261200,1555264799,0.00003688,0.00003710,0.00003676,0.00003676,44291.00000000
1555264800,1555268399,0.00003690,0.00003690,0.00003680,0.00003680,1118772.00000000
1555268400,1555271999,0.00003680,0.00003702,0.00003675,0.00003675,201359.00000000
1555272000,1555275599,0.00003679,0.00003691,0.00003668,0.00003668,24855.00000000
1555275600,1555279199,0.00003675,0.00003675,0.00003661,0.00003661,9442.00000000
1555279200,1555282799,0.00003661,0.00003661,0.00003635,0.00003637,84308.00000000
1555282800,1555286399,0.00003630,0.00003644,0.00003610,0.00003622,90256.00000000
1555286400,1555289999,0.00003615,0.00003630,0.00003586,0.00003615,169699.00000000
1555290000,1555293599,0.00003592,0.00003615,0.00003589,0.00003589,319988.00000000
1555293600,1555297199,0.00003588,0.00003600,0.00003570,0.00003570,210961.00000000
1555297200,1555300799,0.00003590,0.00003615,0.00003589,0.00003614,57181.00000000
1555300800,1555304399,0.00003614,0.00003614,0.00003598,0.00003598,19926.00000000
1555304400,1555307999,0.00003615,0.00003615,0.00003598,0.00003599,495046.00000000
1555308000,1555311599,0.00003615,0.00003619,0.00003615,0.00003619,2076.00000000
1555311600,1555315199,0.00003619,0.00003637,0.00003619,0.00003637,62871.00000000
1555315200,1555318799,0.00003628,0.00003646,0.00003623,0.00003630,129489.00000000
1555318800,1555322399,0.00003629,0.00003644,0.00003616,0.00003616,36034.00000000
1555322400,1555325999,0.00003643,0.00003668,0.00003643,0.00003668,79256.00000000
1555326000,1555329599,0.00003649,0.00003649,0.00003608,0.00003610,153120.00000000
1555329600,1555333199,0.00003626,0.00003646,0.00003626,0.00003646,18042.00000000
1555333200,1555336799,0.00003647,0.00003676,0.00003647,0.00003676,43894.00000000
1555336800,1555340399,0.00003661,0.00003674,0.00003652,0.00003674,61030.00000000
1555340400,1555343999,0.00003676,0.00003676,0.00003600,0.00003625,286757.00000000
1555344000,1555347599,0.00003643,0.00003648,0.00003636,0.00003636,14007.00000000
1555347600,1555351199,0.00003637,0.00003726,0.00003637,0.00003674,277549.00000000
1555351200,1555354799,0.00003670,0.00003688,0.00003636,0.00003636,271434.00000000
1555354800,1555358399,0.00003635,0.00003729,0.00003635,0.00003676,190218.00000000
1555358400,1555361999,0.00003661,0.00003661,0.00003627,0.00003641,71092.00000000
1555362000,1555365599,0.00003646,0.00003655,0.00003634,0.00003634,32495.00000000
1555365600,1555369199,0.00003660,0.00003668,0.00003660,0.00003668,20370.00000000
1555369200,1555372799,0.00003668,0.00003668,0.00003627,0.00003630,87442.00000000
1555372800,1555376399,0.00003630,0.00003644,0.00003626,0.00003644,11023.00000000
1555376400,1555379999,0.00003644,0.00003644,0.00003644,0.00003644,31590.00000000
1555380000,1555383599,0.00003624,0.00003658,0.00003623,0.00003658,76361.00000000
1555383600,1555387199,0.00003661,0.00003661,0.00003661,0.00003661,1795.00000000
1555387200,1555390799,0.00003661,0.00003661,0.00003646,0.00003646,15693.00000000
1555390800,1555394399,0.00003646,0.00003646,0.00003645,0.00003645,23466.00000000
1555394400,1555397999,0.00003661,0.00003673,0.00003630,0.00003672,163582.00000000
1555398000,1555401599,0.00003655,0.00003661,0.00003646,0.00003661,34063.00000000
1555401600,1555405199,0.00003646,0.00003646,0.00003627,0.00003627,35429.00000000
1555405200,1555408799,0.00003619,0.00003635,0.00003598,0.00003598,658496.00000000
1555408800,1555412399,0.00003609,0.00003642,0.00003597,0.00003598,121733.00000000
1555412400,1555415999,0.00003598,0.00003616,0.00003588,0.00003598,60604.00000000
1555416000,1555419599,0.00003598,0.00003598,0.00003598,0.00003598,0.00000000
1555419600,1555423199,0.00003598,0.00003598,0.00003598,0.00003598,6828.00000000
1555423200,1555426799,0.00003608,0.00003620,0.00003570,0.00003594,157968.00000000
1555426800,1555430399,0.00003581,0.00003598,0.00003570,0.00003584,56517.00000000
1555430400,1555433999,0.00003600,0.00003605,0.00003585,0.00003600,47649.00000000
1555434000,1555437599,0.00003589,0.00003599,0.00003571,0.00003581,39645.00000000
1555437600,1555441199,0.00003581,0.00003627,0.00003581,0.00003626,101549.00000000
1555441200,1555444799,0.00003627,0.00003627,0.00003627,0.00003627,279.00000000
1555444800,1555448399,0.00003626,0.00003629,0.00003626,0.00003629,27749.00000000
1555448400,1555451999,0.00003608,0.00003633,0.00003592,0.00003592,98617.00000000
1555452000,1555455599,0.00003615,0.00003615,0.00003611,0.00003611,13000.00000000
1555455600,1555459199,0.00003600,0.00003618,0.00003586,0.00003591,65679.00000000
1555459200,1555462799,0.00003594,0.00003597,0.00003585,0.00003592,107594.00000000
1555462800,1555466399,0.00003581,0.00003581,0.00003580,0.00003580,86592.00000000
1555466400,1555469999,0.00003600,0.00003610,0.00003600,0.00003608,37909.00000000
1555470000,1555473599,0.00003608,0.00003608,0.00003608,0.00003608,0.00000000
1555473600,1555477199,0.00003608,0.00003608,0.00003608,0.00003608,4529.00000000
1555477200,1555480799,0.00003599,0.00003608,0.00003588,0.00003608,144308.00000000
1555480800,1555484399,0.00003615,0.00003615,0.00003602,0.00003602,3400.00000000
1555484400,1555487999,0.00003602,0.00003602,0.00003602,0.00003602,290.00000000
1555488000,1555491599,0.00003603,0.00003618,0.00003569,0.00003600,608572.00000000
1555491600,1555495199,0.00003600,0.00003600,0.00003600,0.00003600,2630.00000000
1555495200,1555498799,0.00003600,0.00003606,0.00003600,0.00003606,40466.00000000
1555498800,1555502399,0.00003606,0.00003606,0.00003586,0.00003586,119567.00000000
1555502400,1555505999,0.00003611,0.00003611,0.00003611,0.00003611,4313.00000000
1555506000,1555509599,0.00003611,0.00003611,0.00003611,0.00003611,0.00000000
1555509600,1555513199,0.00003611,0.00003611,0.00003590,0.00003590,9540.00000000
1555513200,1555516799,0.00003603,0.00003618,0.00003588,0.00003618,67812.00000000
1555516800,1555520399,0.00003626,0.00003626,0.00003603,0.00003610,58872.00000000
1555520400,1555523999,0.00003627,0.00003646,0.00003615,0.00003630,68720.00000000
1555524000,1555527599,0.00003630,0.00003630,0.00003606,0.00003606,7996.00000000
1555527600,1555531199,0.00003606,0.00003606,0.00003606,0.00003606,0.00000000
1555531200,1555534799,0.00003624,0.00003624,0.00003587,0.00003588,23219.00000000
1555534800,1555538399,0.00003604,0.00003615,0.00003604,0.00003615,15453.00000000
1555538400,1555541999,0.00003600,0.00003610,0.00003600,0.00003610,21266.00000000
1555542000,1555545599,0.00003624,0.00003638,0.00003615,0.00003638,27777.00000000
1555545600,1555549199,0.00003638,0.00003638,0.00003638,0.00003638,0.00000000
1555549200,1555552799,0.00003615,0.00003615,0.00003500,0.00003544,368377.00000000
1555552800,1555556399,0.00003542,0.00003542,0.00003528,0.00003528,77296.00000000
1555556400,1555559999,0.00003534,0.00003543,0.00003511,0.00003511,96604.00000000
1555560000,1555563599,0.00003509,0.00003545,0.00003504,0.00003532,316466.00000000
1555563600,1555567199,0.00003532,0.00003543,0.00003514,0.00003517,76754.00000000
1555567200,1555570799,0.00003543,0.00003545,0.00003543,0.00003545,14221.00000000
1555570800,1555574399,0.00003537,0.00003549,0.00003537,0.00003549,32761.00000000
1555574400,1555577999,0.00003524,0.00003572,0.00003524,0.00003567,123902.00000000
1555578000,1555581599,0.00003568,0.00003579,0.00003568,0.00003579,48317.00000000
1555581600,1555585199,0.00003579,0.00003579,0.00003579,0.00003579,0.00000000
1555585200,1555588799,0.00003579,0.00003579,0.00003579,0.00003579,0.00000000
1555588800,1555592399,0.00003579,0.00003579,0.00003579,0.00003579,0.00000000
1555592400,1555595999,0.00003575,0.00003585,0.00003575,0.00003585,34291.00000000
1555596000,1555599599,0.00003585,0.00003590,0.00003554,0.00003579,95609.00000000
1555599600,1555603199,0.00003562,0.00003562,0.00003553,0.00003553,17167.00000000
1555603200,1555606799,0.00003545,0.00003548,0.00003545,0.00003548,42303.00000000
1555606800,1555610399,0.00003533,0.00003533,0.00003472,0.00003506,317792.00000000
1555610400,1555613999,0.00003505,0.00003599,0.00003503,0.00003545,273766.00000000
1555614000,1555617599,0.00003541,0.00003541,0.00003540,0.00003540,7629.00000000
1555617600,1555621199,0.00003553,0.00003553,0.00003523,0.00003523,235890.00000000
1555621200,1555624799,0.00003527,0.00003548,0.00003527,0.00003548,54210.00000000
1555624800,1555628399,0.00003562,0.00003565,0.00003548,0.00003565,14767.00000000
1555628400,1555631999,0.00003570,0.00003577,0.00003560,0.00003560,36997.00000000
1555632000,1555635599,0.00003557,0.00003606,0.00003557,0.00003606,45973.00000000
1555635600,1555639199,0.00003606,0.00003632,0.00003606,0.00003627,209420.00000000
1555639200,1555642799,0.00003640,0.00003640,0.00003600,0.00003600,35620.00000000
1555642800,1555646399,0.00003594,0.00003603,0.00003571,0.00003589,415827.00000000
1555646400,1555649999,0.00003585,0.00003595,0.00003582,0.00003595,42478.00000000
1555650000,1555653599,0.00003595,0.00003615,0.00003595,0.00003615,107171.00000000
1555653600,1555657199,0.00003600,0.00003629,0.00003600,0.00003629,99782.00000000
1555657200,1555660799,0.00003615,0.00003615,0.00003578,0.00003604,70330.00000000
1555660800,1555664399,0.00003606,0.00003627,0.00003588,0.00003588,115651.00000000
1555664400,1555667999,0.00003586,0.00003615,0.00003585,0.00003606,66597.00000000
1555668000,1555671599,0.00003626,0.00003770,0.00003626,0.00003705,1563301.00000000
1555671600,1555675199,0.00003692,0.00003692,0.00003638,0.00003649,349209.00000000
1555675200,1555678799,0.00003639,0.00003660,0.00003633,0.00003647,390858.00000000
1555678800,1555682399,0.00003636,0.00003636,0.00003596,0.00003606,609549.00000000
1555682400,1555685999,0.00003623,0.00003623,0.00003527,0.00003564,1016455.00000000
1555686000,1555689599,0.00003564,0.00003580,0.00003561,0.00003575,1143043.00000000
1555689600,1555693199,0.00003585,0.00003604,0.00003565,0.00003576,658177.00000000
1555693200,1555696799,0.00003582,0.00003614,0.00003575,0.00003614,47184.00000000
1555696800,1555700399,0.00003599,0.00003600,0.00003578,0.00003600,7475.00000000
1555700400,1555703999,0.00003600,0.00003630,0.00003600,0.00003630,44544.00000000
1555704000,1555707599,0.00003635,0.00003635,0.00003605,0.00003605,46143.00000000
1555707600,1555711199,0.00003606,0.00003630,0.00003601,0.00003630,16144.00000000
1555711200,1555714799,0.00003608,0.00003615,0.00003600,0.00003615,9116.00000000
1555714800,1555718399,0.00003602,0.00003602,0.00003600,0.00003602,8796.00000000
1555718400,1555721999,0.00003602,0.00003602,0.00003602,0.00003602,0.00000000
1555722000,1555725599,0.00003625,0.00003625,0.00003621,0.00003621,2078.00000000
1555725600,1555729199,0.00003600,0.00003612,0.00003600,0.00003604,32093.00000000
1555729200,1555732799,0.00003604,0.00003604,0.00003577,0.00003586,83472.00000000
1555732800,1555736399,0.00003587,0.00003589,0.00003587,0.00003589,15863.00000000
1555736400,1555739999,0.00003572,0.00003592,0.00003572,0.00003592,5108.00000000
1555740000,1555743599,0.00003572,0.00003800,0.00003524,0.00003562,2426154.00000000
1555743600,1555747199,0.00003545,0.00003560,0.00003473,0.00003532,534157.00000000
1555747200,1555750799,0.00003532,0.00003532,0.00003510,0.00003520,203651.00000000
1555750800,1555754399,0.00003517,0.00003537,0.00003517,0.00003527,64162.00000000
1555754400,1555757999,0.00003538,0.00003563,0.00003538,0.00003545,103585.00000000
1555758000,1555761599,0.00003545,0.00003545,0.00003545,0.00003545,0.00000000
1555761600,1555765199,0.00003545,0.00003545,0.00003545,0.00003545,0.00000000
1555765200,1555768799,0.00003544,0.00003544,0.00003522,0.00003526,46983.00000000
1555768800,1555772399,0.00003544,0.00003603,0.00003544,0.00003585,179913.00000000
1555772400,1555775999,0.00003585,0.00003593,0.00003585,0.00003592,28787.00000000
1555776000,1555779599,0.00003584,0.00003604,0.00003544,0.00003544,85103.00000000
1555779600,1555783199,0.00003558,0.00003573,0.00003539,0.00003569,61597.00000000
1555783200,1555786799,0.00003548,0.00003548,0.00003537,0.00003537,36417.00000000
1555786800,1555790399,0.00003554,0.00003661,0.00003537,0.00003659,451393.00000000
1555790400,1555793999,0.00003670,0.00003735,0.00003670,0.00003677,376382.00000000
1555794000,1555797599,0.00003705,0.00003705,0.00003676,0.00003691,38585.00000000
1555797600,1555801199,0.00003704,0.00003704,0.00003661,0.00003691,16861.00000000
1555801200,1555804799,0.00003696,0.00003696,0.00003696,0.00003696,12000.00000000
1555804800,1555808399,0.00003691,0.00003691,0.00003676,0.00003676,23437.00000000
1555808400,1555811999,0.00003676,0.00003676,0.00003676,0.00003676,237.00000000
1555812000,1555815599,0.00003676,0.00003702,0.00003630,0.00003661,143950.00000000
1555815600,1555819199,0.00003676,0.00003737,0.00003676,0.00003692,391352.00000000
1555819200,1555822799,0.00003713,0.00003713,0.00003692,0.00003692,1380.00000000
1555822800,1555826399,0.00003721,0.00003721,0.00003694,0.00003721,39921.00000000
1555826400,1555829999,0.00003721,0.00003722,0.00003698,0.00003722,71850.00000000
1555830000,1555833599,0.00003728,0.00003798,0.00003699,0.00003775,466471.00000000
1555833600,1555837199,0.00003780,0.00003780,0.00003707,0.00003717,101567.00000000
1555837200,1555840799,0.00003715,0.00003740,0.00003715,0.00003722,424132.00000000
1555840800,1555844399,0.00003734,0.00003751,0.00003683,0.00003720,2693515.00000000
1555844400,1555847999,0.00003715,0.00003739,0.00003715,0.00003723,38329.00000000
1555848000,1555851599,0.00003735,0.00003739,0.00003713,0.00003713,85861.00000000
1555851600,1555855199,0.00003706,0.00003739,0.00003706,0.00003739,19593.00000000
1555855200,1555858799,0.00003739,0.00003751,0.00003722,0.00003751,560292.00000000
1555858800,1555862399,0.00003732,0.00003815,0.00003732,0.00003815,552788.00000000
1555862400,1555865999,0.00003819,0.00003847,0.00003799,0.00003842,443180.00000000
1555866000,1555869599,0.00003814,0.00003848,0.00003807,0.00003823,235322.00000000
1555869600,1555873199,0.00003815,0.00003850,0.00003812,0.00003828,192998.00000000
1555873200,1555876799,0.00003834,0.00003845,0.00003834,0.00003845,28714.00000000
1555876800,1555880399,0.00003845,0.00003858,0.00003822,0.00003836,69179.00000000
1555880400,1555883999,0.00003836,0.00003843,0.00003800,0.00003816,143974.00000000
1555884000,1555887599,0.00003800,0.00003804,0.00003800,0.00003804,16524.00000000
1555887600,1555891199,0.00003801,0.00003819,0.00003800,0.00003819,148637.00000000
1555891200,1555894799,0.00003805,0.00003817,0.00003784,0.00003784,29859.00000000
1555894800,1555898399,0.00003783,0.00003798,0.00003775,0.00003788,148080.00000000
1555898400,1555901999,0.00003786,0.00003840,0.00003786,0.00003829,463290.00000000
1555902000,1555905599,0.00003840,0.00003848,0.00003828,0.00003848,8309.00000000
1555905600,1555909199,0.00003829,0.00003857,0.00003805,0.00003828,391804.00000000
1555909200,1555912799,0.00003827,0.00003827,0.00003805,0.00003805,209861.00000000
1555912800,1555916399,0.00003805,0.00003880,0.00003805,0.00003835,153950.00000000
1555916400,1555919999,0.00003835,0.00003854,0.00003800,0.00003800,31159.00000000
1555920000,1555923599,0.00003819,0.00003904,0.00003813,0.00003819,210131.00000000
1555923600,1555927199,0.00003812,0.00003824,0.00003798,0.00003804,197311.00000000
1555927200,1555930799,0.00003828,0.00003839,0.00003799,0.00003819,68556.00000000
1555930800,1555934399,0.00003828,0.00003828,0.00003828,0.00003828,770.00000000
1555934400,1555937999,0.00003807,0.00003841,0.00003807,0.00003841,94806.00000000
1555938000,1555941599,0.00003842,0.00003842,0.00003808,0.00003808,109007.00000000
1555941600,1555945199,0.00003828,0.00003828,0.00003773,0.00003798,189712.00000000
1555945200,1555948799,0.00003806,0.00003813,0.00003767,0.00003786,239651.00000000
1555948800,1555952399,0.00003787,0.00003828,0.00003787,0.00003807,83295.00000000
1555952400,1555955999,0.00003798,0.00003807,0.00003792,0.00003792,33123.00000000
1555956000,1555959599,0.00003794,0.00003812,0.00003752,0.00003752,227785.00000000
1555959600,1555963199,0.00003767,0.00003780,0.00003722,0.00003736,183363.00000000
1555963200,1555966799,0.00003715,0.00003902,0.00003706,0.00003706,2705218.00000000
1555966800,1555970399,0.00003706,0.00003707,0.00003706,0.00003706,592225.00000000
1555970400,1555973999,0.00003722,0.00003722,0.00003650,0.00003707,1731365.00000000
1555974000,1555977599,0.00003713,0.00003714,0.00003713,0.00003714,112265.00000000
1555977600,1555981199,0.00003714,0.00003729,0.00003712,0.00003712,23281.00000000
1555981200,1555984799,0.00003729,0.00003729,0.00003707,0.00003715,32914.00000000
1555984800,1555988399,0.00003715,0.00003715,0.00003715,0.00003715,5383.00000000
1555988400,1555991999,0.00003727,0.00003729,0.00003706,0.00003706,39963.00000000
1555992000,1555995599,0.00003722,0.00003767,0.00003699,0.00003707,521694.00000000
1555995600,1555999199,0.00003706,0.00003733,0.00003650,0.00003683,548305.00000000
1555999200,1556002799,0.00003681,0.00003691,0.00003681,0.00003683,289578.00000000
1556002800,1556006399,0.00003683,0.00003706,0.00003683,0.00003706,212023.00000000
1556006400,1556009999,0.00003691,0.00003691,0.00003683,0.00003683,613760.00000000
1556010000,1556013599,0.00003683,0.00003691,0.00003674,0.00003691,261504.00000000
1556013600,1556017199,0.00003680,0.00003691,0.00003658,0.00003691,93175.00000000
1556017200,1556020799,0.00003677,0.00003691,0.00003677,0.00003678,16760.00000000
1556020800,1556024399,0.00003692,0.00003692,0.00003649,0.00003649,55618.00000000
1556024400,1556027999,0.00003659,0.00003671,0.00003627,0.00003645,197521.00000000
1556028000,1556031599,0.00003631,0.00003631,0.00003602,0.00003624,425786.00000000
1556031600,1556035199,0.00003629,0.00003645,0.00003621,0.00003645,37115.00000000
1556035200,1556038799,0.00003619,0.00003645,0.00003608,0.00003608,38951.00000000
1556038800,1556042399,0.00003624,0.00003624,0.00003378,0.00003486,3446630.00000000
1556042400,1556045999,0.00003497,0.00003512,0.00003475,0.00003493,630728.00000000
1556046000,1556049599,0.00003493,0.00003517,0.00003468,0.00003468,146948.00000000
1556049600,1556053199,0.00003468,0.00003493,0.00003468,0.00003493,5603.00000000
1556053200,1556056799,0.00003468,0.00003495,0.00003433,0.00003436,522532.00000000
1556056800,1556060399,0.00003470,0.00003521,0.00003470,0.00003506,367451.00000000
1556060400,1556063999,0.00003501,0.00003506,0.00003440,0.00003506,277403.00000000
1556064000,1556067599,0.00003500,0.00003500,0.00003470,0.00003470,7477.00000000
1556067600,1556071199,0.00003454,0.00003490,0.00003333,0.00003401,1448150.00000000
1556071200,1556074799,0.00003405,0.00003415,0.00003350,0.00003389,241965.00000000
1556074800,1556078399,0.00003410,0.00003410,0.00003375,0.00003375,204017.00000000
1556078400,1556081999,0.00003385,0.00003391,0.00003375,0.00003385,21789.00000000
1556082000,1556085599,0.00003410,0.00003415,0.00003384,0.00003407,100086.00000000
1556085600,1556089199,0.00003407,0.00003416,0.00003375,0.00003397,132699.00000000
1556089200,1556092799,0.00003401,0.00003433,0.00003103,0.00003239,3012948.00000000
1556092800,1556096399,0.00003230,0.00003309,0.00003178,0.00003309,1238148.00000000
1556096400,1556099999,0.00003280,0.00003310,0.00003279,0.00003310,159524.00000000
1556100000,1556103599,0.00003296,0.00003321,0.00003240,0.00003240,144236.00000000
1556103600,1556107199,0.00003233,0.00003273,0.00003200,0.00003208,128322.00000000
1556107200,1556110799,0.00003261,0.00003321,0.00003222,0.00003321,499810.00000000
1556110800,1556114399,0.00003321,0.00003348,0.00003244,0.00003348,789134.00000000
1556114400,1556117999,0.00003341,0.00003347,0.00003290,0.00003346,127306.00000000
1556118000,1556121599,0.00003308,0.00003360,0.00003308,0.00003347,81695.00000000
1556121600,1556125199,0.00003359,0.00003372,0.00003326,0.00003350,275918.00000000
1556125200,1556128799,0.00003371,0.00003371,0.00003240,0.00003306,424393.00000000
1556128800,1556132399,0.00003320,0.00003337,0.00003292,0.00003292,104203.00000000
1556132400,1556135999,0.00003293,0.00003346,0.00003276,0.00003346,197946.00000000
1556136000,1556139599,0.00003336,0.00003336,0.00003294,0.00003294,27797.00000000
1556139600,1556143199,0.00003340,0.00003344,0.00003310,0.00003310,19742.00000000
1556143200,1556146799,0.00003344,0.00003344,0.00003344,0.00003344,1748.00000000
1556146800,1556150399,0.00003321,0.00003322,0.00003293,0.00003293,140192.00000000
1556150400,1556153999,0.00003315,0.00003344,0.00003312,0.00003324,24413.00000000
1556154000,1556157599,0.00003324,0.00003333,0.00003295,0.00003329,164629.00000000
1556157600,1556161199,0.00003312,0.00003343,0.00003312,0.00003343,24635.00000000
1556161200,1556164799,0.00003314,0.00003314,0.00003314,0.00003314,3307.00000000
1556164800,1556168399,0.00003293,0.00003306,0.00003284,0.00003284,27149.00000000
1556168400,1556171999,0.00003284,0.00003305,0.00003271,0.00003271,166905.00000000
1556172000,1556175599,0.00003271,0.00003271,0.00003271,0.00003271,0.00000000
1556175600,1556179199,0.00003288,0.00003303,0.00003270,0.00003303,88651.00000000
1556179200,1556182799,0.00003281,0.00003295,0.00003281,0.00003295,117773.00000000
1556182800,1556186399,0.00003291,0.00003316,0.00003286,0.00003293,111772.00000000
1556186400,1556189999,0.00003271,0.00003329,0.00003268,0.00003329,53200.00000000
1556190000,1556193599,0.00003322,0.00003336,0.00003322,0.00003336,61241.00000000
1556193600,1556197199,0.00003337,0.00003362,0.00003337,0.00003357,115497.00000000
1556197200,1556200799,0.00003357,0.00003360,0.00003310,0.00003360,65830.00000000
1556200800,1556204399,0.00003353,0.00003362,0.00003350,0.00003362,273515.00000000
1556204400,1556207999,0.00003370,0.00003370,0.00003352,0.00003352,59705.00000000
1556208000,1556211599,0.00003356,0.00003356,0.00003342,0.00003342,35649.00000000
1556211600,1556215199,0.00003370,0.00003382,0.00003330,0.00003382,36011.00000000
1556215200,1556218799,0.00003382,0.00003382,0.00003382,0.00003382,3145.00000000
1556218800,1556222399,0.00003382,0.00003394,0.00003364,0.00003394,34324.00000000
1556222400,1556225999,0.00003363,0.00003363,0.00003363,0.00003363,31721.00000000
1556226000,1556229599,0.00003363,0.00003371,0.00003350,0.00003350,8514.00000000
1556229600,1556233199,0.00003353,0.00003353,0.00003158,0.00003328,2672548.00000000
1556233200,1556236799,0.00003247,0.00003253,0.00003197,0.00003253,359613.00000000
1556236800,1556240399,0.00003231,0.00003231,0.00003147,0.00003187,341985.00000000
1556240400,1556243999,0.00003218,0.00003218,0.00003202,0.00003202,1778.00000000
1556244000,1556247599,0.00003211,0.00003220,0.00003202,0.00003220,36280.00000000
1556247600,1556251199,0.00003226,0.00003244,0.00003100,0.00003220,1020211.00000000
1556251200,1556254799,0.00003209,0.00003209,0.00003188,0.00003188,1093.00000000
1556254800,1556258399,0.00003188,0.00003188,0.00003123,0.00003155,984017.00000000
1556258400,1556261999,0.00003153,0.00003177,0.00003100,0.00003177,187857.00000000
1556262000,1556265599,0.00003130,0.00003147,0.00003118,0.00003147,211769.00000000
1556265600,1556269199,0.00003147,0.00003147,0.00003147,0.00003147,23170.00000000
1556269200,1556272799,0.00003147,0.00003182,0.00003124,0.00003182,55476.00000000
1556272800,1556276399,0.00003138,0.00003193,0.00003138,0.00003186,458126.00000000
1556276400,1556279999,0.00003186,0.00003186,0.00003161,0.00003186,7051.00000000
1556280000,1556283599,0.00003167,0.00003220,0.00003155,0.00003155,106416.00000000
1556283600,1556287199,0.00003176,0.00003195,0.00003176,0.00003178,42686.00000000
1556287200,1556290799,0.00003162,0.00003204,0.00003159,0.00003187,414587.00000000
1556290800,1556294399,0.00003177,0.00003196,0.00003134,0.00003134,109028.00000000
1556294400,1556297999,0.00003134,0.00003134,0.00003000,0.00003023,1440708.00000000
1556298000,1556301599,0.00003038,0.00003063,0.00003011,0.00003063,401001.00000000
1556301600,1556305199,0.00003063,0.00003075,0.00003063,0.00003063,275596.00000000
1556305200,1556308799,0.00003078,0.00003080,0.00003040,0.00003040,62618.00000000
1556308800,1556312399,0.00003050,0.00003100,0.00003050,0.00003095,238705.00000000
1556312400,1556315999,0.00003091,0.00003091,0.00003042,0.00003068,62150.00000000
1556316000,1556319599,0.00003040,0.00003093,0.00003040,0.00003072,2413.00000000
1556319600,1556323199,0.00003040,0.00003127,0.00003040,0.00003087,130205.00000000
1556323200,1556326799,0.00003081,0.00003126,0.00003081,0.00003091,29758.00000000
1556326800,1556330399,0.00003127,0.00003131,0.00003098,0.00003130,114461.00000000
1556330400,1556333999,0.00003098,0.00003130,0.00003097,0.00003130,34353.00000000
1556334000,1556337599,0.00003129,0.00003131,0.00003121,0.00003122,54937.00000000
1556337600,1556341199,0.00003114,0.00003114,0.00003099,0.00003110,28134.00000000
1556341200,1556344799,0.00003110,0.00003110,0.00003110,0.00003110,0.00000000
1556344800,1556348399,0.00003110,0.00003110,0.00003110,0.00003110,0.00000000
1556348400,1556351999,0.00003141,0.00003152,0.00003131,0.00003152,31137.00000000
1556352000,1556355599,0.00003162,0.00003177,0.00003154,0.00003175,25177.00000000
1556355600,1556359199,0.00003186,0.00003207,0.00003158,0.00003191,108173.00000000
1556359200,1556362799,0.00003146,0.00003146,0.00003146,0.00003146,2429.00000000
1556362800,1556366399,0.00003156,0.00003186,0.00003154,0.00003186,176582.00000000
1556366400,1556369999,0.00003175,0.00003175,0.00003162,0.00003162,11605.00000000
1556370000,1556373599,0.00003147,0.00003199,0.00003147,0.00003190,149091.00000000
1556373600,1556377199,0.00003190,0.00003190,0.00003156,0.00003176,92896.00000000
1556377200,1556380799,0.00003198,0.00003199,0.00003155,0.00003155,220242.00000000
1556380800,1556384399,0.00003191,0.00003199,0.00003174,0.00003199,881514.00000000
1556384400,1556387999,0.00003179,0.00003179,0.00003159,0.00003160,19633.00000000
1556388000,1556391599,0.00003171,0.00003177,0.00003171,0.00003177,7437.00000000
1556391600,1556395199,0.00003164,0.00003164,0.00003161,0.00003161,13688.00000000
1556395200,1556398799,0.00003171,0.00003186,0.00003171,0.00003186,14313.00000000
1556398800,1556402399,0.00003191,0.00003191,0.00003154,0.00003154,181090.00000000
1556402400,1556405999,0.00003191,0.00003191,0.00003151,0.00003151,1264.00000000
1556406000,1556409599,0.00003151,0.00003151,0.00003151,0.00003151,0.00000000
1556409600,1556413199,0.00003151,0.00003151,0.00003151,0.00003151,0.00000000
1556413200,1556416799,0.00003151,0.00003151,0.00003151,0.00003151,0.00000000
1556416800,1556420399,0.00003163,0.00003163,0.00003163,0.00003163,1603.00000000
1556420400,1556423999,0.00003163,0.00003163,0.00003163,0.00003163,4000.00000000
1556424000,1556427599,0.00003163,0.00003163,0.00003163,0.00003163,0.00000000
1556427600,1556431199,0.00003178,0.00003200,0.00003137,0.00003185,1297215.00000000
1556431200,1556434799,0.00003155,0.00003161,0.00003135,0.00003161,12711.00000000
1556434800,1556438399,0.00003161,0.00003161,0.00003140,0.00003140,11948.00000000
1556438400,1556441999,0.00003175,0.00003175,0.00003131,0.00003145,356654.00000000
1556442000,1556445599,0.00003145,0.00003145,0.00003131,0.00003131,381177.00000000
1556445600,1556449199,0.00003155,0.00003155,0.00003132,0.00003132,5990.00000000
1556449200,1556452799,0.00003155,0.00003160,0.00003133,0.00003134,4482.00000000
1556452800,1556456399,0.00003159,0.00003180,0.00003120,0.00003120,471773.00000000
1556456400,1556459999,0.00003120,0.00003145,0.00003097,0.00003097,257697.00000000
1556460000,1556463599,0.00003098,0.00003114,0.00003088,0.00003114,136931.00000000
1556463600,1556467199,0.00003112,0.00003112,0.00003110,0.00003110,850.00000000
1556467200,1556470799,0.00003120,0.00003120,0.00003078,0.00003091,34256.00000000
1556470800,1556474399,0.00003078,0.00003117,0.00003078,0.00003116,174636.00000000
1556474400,1556477999,0.00003095,0.00003322,0.00003066,0.00003114,2889156.00000000
1556478000,1556481599,0.00003105,0.00003105,0.00003103,0.00003103,7099.00000000
1556481600,1556485199,0.00003094,0.00003094,0.00003071,0.00003071,25632.00000000
1556485200,1556488799,0.00003067,0.00003084,0.00003012,0.00003045,491631.00000000
1556488800,1556492399,0.00003083,0.00003083,0.00003083,0.00003083,1980.00000000
1556492400,1556495999,0.00003083,0.00003083,0.00003052,0.00003052,1170.00000000
1556496000,1556499599,0.00003048,0.00003106,0.00003048,0.00003096,118583.00000000
1556499600,1556503199,0.00003107,0.00003113,0.00003094,0.00003112,49353.00000000
1556503200,1556506799,0.00003087,0.00003111,0.00003087,0.00003111,203873.00000000
1556506800,1556510399,0.00003100,0.00003100,0.00003084,0.00003084,51027.00000000
1556510400,1556513999,0.00003085,0.00003087,0.00003085,0.00003087,63973.00000000
1556514000,1556517599,0.00003067,0.00003105,0.00003067,0.00003092,72890.00000000
1556517600,1556521199,0.00003086,0.00003086,0.00003086,0.00003086,23498.00000000
1556521200,1556524799,0.00003112,0.00003112,0.00003084,0.00003084,34459.00000000
1556524800,1556528399,0.00003082,0.00003082,0.00003082,0.00003082,1490.00000000
1556528400,1556531999,0.00003082,0.00003119,0.00003082,0.00003119,68763.00000000
1556532000,1556535599,0.00003108,0.00003108,0.00003021,0.00003045,400366.00000000
1556535600,1556539199,0.00003045,0.00003058,0.00003045,0.00003058,41740.00000000
1556539200,1556542799,0.00003058,0.00003058,0.00002984,0.00002989,227962.00000000
1556542800,1556546399,0.00002984,0.00002984,0.00002875,0.00002900,1918238.00000000
1556546400,1556549999,0.00002919,0.00002961,0.00002909,0.00002961,671687.00000000
1556550000,1556553599,0.00002967,0.00002998,0.00002950,0.00002950,258525.00000000
1556553600,1556557199,0.00002950,0.00002960,0.00002937,0.00002937,89852.00000000
1556557200,1556560799,0.00002940,0.00002954,0.00002940,0.00002954,8082.00000000
1556560800,1556564399,0.00002954,0.00002954,0.00002954,0.00002954,0.00000000
1556564400,1556567999,0.00002950,0.00002987,0.00002934,0.00002957,79713.00000000
1556568000,1556571599,0.00002990,0.00002990,0.00002932,0.00002933,156283.00000000
1556571600,1556575199,0.00002945,0.00002951,0.00002932,0.00002951,35200.00000000
1556575200,1556578799,0.00002951,0.00002955,0.00002951,0.00002951,11777.00000000
1556578800,1556582399,0.00002933,0.00002949,0.00002933,0.00002949,13051.00000000
1556582400,1556585999,0.00002936,0.00002936,0.00002925,0.00002932,160936.00000000
1556586000,1556589599,0.00002931,0.00002931,0.00002897,0.00002904,93820.00000000
1556589600,1556593199,0.00002897,0.00002928,0.00002887,0.00002896,188210.00000000
1556593200,1556596799,0.00002878,0.00002901,0.00002869,0.00002901,18341.00000000
1556596800,1556600399,0.00002901,0.00002905,0.00002898,0.00002899,34249.00000000
1556600400,1556603999,0.00002909,0.00002909,0.00002887,0.00002894,111056.00000000
1556604000,1556607599,0.00002872,0.00002895,0.00002868,0.00002868,369526.00000000
1556607600,1556611199,0.00002881,0.00002881,0.00002862,0.00002878,23162.00000000
1556611200,1556614799,0.00002878,0.00002878,0.00002878,0.00002878,0.00000000
1556614800,1556618399,0.00002878,0.00002878,0.00002856,0.00002856,11425.00000000
1556618400,1556621999,0.00002857,0.00002904,0.00002855,0.00002889,119741.00000000
1556622000,1556625599,0.00002913,0.00002939,0.00002912,0.00002912,42407.00000000
1556625600,1556629199,0.00002939,0.00002998,0.00002939,0.00002993,229627.00000000
1556629200,1556632799,0.00002971,0.00002971,0.00002924,0.00002924,219833.00000000
1556632800,1556636399,0.00002931,0.00002969,0.00002914,0.00002954,112171.00000000
1556636400,1556639999,0.00002929,0.00002957,0.00002900,0.00002957,12959.00000000
1556640000,1556643599,0.00002913,0.00002954,0.00002911,0.00002911,95719.00000000
1556643600,1556647199,0.00002911,0.00002947,0.00002901,0.00002933,118223.00000000
1556647200,1556650799,0.00002947,0.00002987,0.00002906,0.00002987,400965.00000000
1556650800,1556654399,0.00002989,0.00003087,0.00002974,0.00003015,621684.00000000
1556654400,1556657999,0.00003024,0.00003024,0.00002919,0.00002938,519748.00000000
1556658000,1556661599,0.00002977,0.00003159,0.00002977,0.00003093,2022991.00000000
1556661600,1556665199,0.00003048,0.00003124,0.00002980,0.00002980,1179556.00000000
1556665200,1556668799,0.00002978,0.00003007,0.00002940,0.00003000,371870.00000000
1556668800,1556672399,0.00002995,0.00002996,0.00002995,0.00002996,54623.00000000
1556672400,1556675999,0.00002999,0.00003024,0.00002999,0.00003024,70113.00000000
1556676000,1556679599,0.00003024,0.00003024,0.00002971,0.00002971,125349.00000000
1556679600,1556683199,0.00003007,0.00003008,0.00003001,0.00003001,13669.00000000
1556683200,1556686799,0.00003000,0.00003026,0.00002979,0.00003026,41144.00000000
1556686800,1556690399,0.00003026,0.00003026,0.00002991,0.00002991,4739.00000000
1556690400,1556693999,0.00003019,0.00003042,0.00003017,0.00003042,507778.00000000
1556694000,1556697599,0.00003020,0.00003042,0.00003008,0.00003022,246050.00000000
1556697600,1556701199,0.00003037,0.00003064,0.00003036,0.00003036,91545.00000000
1556701200,1556704799,0.00003057,0.00003080,0.00003010,0.00003080,277542.00000000
1556704800,1556708399,0.00003060,0.00003077,0.00003059,0.00003059,24150.00000000
1556708400,1556711999,0.00003072,0.00003129,0.00003043,0.00003075,440951.00000000
1556712000,1556715599,0.00003075,0.00003116,0.00003067,0.00003081,76761.00000000
1556715600,1556719199,0.00003096,0.00003159,0.00003063,0.00003063,395973.00000000
1556719200,1556722799,0.00003076,0.00003095,0.00003053,0.00003095,112631.00000000
1556722800,1556726399,0.00003069,0.00003081,0.00003047,0.00003081,697709.00000000
1556726400,1556729999,0.00003081,0.00003102,0.00003069,0.00003098,32179.00000000
1556730000,1556733599,0.00003102,0.00003103,0.00003052,0.00003052,288747.00000000
1556733600,1556737199,0.00003052,0.00003056,0.00002993,0.00003004,829760.00000000
1556737200,1556740799,0.00003028,0.00003051,0.00003028,0.00003051,303019.00000000
1556740800,1556744399,0.00003052,0.00003052,0.00003031,0.00003047,110044.00000000
1556744400,1556747999,0.00003047,0.00003055,0.00003030,0.00003030,829024.00000000
1556748000,1556751599,0.00003030,0.00003030,0.00003030,0.00003030,0.00000000
1556751600,1556755199,0.00003013,0.00003013,0.00003001,0.00003009,11020.00000000
1556755200,1556758799,0.00003010,0.00003029,0.00003010,0.00003029,264718.00000000
1556758800,1556762399,0.00003029,0.00003034,0.00003029,0.00003034,11259.00000000
1556762400,1556765999,0.00003008,0.00003041,0.00003008,0.00003041,7309.00000000
1556766000,1556769599,0.00003035,0.00003035,0.00002992,0.00002995,175222.00000000
1556769600,1556773199,0.00003028,0.00003048,0.00003028,0.00003048,2911.00000000
1556773200,1556776799,0.00003019,0.00003046,0.00003019,0.00003046,6343.00000000
1556776800,1556780399,0.00003046,0.00003055,0.00003033,0.00003044,144696.00000000
1556780400,1556783999,0.00003047,0.00003053,0.00003047,0.00003047,43466.00000000
1556784000,1556787599,0.00003019,0.00003056,0.00003019,0.00003056,91666.00000000
1556787600,1556791199,0.00003056,0.00003067,0.00003030,0.00003033,74800.00000000
1556791200,1556794799,0.00003066,0.00003068,0.00003043,0.00003043,28151.00000000
1556794800,1556798399,0.00003045,0.00003067,0.00003044,0.00003067,120629.00000000
1556798400,1556801999,0.00003046,0.00003076,0.00003046,0.00003076,18978.00000000
1556802000,1556805599,0.00003079,0.00003125,0.00003079,0.00003096,88041.00000000
1556805600,1556809199,0.00003099,0.00003099,0.00003063,0.00003063,20869.00000000
1556809200,1556812799,0.00003055,0.00003071,0.00003013,0.00003037,19890.00000000
1556812800,1556816399,0.00003035,0.00003070,0.00003035,0.00003070,188766.00000000
1556816400,1556819999,0.00003070,0.00003070,0.00003070,0.00003070,0.00000000
1556820000,1556823599,0.00003070,0.00003070,0.00003070,0.00003070,6311.00000000
1556823600,1556827199,0.00003045,0.00003045,0.00003045,0.00003045,5005.00000000
1556827200,1556830799,0.00003045,0.00003045,0.00002995,0.00002999,204599.00000000
1556830800,1556834399,0.00003025,0.00003025,0.00003003,0.00003017,28001.00000000
1556834400,1556837999,0.00003017,0.00003017,0.00003017,0.00003017,22384.00000000
1556838000,1556841599,0.00003017,0.00003017,0.00003017,0.00003017,4572.00000000
1556841600,1556845199,0.00003038,0.00003052,0.00003038,0.00003052,40701.00000000
1556845200,1556848799,0.00003032,0.00003032,0.00003032,0.00003032,3326.00000000
1556848800,1556852399,0.00003055,0.00003066,0.00003037,0.00003037,109394.00000000
1556852400,1556855999,0.00003037,0.00003055,0.00003011,0.00003011,52568.00000000
1556856000,1556859599,0.00003009,0.00003009,0.00003000,0.00003002,228413.00000000
1556859600,1556863199,0.00003002,0.00003002,0.00003002,0.00003002,0.00000000
1556863200,1556866799,0.00002993,0.00002993,0.00002900,0.00002945,1087176.00000000
1556866800,1556870399,0.00002938,0.00002962,0.00002815,0.00002895,928169.00000000
1556870400,1556873999,0.00002854,0.00002913,0.00002854,0.00002854,323672.00000000
1556874000,1556877599,0.00002878,0.00002898,0.00002800,0.00002821,2346244.00000000
1556877600,1556881199,0.00002815,0.00002830,0.00002770,0.00002826,576329.00000000
1556881200,1556884799,0.00002793,0.00002857,0.00002793,0.00002816,269869.00000000
1556884800,1556888399,0.00002816,0.00002874,0.00002816,0.00002846,139549.00000000
1556888400,1556891999,0.00002851,0.00002877,0.00002851,0.00002864,17217.00000000
1556892000,1556895599,0.00002883,0.00002883,0.00002828,0.00002866,30974.00000000
1556895600,1556899199,0.00002858,0.00002860,0.00002858,0.00002860,8211.00000000
1556899200,1556902799,0.00002822,0.00002826,0.00002822,0.00002826,8777.00000000
1556902800,1556906399,0.00002839,0.00002904,0.00002839,0.00002900,145973.00000000
1556906400,1556909999,0.00002858,0.00002889,0.00002857,0.00002889,26889.00000000
1556910000,1556913599,0.00002865,0.00002865,0.00002865,0.00002865,16952.00000000
1556913600,1556917199,0.00002879,0.00002888,0.00002879,0.00002888,12114.00000000
1556917200,1556920799,0.00002857,0.00002883,0.00002855,0.00002855,5749.00000000
1556920800,1556924399,0.00002856,0.00002861,0.00002855,0.00002861,49639.00000000
1556924400,1556927999,0.00002853,0.00003011,0.00002853,0.00002866,368167.00000000
1556928000,1556931599,0.00002867,0.00002919,0.00002839,0.00002839,136339.00000000
1556931600,1556935199,0.00002867,0.00002867,0.00002823,0.00002825,72648.00000000
1556935200,1556938799,0.00002814,0.00002814,0.00002805,0.00002808,385419.00000000
1556938800,1556942399,0.00002808,0.00002813,0.00002805,0.00002805,276822.00000000
1556942400,1556945999,0.00002837,0.00002862,0.00002805,0.00002810,85721.00000000
1556946000,1556949599,0.00002810,0.00002839,0.00002807,0.00002839,35015.00000000
1556949600,1556953199,0.00002839,0.00002839,0.00002839,0.00002839,0.00000000
1556953200,1556956799,0.00002833,0.00002833,0.00002805,0.00002833,26328.00000000
1556956800,1556960399,0.00002806,0.00002839,0.00002806,0.00002839,8610.00000000
1556960400,1556963999,0.00002806,0.00002839,0.00002806,0.00002839,137548.00000000
1556964000,1556967599,0.00002839,0.00002839,0.00002812,0.00002812,111318.00000000
1556967600,1556971199,0.00002812,0.00002839,0.00002812,0.00002839,217502.00000000
1556971200,1556974799,0.00002822,0.00002836,0.00002805,0.00002805,311290.00000000
1556974800,1556978399,0.00002805,0.00002837,0.00002573,0.00002730,3092310.00000000
1556978400,1556981999,0.00002729,0.00002787,0.00002721,0.00002787,136038.00000000
1556982000,1556985599,0.00002787,0.00002787,0.00002751,0.00002755,27961.00000000
1556985600,1556989199,0.00002785,0.00002785,0.00002785,0.00002785,4523.00000000
1556989200,1556992799,0.00002785,0.00002816,0.00002768,0.00002816,277559.00000000
1556992800,1556996399,0.00002797,0.00002816,0.00002792,0.00002792,101195.00000000
1556996400,1556999999,0.00002793,0.00002793,0.00002788,0.00002788,2000.00000000
1557000000,1557003599,0.00002797,0.00002817,0.00002776,0.00002804,186987.00000000
1557003600,1557007199,0.00002787,0.00002818,0.00002720,0.00002720,152006.00000000
1557007200,1557010799,0.00002761,0.00002791,0.00002742,0.00002785,193790.00000000
1557010800,1557014399,0.00002792,0.00002792,0.00002775,0.00002775,32496.00000000
1557014400,1557017999,0.00002786,0.00002789,0.00002733,0.00002789,195894.00000000
1557018000,1557021599,0.00002788,0.00002789,0.00002763,0.00002763,42597.00000000
1557021600,1557025199,0.00002764,0.00002769,0.00002715,0.00002758,812209.00000000
1557025200,1557028799,0.00002747,0.00002750,0.00002733,0.00002740,149608.00000000
1557028800,1557032399,0.00002728,0.00002753,0.00002720,0.00002753,166579.00000000
1557032400,1557035999,0.00002749,0.00002749,0.00002749,0.00002749,395.00000000
1557036000,1557039599,0.00002734,0.00002760,0.00002734,0.00002749,226600.00000000
1557039600,1557043199,0.00002751,0.00002779,0.00002737,0.00002740,335345.00000000
1557043200,1557046799,0.00002740,0.00002775,0.00002740,0.00002775,80676.00000000
1557046800,1557050399,0.00002728,0.00002730,0.00002728,0.00002730,13188.00000000
1557050400,1557053999,0.00002750,0.00002777,0.00002750,0.00002762,383734.00000000
1557054000,1557057599,0.00002751,0.00002773,0.00002707,0.00002765,58365.00000000
1557057600,1557061199,0.00002765,0.00002765,0.00002765,0.00002765,5475.00000000
1557061200,1557064799,0.00002747,0.00002747,0.00002747,0.00002747,11867.00000000
1557064800,1557068399,0.00002723,0.00002822,0.00002723,0.00002803,697364.00000000
1557068400,1557071999,0.00002782,0.00002797,0.00002782,0.00002797,12970.00000000
1557072000,1557075599,0.00002781,0.00002816,0.00002771,0.00002794,438354.00000000
1557075600,1557079199,0.00002794,0.00002818,0.00002775,0.00002808,16224.00000000
1557079200,1557082799,0.00002762,0.00002792,0.00002751,0.00002792,420549.00000000
1557082800,1557086399,0.00002771,0.00002771,0.00002748,0.00002748,13689.00000000
1557086400,1557089999,0.00002752,0.00002752,0.00002734,0.00002750,16415.00000000
1557090000,1557093599,0.00002725,0.00002750,0.00002725,0.00002750,10381.00000000
1557093600,1557097199,0.00002750,0.00002750,0.00002729,0.00002749,63314.00000000
1557097200,1557100799,0.00002749,0.00002749,0.00002723,0.00002723,18123.00000000
1557100800,1557104399,0.00002748,0.00002748,0.00002748,0.00002748,80000.00000000
1557104400,1557107999,0.00002730,0.00002744,0.00002691,0.00002704,309750.00000000
1557108000,1557111599,0.00002695,0.00002714,0.00002691,0.00002714,114290.00000000
1557111600,1557115199,0.00002684,0.00002710,0.00002651,0.00002706,231315.00000000
1557115200,1557118799,0.00002680,0.00002712,0.00002680,0.00002712,122927.00000000
1557118800,1557122399,0.00002712,0.00002739,0.00002707,0.00002739,109757.00000000
1557122400,1557125999,0.00002708,0.00002739,0.00002705,0.00002705,108890.00000000
1557126000,1557129599,0.00002705,0.00002727,0.00002666,0.00002670,233395.00000000
1557129600,1557133199,0.00002647,0.00002703,0.00002605,0.00002689,596868.00000000
1557133200,1557136799,0.00002695,0.00002696,0.00002659,0.00002672,476004.00000000
1557136800,1557140399,0.00002692,0.00002706,0.00002692,0.00002706,26848.00000000
1557140400,1557143999,0.00002700,0.00002700,0.00002670,0.00002670,28823.00000000
1557144000,1557147599,0.00002670,0.00002688,0.00002658,0.00002688,140645.00000000
1557147600,1557151199,0.00002687,0.00002687,0.00002687,0.00002687,3121.00000000
1557151200,1557154799,0.00002662,0.00002662,0.00002650,0.00002650,548585.00000000
1557154800,1557158399,0.00002642,0.00002672,0.00002511,0.00002579,946920.00000000
1557158400,1557161999,0.00002576,0.00002576,0.00002500,0.00002511,345542.00000000
1557162000,1557165599,0.00002523,0.00002644,0.00002523,0.00002528,175383.00000000
1557165600,1557169199,0.00002533,0.00002537,0.00002533,0.00002537,288050.00000000
1557169200,1557172799,0.00002570,0.00002580,0.00002536,0.00002580,16726.00000000
1557172800,1557176399,0.00002544,0.00002544,0.00002538,0.00002538,4681.00000000
1557176400,1557179999,0.00002566,0.00002566,0.00002528,0.00002536,59480.00000000
1557180000,1557183599,0.00002533,0.00002597,0.00002533,0.00002572,152850.00000000
1557183600,1557187199,0.00002593,0.00002663,0.00002585,0.00002585,55328.00000000
1557187200,1557190799,0.00002611,0.00002611,0.00002500,0.00002500,339265.00000000
1557190800,1557194399,0.00002500,0.00002635,0.00002500,0.00002560,121437.00000000
1557194400,1557197999,0.00002547,0.00002584,0.00002541,0.00002583,52287.00000000
1557198000,1557201599,0.00002561,0.00002592,0.00002546,0.00002554,165729.00000000
1557201600,1557205199,0.00002521,0.00002549,0.00002473,0.00002514,613576.00000000
1557205200,1557208799,0.00002509,0.00002516,0.00002433,0.00002437,1006671.00000000
1557208800,1557212399,0.00002453,0.00002476,0.00002360,0.00002382,1148329.00000000
1557212400,1557215999,0.00002405,0.00002436,0.00002383,0.00002436,631078.00000000
1557216000,1557219599,0.00002405,0.00002435,0.00002405,0.00002409,31688.00000000
1557219600,1557223199,0.00002435,0.00002439,0.00002403,0.00002409,18446.00000000
1557223200,1557226799,0.00002400,0.00002400,0.00002400,0.00002400,1513.00000000
1557226800,1557230399,0.00002437,0.00002439,0.00002434,0.00002435,51449.00000000
1557230400,1557233999,0.00002420,0.00002446,0.00002420,0.00002446,448621.00000000
1557234000,1557237599,0.00002415,0.00002417,0.00002390,0.00002411,560720.00000000
1557237600,1557241199,0.00002409,0.00002459,0.00002409,0.00002450,441193.00000000
1557241200,1557244799,0.00002434,0.00002460,0.00002421,0.00002430,105952.00000000
1557244800,1557248399,0.00002458,0.00002470,0.00002423,0.00002448,1340039.00000000
1557248400,1557251999,0.00002417,0.00002434,0.00002417,0.00002434,45070.00000000
1557252000,1557255599,0.00002437,0.00002447,0.00002405,0.00002424,59681.00000000
1557255600,1557259199,0.00002440,0.00002449,0.00002417,0.00002417,226996.00000000
1557259200,1557262799,0.00002477,0.00002477,0.00002401,0.00002431,647762.00000000
1557262800,1557266399,0.00002431,0.00002490,0.00002398,0.00002490,356964.00000000
1557266400,1557269999,0.00002436,0.00002436,0.00002426,0.00002434,13839.00000000
1557270000,1557273599,0.00002422,0.00002444,0.00002405,0.00002436,223710.00000000
1557273600,1557277199,0.00002425,0.00002440,0.00002380,0.00002438,603003.00000000
1557277200,1557280799,0.00002411,0.00002435,0.00002384,0.00002390,441770.00000000
1557280800,1557284399,0.00002429,0.00002429,0.00002371,0.00002371,315369.00000000
1557284400,1557287999,0.00002380,0.00002380,0.00002332,0.00002333,273332.00000000
1557288000,1557291599,0.00002332,0.00002397,0.00002332,0.00002397,213982.00000000
1557291600,1557295199,0.00002421,0.00002422,0.00002377,0.00002392,226272.00000000
1557295200,1557298799,0.00002404,0.00002427,0.00002381,0.00002422,84991.00000000
1557298800,1557302399,0.00002386,0.00002404,0.00002350,0.00002355,70600.00000000
1557302400,1557305999,0.00002387,0.00002389,0.00002359,0.00002388,38048.00000000
1557306000,1557309599,0.00002385,0.00002478,0.00002367,0.00002420,207946.00000000
1557309600,1557313199,0.00002415,0.00002415,0.00002364,0.00002395,85786.00000000
1557313200,1557316799,0.00002382,0.00002382,0.00002370,0.00002370,152477.00000000
1557316800,1557320399,0.00002382,0.00002389,0.00002347,0.00002352,136224.00000000
1557320400,1557323999,0.00002356,0.00002385,0.00002356,0.00002385,10963.00000000
1557324000,1557327599,0.00002364,0.00002377,0.00002356,0.00002376,66740.00000000
1557327600,1557331199,0.00002350,0.00002350,0.00002346,0.00002346,8637.00000000
1557331200,1557334799,0.00002346,0.00002373,0.00002318,0.00002373,32119.00000000
1557334800,1557338399,0.00002329,0.00002373,0.00002318,0.00002319,209481.00000000
1557338400,1557341999,0.00002320,0.00002373,0.00002320,0.00002373,42064.00000000
1557342000,1557345599,0.00002345,0.00002345,0.00002345,0.00002345,6660.00000000
1557345600,1557349199,0.00002345,0.00002395,0.00002345,0.00002370,399001.00000000
1557349200,1557352799,0.00002370,0.00002395,0.00002369,0.00002394,45351.00000000
1557352800,1557356399,0.00002402,0.00002402,0.00002372,0.00002372,6832.00000000
1557356400,1557359999,0.00002347,0.00002347,0.00002345,0.00002345,24968.00000000
1557360000,1557363599,0.00002349,0.00002375,0.00002302,0.00002324,424647.00000000
1557363600,1557367199,0.00002311,0.00002367,0.00002220,0.00002254,463950.00000000
1557367200,1557370799,0.00002284,0.00002284,0.00002254,0.00002255,144345.00000000
1557370800,1557374399,0.00002257,0.00002459,0.00002232,0.00002234,1256432.00000000
1557374400,1557377999,0.00002262,0.00002282,0.00002234,0.00002256,148412.00000000
1557378000,1557381599,0.00002269,0.00002297,0.00002269,0.00002297,213966.00000000
1557381600,1557385199,0.00002296,0.00002303,0.00002234,0.00002258,207618.00000000
1557385200,1557388799,0.00002258,0.00002286,0.00002234,0.00002234,53644.00000000
1557388800,1557392399,0.00002233,0.00002233,0.00002223,0.00002223,51424.00000000
1557392400,1557395999,0.00002218,0.00002224,0.00002211,0.00002224,108923.00000000
1557396000,1557399599,0.00002206,0.00002214,0.00002177,0.00002214,185553.00000000
1557399600,1557403199,0.00002191,0.00002205,0.00002190,0.00002190,74807.00000000
1557403200,1557406799,0.00002200,0.00002236,0.00002200,0.00002223,125616.00000000
1557406800,1557410399,0.00002203,0.00002214,0.00002189,0.00002213,27253.00000000
1557410400,1557413999,0.00002209,0.00002234,0.00002197,0.00002222,231204.00000000
1557414000,1557417599,0.00002209,0.00002214,0.00002185,0.00002190,87785.00000000
1557417600,1557421199,0.00002193,0.00002219,0.00002111,0.00002169,400761.00000000
1557421200,1557424799,0.00002168,0.00002169,0.00002121,0.00002147,273013.00000000
1557424800,1557428399,0.00002150,0.00002168,0.00002112,0.00002133,92056.00000000
1557428400,1557431999,0.00002135,0.00002135,0.00002134,0.00002134,17767.00000000
1557432000,1557435599,0.00002150,0.00002177,0.00002133,0.00002133,258880.00000000
1557435600,1557439199,0.00002140,0.00002200,0.00002140,0.00002200,164720.00000000
1557439200,1557442799,0.00002206,0.00002221,0.00002174,0.00002175,200228.00000000
1557442800,1557446399,0.00002166,0.00002221,0.00002166,0.00002176,148337.00000000
1557446400,1557449999,0.00002175,0.00002216,0.00002175,0.00002216,24434.00000000
1557450000,1557453599,0.00002215,0.00002217,0.00002215,0.00002217,3795.00000000
1557453600,1557457199,0.00002217,0.00002217,0.00002138,0.00002156,125181.00000000
1557457200,1557460799,0.00002158,0.00002176,0.00002137,0.00002138,347126.00000000
1557460800,1557464399,0.00002138,0.00002179,0.00002072,0.00002158,864372.00000000
1557464400,1557467999,0.00002179,0.00002212,0.00002178,0.00002179,241947.00000000
1557468000,1557471599,0.00002216,0.00002281,0.00002172,0.00002172,435173.00000000
1557471600,1557475199,0.00002203,0.00002204,0.00002168,0.00002170,419980.00000000
1557475200,1557478799,0.00002170,0.00002171,0.00002132,0.00002171,513565.00000000
1557478800,1557482399,0.00002172,0.00002237,0.00002172,0.00002195,250051.00000000
1557482400,1557485999,0.00002207,0.00002246,0.00002207,0.00002246,28811.00000000
1557486000,1557489599,0.00002246,0.00002270,0.00002224,0.00002260,227286.00000000
1557489600,1557493199,0.00002254,0.00002284,0.00002253,0.00002258,135608.00000000
1557493200,1557496799,0.00002271,0.00002296,0.00002251,0.00002271,35700.00000000
1557496800,1557500399,0.00002299,0.00002409,0.00002299,0.00002340,502570.00000000
1557500400,1557503999,0.00002342,0.00002426,0.00002342,0.00002378,61019.00000000
1557504000,1557507599,0.00002353,0.00002380,0.00002266,0.00002285,589869.00000000
1557507600,1557511199,0.00002262,0.00002262,0.00002228,0.00002250,260597.00000000
1557511200,1557514799,0.00002228,0.00002286,0.00002228,0.00002277,819983.00000000
1557514800,1557518399,0.00002275,0.00002279,0.00002275,0.00002275,73388.00000000
1557518400,1557521999,0.00002280,0.00002296,0.00002280,0.00002296,75115.00000000
1557522000,1557525599,0.00002310,0.00002310,0.00002281,0.00002282,45154.00000000
1557525600,1557529199,0.00002316,0.00002316,0.00002316,0.00002316,567.00000000
1557529200,1557532799,0.00002313,0.00002361,0.00002313,0.00002325,22226.00000000
1557532800,1557536399,0.00002325,0.00002325,0.00002325,0.00002325,0.00000000
1557536400,1557539999,0.00002326,0.00002327,0.00002308,0.00002327,57267.00000000
1557540000,1557543599,0.00002308,0.00002327,0.00002255,0.00002255,84606.00000000
1557543600,1557547199,0.00002275,0.00002276,0.00002245,0.00002246,222422.00000000
1557547200,1557550799,0.00002235,0.00002317,0.00002220,0.00002288,204142.00000000
1557550800,1557554399,0.00002275,0.00002277,0.00002254,0.00002255,14155.00000000
1557554400,1557557999,0.00002274,0.00002311,0.00002206,0.00002224,604060.00000000
1557558000,1557561599,0.00002202,0.00002275,0.00002194,0.00002229,94237.00000000
1557561600,1557565199,0.00002231,0.00002237,0.00002182,0.00002214,187904.00000000
1557565200,1557568799,0.00002194,0.00002247,0.00002192,0.00002247,91464.00000000
1557568800,1557572399,0.00002223,0.00002223,0.00002144,0.00002181,108130.00000000
1557572400,1557575999,0.00002192,0.00002195,0.00002181,0.00002181,7938.00000000
1557576000,1557579599,0.00002181,0.00002213,0.00002181,0.00002213,32330.00000000
1557579600,1557583199,0.00002213,0.00002223,0.00002184,0.00002206,87062.00000000
1557583200,1557586799,0.00002205,0.00002206,0.00002184,0.00002184,14981.00000000
1557586800,1557590399,0.00002175,0.00002184,0.00002165,0.00002177,246793.00000000
1557590400,1557593999,0.00002177,0.00002224,0.00002171,0.00002176,264139.00000000
1557594000,1557597599,0.00002194,0.00002195,0.00002158,0.00002189,63406.00000000
1557597600,1557601199,0.00002177,0.00002208,0.00002161,0.00002172,68320.00000000
1557601200,1557604799,0.00002201,0.00002224,0.00002176,0.00002188,32151.00000000
1557604800,1557608399,0.00002190,0.00002214,0.00002189,0.00002214,84733.00000000
1557608400,1557611999,0.00002195,0.00002195,0.00002169,0.00002169,350997.00000000
1557612000,1557615599,0.00002194,0.00002233,0.00002133,0.00002164,479246.00000000
1557615600,1557619199,0.00002144,0.00002207,0.00002077,0.00002161,1242925.00000000
1557619200,1557622799,0.00002208,0.00002213,0.00002193,0.00002193,59974.00000000
1557622800,1557626399,0.00002206,0.00002219,0.00002191,0.00002195,173009.00000000
1557626400,1557629999,0.00002198,0.00002200,0.00002185,0.00002200,43281.00000000
1557630000,1557633599,0.00002199,0.00002218,0.00002199,0.00002206,201254.00000000
1557633600,1557637199,0.00002211,0.00002219,0.00002192,0.00002219,98102.00000000
1557637200,1557640799,0.00002219,0.00002219,0.00002219,0.00002219,0.00000000
1557640800,1557644399,0.00002216,0.00002216,0.00002195,0.00002195,290345.00000000
1557644400,1557647999,0.00002210,0.00002211,0.00002142,0.00002174,230023.00000000
1557648000,1557651599,0.00002156,0.00002243,0.00002156,0.00002243,701815.00000000
1557651600,1557655199,0.00002232,0.00002320,0.00002193,0.00002313,125006.00000000
1557655200,1557658799,0.00002270,0.00002299,0.00002212,0.00002270,309017.00000000
1557658800,1557662399,0.00002239,0.00002269,0.00002185,0.00002209,332262.00000000
1557662400,1557665999,0.00002214,0.00002241,0.00002165,0.00002241,357543.00000000
1557666000,1557669599,0.00002248,0.00002270,0.00002224,0.00002269,258389.00000000
1557669600,1557673199,0.00002253,0.00002269,0.00002214,0.00002247,147061.00000000
1557673200,1557676799,0.00002257,0.00002386,0.00002257,0.00002292,873148.00000000
1557676800,1557680399,0.00002300,0.00002400,0.00002278,0.00002296,258390.00000000
1557680400,1557683999,0.00002335,0.00002345,0.00002288,0.00002289,189278.00000000
1557684000,1557687599,0.00002289,0.00002289,0.00002270,0.00002270,34146.00000000
1557687600,1557691199,0.00002246,0.00002246,0.00002237,0.00002237,6914.00000000
1557691200,1557694799,0.00002276,0.00002283,0.00002244,0.00002260,34038.00000000
1557694800,1557698399,0.00002239,0.00002239,0.00002235,0.00002235,2224.00000000
1557698400,1557701999,0.00002289,0.00002290,0.00002225,0.00002225,157720.00000000
1557702000,1557705599,0.00002236,0.00002236,0.00002223,0.00002224,10691.00000000
1557705600,1557709199,0.00002211,0.00002262,0.00002183,0.00002207,17960.00000000
1557709200,1557712799,0.00002225,0.00002225,0.00002225,0.00002225,2267.00000000
1557712800,1557716399,0.00002206,0.00002210,0.00002177,0.00002194,93153.00000000
1557716400,1557719999,0.00002228,0.00002230,0.00002187,0.00002208,321726.00000000
1557720000,1557723599,0.00002208,0.00002220,0.00002160,0.00002160,69265.00000000
1557723600,1557727199,0.00002198,0.00002286,0.00002198,0.00002262,506163.00000000
1557727200,1557730799,0.00002260,0.00002298,0.00002260,0.00002298,55194.00000000
1557730800,1557734399,0.00002292,0.00002350,0.00002292,0.00002320,286646.00000000
1557734400,1557737999,0.00002302,0.00002350,0.00002302,0.00002318,196069.00000000
1557738000,1557741599,0.00002346,0.00002351,0.00002319,0.00002324,127940.00000000
1557741600,1557745199,0.00002306,0.00002398,0.00002293,0.00002364,280176.00000000
1557745200,1557748799,0.00002364,0.00002418,0.00002331,0.00002331,984780.00000000
1557748800,1557752399,0.00002336,0.00002342,0.00002280,0.00002342,256957.00000000
1557752400,1557755999,0.00002308,0.00002352,0.00002307,0.00002352,49252.00000000
1557756000,1557759599,0.00002326,0.00002369,0.00002321,0.00002321,88733.00000000
1557759600,1557763199,0.00002320,0.00002337,0.00002200,0.00002221,396042.00000000
1557763200,1557766799,0.00002201,0.00002215,0.00002104,0.00002133,958142.00000000
1557766800,1557770399,0.00002168,0.00002243,0.00002157,0.00002243,839006.00000000
1557770400,1557773999,0.00002241,0.00002242,0.00002120,0.00002184,869281.00000000
1557774000,1557777599,0.00002187,0.00002205,0.00002178,0.00002205,169249.00000000
1557777600,1557781199,0.00002193,0.00002234,0.00002193,0.00002234,113662.00000000
1557781200,1557784799,0.00002202,0.00002222,0.00002139,0.00002168,519538.00000000
1557784800,1557788399,0.00002139,0.00002200,0.00002130,0.00002200,2041462.00000000
1557788400,1557791999,0.00002198,0.00002244,0.00002173,0.00002244,561669.00000000
1557792000,1557795599,0.00002243,0.00002253,0.00002166,0.00002221,297913.00000000
1557795600,1557799199,0.00002220,0.00002220,0.00002166,0.00002200,104255.00000000
1557799200,1557802799,0.00002155,0.00002229,0.00002116,0.00002133,710539.00000000
1557802800,1557806399,0.00002133,0.00002165,0.00002112,0.00002165,86542.00000000
1557806400,1557809999,0.00002143,0.00002143,0.00002128,0.00002129,74077.00000000
1557810000,1557813599,0.00002125,0.00002144,0.00002079,0.00002144,223628.00000000
1557813600,1557817199,0.00002141,0.00002290,0.00002141,0.00002168,325494.00000000
1557817200,1557820799,0.00002158,0.00002190,0.00002104,0.00002104,1267870.00000000
1557820800,1557824399,0.00002130,0.00002187,0.00002090,0.00002149,326317.00000000
1557824400,1557827999,0.00002147,0.00002150,0.00002147,0.00002149,510344.00000000
1557828000,1557831599,0.00002149,0.00002188,0.00002128,0.00002128,1437241.00000000
1557831600,1557835199,0.00002145,0.00002145,0.00002125,0.00002125,38393.00000000
1557835200,1557838799,0.00002118,0.00002118,0.00002071,0.00002095,304885.00000000
1557838800,1557842399,0.00002097,0.00002117,0.00002073,0.00002090,548952.00000000
1557842400,1557845999,0.00002090,0.00002126,0.00002062,0.00002096,234638.00000000
1557846000,1557849599,0.00002096,0.00002174,0.00002096,0.00002174,161787.00000000
1557849600,1557853199,0.00002180,0.00002203,0.00002153,0.00002197,105483.00000000
1557853200,1557856799,0.00002192,0.00002192,0.00002157,0.00002171,39050.00000000
1557856800,1557860399,0.00002169,0.00002171,0.00002153,0.00002168,21712.00000000
1557860400,1557863999,0.00002168,0.00002345,0.00002153,0.00002188,1156116.00000000
1557864000,1557867599,0.00002204,0.00002275,0.00002184,0.00002184,1276798.00000000
1557867600,1557871199,0.00002201,0.00002265,0.00002190,0.00002190,514492.00000000
1557871200,1557874799,0.00002188,0.00002206,0.00002155,0.00002185,743808.00000000
1557874800,1557878399,0.00002166,0.00002171,0.00002103,0.00002139,383152.00000000
1557878400,1557881999,0.00002124,0.00002124,0.00002076,0.00002092,239144.00000000
1557882000,1557885599,0.00002088,0.00002101,0.00002048,0.00002087,185151.00000000
1557885600,1557889199,0.00002096,0.00002112,0.00002046,0.00002084,458864.00000000
1557925200,1557928799,0.00002074,0.00002110,0.00002009,0.00002084,3184343.00000000
1557928800,1557932399,0.00002099,0.00002310,0.00002081,0.00002269,2723742.00000000
1557932400,1557935999,0.00002241,0.00002287,0.00002145,0.00002149,821874.00000000
1557936000,1557939599,0.00002136,0.00002136,0.00002049,0.00002132,578790.00000000
1557939600,1557943199,0.00002133,0.00002152,0.00002099,0.00002112,475821.00000000
1557943200,1557946799,0.00002113,0.00002118,0.00002101,0.00002106,523296.00000000
1557946800,1557950399,0.00002101,0.00002107,0.00002046,0.00002084,811785.00000000
1557950400,1557953999,0.00002101,0.00002161,0.00002098,0.00002145,580029.00000000
1557954000,1557957599,0.00002160,0.00002220,0.00002152,0.00002161,212576.00000000
1557957600,1557961199,0.00002167,0.00002191,0.00002130,0.00002140,675116.00000000
1557961200,1557964799,0.00002121,0.00002152,0.00002118,0.00002152,1013671.00000000
1557964800,1557968399,0.00002135,0.00002135,0.00002040,0.00002040,518896.00000000
1557968400,1557971999,0.00002043,0.00002065,0.00002000,0.00002051,815201.00000000
1557972000,1557975599,0.00002031,0.00002163,0.00002021,0.00002113,662516.00000000
1557975600,1557979199,0.00002113,0.00002895,0.00002113,0.00002414,8738471.00000000
1557979200,1557982799,0.00002414,0.00002497,0.00002290,0.00002328,2493183.00000000
1557982800,1557986399,0.00002332,0.00002559,0.00002328,0.00002421,5000680.00000000
1557986400,1557989999,0.00002426,0.00002433,0.00002137,0.00002291,5614281.00000000
1557990000,1557993599,0.00002271,0.00002336,0.00002249,0.00002286,859931.00000000
1557993600,1557997199,0.00002290,0.00002310,0.00002274,0.00002292,792187.00000000
1557997200,1558000799,0.00002292,0.00002292,0.00002244,0.00002244,516815.00000000
1558000800,1558004399,0.00002266,0.00002293,0.00002182,0.00002227,2317730.00000000
1558004400,1558007999,0.00002228,0.00002310,0.00002209,0.00002274,2030531.00000000
1558008000,1558011599,0.00002258,0.00002440,0.00002257,0.00002277,2679448.00000000
1558011600,1558015199,0.00002277,0.00002350,0.00002267,0.00002350,442764.00000000
1558015200,1558018799,0.00002357,0.00002375,0.00002241,0.00002243,451301.00000000
1558018800,1558022399,0.00002250,0.00002305,0.00002200,0.00002200,653200.00000000
1558022400,1558025999,0.00002193,0.00002287,0.00002182,0.00002241,1270891.00000000
1558026000,1558029599,0.00002253,0.00002257,0.00002191,0.00002240,804978.00000000
1558029600,1558033199,0.00002224,0.00002268,0.00002166,0.00002223,469935.00000000
1558033200,1558036799,0.00002206,0.00002256,0.00002206,0.00002212,87250.00000000
1558036800,1558040399,0.00002208,0.00002474,0.00002206,0.00002310,1931688.00000000
1558040400,1558043999,0.00002293,0.00002299,0.00002193,0.00002223,574952.00000000
1558044000,1558047599,0.00002223,0.00002279,0.00002196,0.00002275,597654.00000000
1558047600,1558051199,0.00002258,0.00002469,0.00002225,0.00002260,1671573.00000000
1558051200,1558054799,0.00002291,0.00002322,0.00002223,0.00002241,873904.00000000
1558054800,1558058399,0.00002231,0.00002420,0.00002230,0.00002310,1900718.00000000
1558058400,1558061999,0.00002294,0.00002328,0.00002090,0.00002145,3019247.00000000
1558062000,1558065599,0.00002145,0.00002328,0.00002067,0.00002188,2498545.00000000
1558065600,1558069199,0.00002171,0.00002188,0.00002051,0.00002077,2170328.00000000
1558069200,1558072799,0.00002083,0.00002186,0.00002057,0.00002124,1165791.00000000
1558072800,1558076399,0.00002131,0.00002188,0.00002075,0.00002100,1480946.00000000
1558076400,1558079999,0.00002100,0.00002121,0.00002066,0.00002089,1176277.00000000
1558080000,1558083599,0.00002093,0.00002096,0.00002050,0.00002075,661223.00000000
1558083600,1558087199,0.00002078,0.00002093,0.00002059,0.00002093,882566.00000000
1558087200,1558090799,0.00002093,0.00002108,0.00002066,0.00002108,319406.00000000
1558090800,1558094399,0.00002108,0.00002223,0.00002080,0.00002138,946652.00000000
1558094400,1558097999,0.00002145,0.00002153,0.00002038,0.00002089,1969251.00000000
1558098000,1558101599,0.00002101,0.00002169,0.00002101,0.00002129,1097135.00000000
1558101600,1558105199,0.00002152,0.00002185,0.00002152,0.00002160,470614.00000000
1558105200,1558108799,0.00002183,0.00002201,0.00002124,0.00002153,1151743.00000000
1558108800,1558112399,0.00002137,0.00002188,0.00002108,0.00002171,473596.00000000
1558112400,1558115999,0.00002184,0.00002241,0.00002174,0.00002206,441457.00000000
1558116000,1558119599,0.00002195,0.00002195,0.00002131,0.00002133,402680.00000000
1558119600,1558123199,0.00002132,0.00002145,0.00002109,0.00002130,383070.00000000
1558123200,1558126799,0.00002131,0.00002187,0.00002122,0.00002187,676631.00000000
1558126800,1558130399,0.00002174,0.00002241,0.00002145,0.00002199,1041296.00000000
1558130400,1558133999,0.00002206,0.00002231,0.00002188,0.00002195,154845.00000000
1558134000,1558137599,0.00002212,0.00002214,0.00002067,0.00002086,866323.00000000
1558137600,1558141199,0.00002101,0.00002146,0.00002101,0.00002146,590878.00000000
1558141200,1558144799,0.00002139,0.00002164,0.00002138,0.00002156,344740.00000000
1558144800,1558148399,0.00002170,0.00002204,0.00002170,0.00002204,32020.00000000
1558148400,1558151999,0.00002177,0.00002225,0.00002175,0.00002201,272101.00000000
1558152000,1558155599,0.00002206,0.00002234,0.00002188,0.00002223,135879.00000000
1558155600,1558159199,0.00002223,0.00002223,0.00002180,0.00002201,229946.00000000
1558159200,1558162799,0.00002201,0.00002201,0.00002192,0.00002192,6386.00000000
1558162800,1558166399,0.00002192,0.00002192,0.00002157,0.00002188,93273.00000000
1558166400,1558169999,0.00002188,0.00002188,0.00002159,0.00002188,42528.00000000
1558170000,1558173599,0.00002200,0.00002200,0.00002150,0.00002153,573696.00000000
1558173600,1558177199,0.00002146,0.00002146,0.00002146,0.00002146,6000.00000000
1558177200,1558180799,0.00002147,0.00002165,0.00002138,0.00002165,173221.00000000
1558180800,1558184399,0.00002171,0.00002188,0.00002138,0.00002172,634391.00000000
1558184400,1558187999,0.00002193,0.00002310,0.00002192,0.00002241,1706884.00000000
1558188000,1558191599,0.00002248,0.00002277,0.00002222,0.00002222,303770.00000000
1558191600,1558195199,0.00002222,0.00002249,0.00002194,0.00002194,339402.00000000
1558195200,1558198799,0.00002194,0.00002235,0.00002150,0.00002235,738779.00000000
1558198800,1558202399,0.00002226,0.00002263,0.00002206,0.00002263,264167.00000000
1558202400,1558205999,0.00002242,0.00002265,0.00002233,0.00002233,64838.00000000
1558206000,1558209599,0.00002233,0.00002277,0.00002233,0.00002242,398978.00000000
1558209600,1558213199,0.00002245,0.00002264,0.00002225,0.00002244,302135.00000000
1558213200,1558216799,0.00002223,0.00002242,0.00002223,0.00002223,15520.00000000
1558216800,1558220399,0.00002210,0.00002253,0.00002210,0.00002251,382051.00000000
1558220400,1558223999,0.00002251,0.00002251,0.00002198,0.00002198,50338.00000000
1558224000,1558227599,0.00002223,0.00002239,0.00002216,0.00002216,32483.00000000
1558227600,1558231199,0.00002216,0.00002223,0.00002178,0.00002178,591781.00000000
1558231200,1558234799,0.00002175,0.00002195,0.00002122,0.00002136,1324732.00000000
1558234800,1558238399,0.00002132,0.00002138,0.00002022,0.00002084,882946.00000000
1558238400,1558241999,0.00002066,0.00002091,0.00002031,0.00002073,693956.00000000
1558242000,1558245599,0.00002050,0.00002066,0.00002048,0.00002066,81329.00000000
1558245600,1558249199,0.00002079,0.00002127,0.00002059,0.00002072,417558.00000000
1558249200,1558252799,0.00002089,0.00002098,0.00002064,0.00002098,170970.00000000
1558252800,1558256399,0.00002101,0.00002101,0.00002060,0.00002060,151205.00000000
1558256400,1558259999,0.00002083,0.00002093,0.00002063,0.00002080,71006.00000000
1558260000,1558263599,0.00002062,0.00002067,0.00002000,0.00002000,820571.00000000
1558263600,1558267199,0.00002030,0.00002099,0.00002003,0.00002076,454003.00000000
1558267200,1558270799,0.00002070,0.00002101,0.00002029,0.00002044,624634.00000000
1558270800,1558274399,0.00002042,0.00002380,0.00001955,0.00002177,5429584.00000000
1558274400,1558277999,0.00002153,0.00002154,0.00002101,0.00002138,330389.00000000
1558278000,1558281599,0.00002136,0.00002144,0.00002090,0.00002105,459092.00000000
1558281600,1558285199,0.00002089,0.00002111,0.00002089,0.00002111,89675.00000000
1558285200,1558288799,0.00002118,0.00002118,0.00002118,0.00002118,530.00000000
1558288800,1558292399,0.00002109,0.00002109,0.00002109,0.00002109,948.00000000
1558292400,1558295999,0.00002109,0.00002109,0.00002068,0.00002105,94612.00000000
1558296000,1558299599,0.00002114,0.00002114,0.00002086,0.00002112,16213.00000000
1558299600,1558303199,0.00002085,0.00002085,0.00002051,0.00002051,694237.00000000
1558303200,1558306799,0.00002051,0.00002073,0.00002030,0.00002039,535041.00000000
1558306800,1558310399,0.00002064,0.00002064,0.00002026,0.00002060,246236.00000000
1558310400,1558313999,0.00002066,0.00002101,0.00002066,0.00002067,18410.00000000
1558314000,1558317599,0.00002066,0.00002084,0.00002063,0.00002084,34186.00000000
1558317600,1558321199,0.00002078,0.00002111,0.00002073,0.00002111,31838.00000000
1558321200,1558324799,0.00002112,0.00002112,0.00002046,0.00002046,241390.00000000
1558324800,1558328399,0.00002061,0.00002114,0.00002035,0.00002084,769578.00000000
1558328400,1558331999,0.00002084,0.00002150,0.00002084,0.00002110,681359.00000000
1558332000,1558335599,0.00002094,0.00002107,0.00002060,0.00002107,172153.00000000
1558335600,1558339199,0.00002074,0.00002107,0.00002074,0.00002100,325973.00000000
1558339200,1558342799,0.00002089,0.00002103,0.00002074,0.00002085,30290.00000000
1558342800,1558346399,0.00002099,0.00002230,0.00002092,0.00002158,2855986.00000000
1558346400,1558349999,0.00002152,0.00002180,0.00002120,0.00002148,432752.00000000
1558350000,1558353599,0.00002148,0.00002235,0.00002148,0.00002193,245011.00000000
1558353600,1558357199,0.00002190,0.00002190,0.00002138,0.00002138,157099.00000000
1558357200,1558360799,0.00002124,0.00002166,0.00002124,0.00002148,329869.00000000
1558360800,1558364399,0.00002174,0.00002190,0.00002168,0.00002190,32029.00000000
1558364400,1558367999,0.00002184,0.00002193,0.00002170,0.00002170,335842.00000000
1558368000,1558371599,0.00002179,0.00002179,0.00002135,0.00002170,440677.00000000
1558371600,1558375199,0.00002177,0.00002177,0.00002144,0.00002158,17639.00000000
1558375200,1558378799,0.00002133,0.00002153,0.00002117,0.00002117,245801.00000000
1558378800,1558382399,0.00002117,0.00002157,0.00002117,0.00002134,494027.00000000
1558382400,1558385999,0.00002148,0.00002173,0.00002148,0.00002153,314042.00000000
1558386000,1558389599,0.00002132,0.00002154,0.00002132,0.00002141,84511.00000000
1558389600,1558393199,0.00002132,0.00002132,0.00002100,0.00002122,148657.00000000
1558393200,1558396799,0.00002103,0.00002115,0.00002098,0.00002098,36625.00000000
1558396800,1558400399,0.00002111,0.00002145,0.00002090,0.00002090,165746.00000000
1558400400,1558403999,0.00002100,0.00002173,0.00002100,0.00002153,431305.00000000
1558404000,1558407599,0.00002153,0.00002153,0.00002129,0.00002129,116071.00000000
1558407600,1558411199,0.00002120,0.00002129,0.00002075,0.00002096,44286.00000000
1558411200,1558414799,0.00002081,0.00002157,0.00002075,0.00002154,110680.00000000
1558414800,1558418399,0.00002169,0.00002233,0.00002169,0.00002195,1597752.00000000
1558418400,1558421999,0.00002204,0.00002240,0.00002165,0.00002208,909470.00000000
1558422000,1558425599,0.00002208,0.00002278,0.00002208,0.00002224,1342112.00000000
1558425600,1558429199,0.00002212,0.00002229,0.00002186,0.00002228,1032600.00000000
1558429200,1558432799,0.00002228,0.00002308,0.00002182,0.00002230,3700483.00000000
1558432800,1558436399,0.00002234,0.00002255,0.00002210,0.00002210,171877.00000000
1558436400,1558439999,0.00002210,0.00002256,0.00002210,0.00002256,166754.00000000
1558440000,1558443599,0.00002256,0.00002270,0.00002204,0.00002240,568046.00000000
1558443600,1558447199,0.00002240,0.00002246,0.00002201,0.00002244,415354.00000000
1558447200,1558450799,0.00002255,0.00002289,0.00002211,0.00002270,142388.00000000
1558450800,1558454399,0.00002250,0.00002270,0.00002210,0.00002212,574248.00000000
1558454400,1558457999,0.00002230,0.00002231,0.00002210,0.00002210,248284.00000000
1558458000,1558461599,0.00002214,0.00002320,0.00002212,0.00002301,912048.00000000
1558461600,1558465199,0.00002309,0.00002321,0.00002281,0.00002314,631962.00000000
1558465200,1558468799,0.00002326,0.00002474,0.00002326,0.00002389,2058160.00000000
1558468800,1558472399,0.00002388,0.00002405,0.00002300,0.00002326,578306.00000000
1558472400,1558475999,0.00002328,0.00002330,0.00002280,0.00002318,760322.00000000
1558476000,1558479599,0.00002318,0.00002325,0.00002269,0.00002271,166723.00000000
1558479600,1558483199,0.00002300,0.00002300,0.00002251,0.00002251,398849.00000000
1558483200,1558486799,0.00002259,0.00002274,0.00002218,0.00002218,957167.00000000
1558486800,1558490399,0.00002215,0.00002245,0.00002197,0.00002225,193147.00000000
1558490400,1558493999,0.00002210,0.00002211,0.00002172,0.00002210,451194.00000000
1558494000,1558497599,0.00002210,0.00002223,0.00002171,0.00002223,253148.00000000
1558497600,1558501199,0.00002198,0.00002198,0.00002179,0.00002179,188232.00000000
1558501200,1558504799,0.00002179,0.00002191,0.00002171,0.00002175,86396.00000000
1558504800,1558508399,0.00002176,0.00002279,0.00002176,0.00002231,945377.00000000
1558508400,1558511999,0.00002236,0.00002240,0.00002213,0.00002231,37395.00000000
1558512000,1558515599,0.00002225,0.00002335,0.00002225,0.00002267,618664.00000000
1558515600,1558519199,0.00002285,0.00002320,0.00002281,0.00002304,133101.00000000
1558519200,1558522799,0.00002270,0.00002270,0.00002245,0.00002252,104352.00000000
1558522800,1558526399,0.00002241,0.00002241,0.00002191,0.00002205,261092.00000000
1558526400,1558529999,0.00002185,0.00002212,0.00002171,0.00002171,301682.00000000
1558530000,1558533599,0.00002188,0.00002210,0.00002171,0.00002206,97531.00000000
1558533600,1558537199,0.00002222,0.00002383,0.00002222,0.00002323,1502364.00000000
1558537200,1558540799,0.00002311,0.00002384,0.00002268,0.00002314,1195964.00000000
1558540800,1558544399,0.00002317,0.00002371,0.00002314,0.00002371,340779.00000000
1558544400,1558547999,0.00002359,0.00002371,0.00002336,0.00002364,125828.00000000
1558548000,1558551599,0.00002365,0.00002441,0.00002360,0.00002383,931125.00000000
1558551600,1558555199,0.00002384,0.00002384,0.00002325,0.00002325,801982.00000000
1558555200,1558558799,0.00002335,0.00002335,0.00002295,0.00002323,258943.00000000
1558558800,1558562399,0.00002325,0.00002358,0.00002288,0.00002288,165507.00000000
1558562400,1558565999,0.00002288,0.00002297,0.00002270,0.00002270,65376.00000000
1558566000,1558569599,0.00002270,0.00002311,0.00002270,0.00002300,162893.00000000
1558569600,1558573199,0.00002288,0.00002311,0.00002288,0.00002311,45398.00000000
1558573200,1558576799,0.00002300,0.00002300,0.00002300,0.00002300,8707.00000000
1558576800,1558580399,0.00002311,0.00002347,0.00002277,0.00002335,676499.00000000
1558580400,1558583999,0.00002347,0.00002359,0.00002311,0.00002347,132744.00000000
1558584000,1558587599,0.00002335,0.00002359,0.00002281,0.00002288,970867.00000000
1558587600,1558591199,0.00002300,0.00002322,0.00002282,0.00002311,353850.00000000
1558591200,1558594799,0.00002323,0.00002323,0.00002258,0.00002288,635253.00000000
1558594800,1558598399,0.00002288,0.00002300,0.00002271,0.00002300,60420.00000000
1558598400,1558601999,0.00002310,0.00002323,0.00002300,0.00002310,112474.00000000
1558602000,1558605599,0.00002309,0.00002318,0.00002300,0.00002300,17195.00000000
1558605600,1558609199,0.00002288,0.00002288,0.00002260,0.00002288,65394.00000000
1558609200,1558612799,0.00002288,0.00002331,0.00002288,0.00002331,589554.00000000
1558612800,1558616399,0.00002331,0.00002354,0.00002291,0.00002347,599857.00000000
1558616400,1558619999,0.00002357,0.00002460,0.00002330,0.00002442,1672311.00000000
1558620000,1558623599,0.00002430,0.00002430,0.00002367,0.00002407,497291.00000000
1558623600,1558627199,0.00002419,0.00002474,0.00002370,0.00002461,915639.00000000
1558627200,1558630799,0.00002467,0.00002475,0.00002439,0.00002464,235942.00000000
1558630800,1558634399,0.00002457,0.00002457,0.00002455,0.00002456,252405.00000000
1558634400,1558637999,0.00002477,0.00002480,0.00002450,0.00002450,9517.00000000
1558638000,1558641599,0.00002432,0.00002475,0.00002430,0.00002466,773203.00000000
1558641600,1558645199,0.00002425,0.00002456,0.00002401,0.00002402,177616.00000000
1558645200,1558648799,0.00002407,0.00002430,0.00002407,0.00002410,163705.00000000
1558648800,1558652399,0.00002396,0.00002410,0.00002375,0.00002410,77570.00000000
1558652400,1558655999,0.00002414,0.00002689,0.00002380,0.00002597,3540552.00000000
1558656000,1558659599,0.00002580,0.00002637,0.00002495,0.00002575,1886719.00000000
1558659600,1558663199,0.00002560,0.00002567,0.00002536,0.00002537,111835.00000000
1558663200,1558666799,0.00002565,0.00002565,0.00002532,0.00002543,95265.00000000
1558666800,1558670399,0.00002515,0.00002538,0.00002495,0.00002498,200116.00000000
1558670400,1558673999,0.00002538,0.00002538,0.00002488,0.00002504,122816.00000000
1558674000,1558677599,0.00002508,0.00002510,0.00002450,0.00002471,614916.00000000
1558677600,1558681199,0.00002448,0.00002451,0.00002423,0.00002434,431479.00000000
1558681200,1558684799,0.00002423,0.00002429,0.00002387,0.00002429,468986.00000000
1558684800,1558688399,0.00002429,0.00002452,0.00002382,0.00002414,2155791.00000000
1558688400,1558691999,0.00002414,0.00002453,0.00002413,0.00002419,128499.00000000
1558692000,1558695599,0.00002419,0.00002452,0.00002384,0.00002384,307473.00000000
1558695600,1558699199,0.00002393,0.00002400,0.00002393,0.00002394,59558.00000000
1558699200,1558702799,0.00002394,0.00002538,0.00002381,0.00002491,742909.00000000
1558702800,1558706399,0.00002503,0.00002552,0.00002481,0.00002509,933014.00000000
1558706400,1558709999,0.00002535,0.00002536,0.00002461,0.00002473,261100.00000000
1558710000,1558713599,0.00002460,0.00002474,0.00002380,0.00002425,623210.00000000
1558713600,1558717199,0.00002386,0.00002386,0.00002268,0.00002322,1263162.00000000
1558717200,1558720799,0.00002343,0.00002534,0.00002343,0.00002456,376967.00000000
1558720800,1558724399,0.00002459,0.00002459,0.00002429,0.00002447,120309.00000000
1558724400,1558727999,0.00002414,0.00002470,0.00002414,0.00002434,45611.00000000
1558728000,1558731599,0.00002425,0.00002495,0.00002425,0.00002490,96374.00000000
1558731600,1558735199,0.00002490,0.00002684,0.00002465,0.00002616,2180701.00000000
1558735200,1558738799,0.00002663,0.00002685,0.00002495,0.00002564,2847955.00000000
1558738800,1558742399,0.00002563,0.00002563,0.00002474,0.00002519,95208.00000000
1558742400,1558745999,0.00002518,0.00002544,0.00002494,0.00002514,218029.00000000
1558746000,1558749599,0.00002514,0.00002514,0.00002477,0.00002477,96131.00000000
1558749600,1558753199,0.00002477,0.00002509,0.00002464,0.00002509,74446.00000000
1558753200,1558756799,0.00002527,0.00002544,0.00002500,0.00002508,106949.00000000
1558756800,1558760399,0.00002481,0.00002546,0.00002481,0.00002482,65689.00000000
1558760400,1558763999,0.00002514,0.00002563,0.00002470,0.00002563,558492.00000000
1558764000,1558767599,0.00002563,0.00002589,0.00002499,0.00002587,556796.00000000
1558767600,1558771199,0.00002603,0.00002661,0.00002554,0.00002634,1164660.00000000
1558771200,1558774799,0.00002618,0.00002650,0.00002561,0.00002648,180668.00000000
1558774800,1558778399,0.00002648,0.00002652,0.00002596,0.00002596,272554.00000000
1558778400,1558781999,0.00002587,0.00002587,0.00002557,0.00002572,252082.00000000
1558782000,1558785599,0.00002556,0.00002602,0.00002545,0.00002545,211288.00000000
1558785600,1558789199,0.00002541,0.00002569,0.00002536,0.00002564,185271.00000000
1558789200,1558792799,0.00002570,0.00002611,0.00002558,0.00002587,599479.00000000
1558792800,1558796399,0.00002576,0.00002603,0.00002576,0.00002600,117975.00000000
1558796400,1558799999,0.00002600,0.00002600,0.00002506,0.00002531,808482.00000000
1558800000,1558803599,0.00002530,0.00002550,0.00002500,0.00002534,382195.00000000
1558803600,1558807199,0.00002534,0.00002800,0.00002528,0.00002603,3295399.00000000
1558807200,1558810799,0.00002618,0.00002650,0.00002572,0.00002580,437802.00000000
1558810800,1558814399,0.00002592,0.00002800,0.00002556,0.00002573,1558120.00000000
1558814400,1558817999,0.00002572,0.00002586,0.00002445,0.00002572,1731451.00000000
1558818000,1558821599,0.00002556,0.00002603,0.00002541,0.00002560,143122.00000000
1558821600,1558825199,0.00002541,0.00002541,0.00002471,0.00002510,154058.00000000
1558825200,1558828799,0.00002510,0.00002529,0.00002483,0.00002501,474936.00000000
1558828800,1558832399,0.00002499,0.00002525,0.00002423,0.00002448,1344250.00000000
1558832400,1558835999,0.00002438,0.00002472,0.00002422,0.00002451,925131.00000000
1558836000,1558839599,0.00002451,0.00002463,0.00002451,0.00002463,7194.00000000
1558839600,1558843199,0.00002463,0.00002463,0.00002463,0.00002463,6302.00000000
1558843200,1558846799,0.00002464,0.00002480,0.00002450,0.00002478,59455.00000000
1558846800,1558850399,0.00002490,0.00002535,0.00002478,0.00002483,396900.00000000
1558850400,1558853999,0.00002470,0.00002499,0.00002462,0.00002499,443559.00000000
1558854000,1558857599,0.00002484,0.00002501,0.00002468,0.00002468,225617.00000000
1558857600,1558861199,0.00002494,0.00002519,0.00002494,0.00002494,70241.00000000
1558861200,1558864799,0.00002479,0.00002515,0.00002478,0.00002515,240137.00000000
1558864800,1558868399,0.00002525,0.00002527,0.00002515,0.00002527,41847.00000000
1558868400,1558871999,0.00002520,0.00002527,0.00002479,0.00002494,41117.00000000
1558872000,1558875599,0.00002479,0.00002493,0.00002450,0.00002477,193481.00000000
1558875600,1558879199,0.00002457,0.00002493,0.00002456,0.00002479,394016.00000000
1558879200,1558882799,0.00002493,0.00002530,0.00002477,0.00002479,334758.00000000
1558882800,1558886399,0.00002479,0.00002479,0.00002470,0.00002472,417335.00000000
1558886400,1558889999,0.00002476,0.00002476,0.00002450,0.00002451,696545.00000000
1558890000,1558893599,0.00002465,0.00002467,0.00002450,0.00002450,262536.00000000
1558893600,1558897199,0.00002449,0.00002480,0.00002432,0.00002480,259104.00000000
1558897200,1558900799,0.00002489,0.00002490,0.00002258,0.00002308,3709475.00000000
1558900800,1558904399,0.00002312,0.00002318,0.00002228,0.00002279,2178829.00000000
1558904400,1558907999,0.00002279,0.00002353,0.00002277,0.00002353,1023529.00000000
1558908000,1558911599,0.00002328,0.00002359,0.00002271,0.00002315,760292.00000000
1558911600,1558915199,0.00002308,0.00002308,0.00002246,0.00002254,599836.00000000
1558915200,1558918799,0.00002274,0.00002303,0.00002221,0.00002246,420134.00000000
1558918800,1558922399,0.00002234,0.00002290,0.00002234,0.00002290,179001.00000000
1558922400,1558925999,0.00002290,0.00002325,0.00002290,0.00002324,109611.00000000
1558926000,1558929599,0.00002329,0.00002329,0.00002288,0.00002288,347221.00000000
1558929600,1558933199,0.00002288,0.00002308,0.00002251,0.00002270,257856.00000000
1558933200,1558936799,0.00002292,0.00002294,0.00002222,0.00002262,540986.00000000
1558936800,1558940399,0.00002277,0.00002307,0.00002262,0.00002307,102188.00000000
1558940400,1558943999,0.00002308,0.00002314,0.00002246,0.00002276,201910.00000000
1558944000,1558947599,0.00002277,0.00002353,0.00002263,0.00002277,217339.00000000
1558947600,1558951199,0.00002293,0.00002308,0.00002290,0.00002308,41624.00000000
1558951200,1558954799,0.00002279,0.00002316,0.00002258,0.00002316,131288.00000000
1558954800,1558958399,0.00002315,0.00002315,0.00002266,0.00002310,60911.00000000
1558958400,1558961999,0.00002313,0.00002315,0.00002251,0.00002254,242564.00000000
1558962000,1558965599,0.00002254,0.00002308,0.00002250,0.00002277,228571.00000000
1558965600,1558969199,0.00002293,0.00002305,0.00002261,0.00002261,734000.00000000
1558969200,1558972799,0.00002261,0.00002283,0.00002203,0.00002244,806016.00000000
1558972800,1558976399,0.00002231,0.00002231,0.00002104,0.00002230,2279259.00000000
1558976400,1558979999,0.00002238,0.00002247,0.00002156,0.00002196,1939012.00000000
1558980000,1558983599,0.00002192,0.00002242,0.00002160,0.00002185,1316660.00000000
1558983600,1558987199,0.00002167,0.00002226,0.00002156,0.00002226,211872.00000000
1558987200,1558990799,0.00002187,0.00002205,0.00002180,0.00002203,283175.00000000
1558990800,1558994399,0.00002208,0.00002248,0.00002199,0.00002248,436605.00000000
1558994400,1558997999,0.00002206,0.00002277,0.00002206,0.00002248,287728.00000000
1558998000,1559001599,0.00002240,0.00002258,0.00002216,0.00002232,204290.00000000
1559001600,1559005199,0.00002233,0.00002266,0.00002223,0.00002239,46314.00000000
1559005200,1559008799,0.00002266,0.00002287,0.00002266,0.00002269,222435.00000000
1559008800,1559012399,0.00002251,0.00002251,0.00002237,0.00002238,330649.00000000
1559012400,1559015999,0.00002256,0.00002277,0.00002256,0.00002263,404275.00000000
1559016000,1559019599,0.00002255,0.00002259,0.00002229,0.00002259,86451.00000000
1559019600,1559023199,0.00002259,0.00002300,0.00002210,0.00002270,434220.00000000
1559023200,1559026799,0.00002278,0.00002350,0.00002275,0.00002283,132079.00000000
1559026800,1559030399,0.00002273,0.00002288,0.00002265,0.00002265,5993.00000000
1559030400,1559033999,0.00002295,0.00002295,0.00002249,0.00002256,50297.00000000
1559034000,1559037599,0.00002256,0.00002260,0.00002174,0.00002230,942356.00000000
1559037600,1559041199,0.00002221,0.00002238,0.00002187,0.00002238,160885.00000000
1559041200,1559044799,0.00002256,0.00002256,0.00002205,0.00002228,69413.00000000
1559044800,1559048399,0.00002228,0.00002256,0.00002228,0.00002255,97470.00000000
1559048400,1559051999,0.00002255,0.00002255,0.00002199,0.00002219,274557.00000000
1559052000,1559055599,0.00002219,0.00002219,0.00002178,0.00002218,120438.00000000
1559055600,1559059199,0.00002214,0.00002254,0.00002214,0.00002254,167918.00000000
1559059200,1559062799,0.00002217,0.00002249,0.00002185,0.00002185,170829.00000000
1559062800,1559066399,0.00002179,0.00002199,0.00002155,0.00002178,3008514.00000000
1559066400,1559069999,0.00002179,0.00002214,0.00002150,0.00002178,675618.00000000
1559070000,1559073599,0.00002204,0.00002224,0.00002173,0.00002224,570101.00000000
1559073600,1559077199,0.00002223,0.00002223,0.00002184,0.00002202,27587.00000000
1559077200,1559080799,0.00002180,0.00002180,0.00002180,0.00002180,10760.00000000
1559080800,1559084399,0.00002196,0.00002202,0.00002186,0.00002202,16559.00000000
1559084400,1559087999,0.00002216,0.00002229,0.00002204,0.00002204,67507.00000000
1559088000,1559091599,0.00002222,0.00002243,0.00002216,0.00002216,306876.00000000
1559091600,1559095199,0.00002204,0.00002247,0.00002193,0.00002247,109516.00000000
1559095200,1559098799,0.00002219,0.00002219,0.00002209,0.00002209,52947.00000000
1559098800,1559102399,0.00002209,0.00002209,0.00002209,0.00002209,0.00000000
1559102400,1559105999,0.00002200,0.00002200,0.00002195,0.00002195,29983.00000000
1559106000,1559109599,0.00002197,0.00002229,0.00002197,0.00002229,190266.00000000
1559109600,1559113199,0.00002194,0.00002194,0.00002184,0.00002184,21000.00000000
1559113200,1559116799,0.00002221,0.00002240,0.00002196,0.00002240,291461.00000000
1559116800,1559120399,0.00002249,0.00002249,0.00002207,0.00002248,60250.00000000
1559120400,1559123999,0.00002249,0.00002249,0.00002206,0.00002206,45901.00000000
1559124000,1559127599,0.00002240,0.00002245,0.00002210,0.00002245,24742.00000000
1559127600,1559131199,0.00002248,0.00002275,0.00002248,0.00002265,221999.00000000
1559131200,1559134799,0.00002254,0.00002277,0.00002254,0.00002277,3693.00000000
1559134800,1559138399,0.00002277,0.00002300,0.00002249,0.00002249,126499.00000000
1559138400,1559141999,0.00002249,0.00002249,0.00002249,0.00002249,106474.00000000
1559142000,1559145599,0.00002249,0.00002270,0.00002249,0.00002268,583208.00000000
1559145600,1559149199,0.00002270,0.00002293,0.00002265,0.00002283,138416.00000000
1559149200,1559152799,0.00002283,0.00002300,0.00002280,0.00002300,21700.00000000
1559152800,1559156399,0.00002279,0.00002299,0.00002262,0.00002290,91102.00000000
1559156400,1559159999,0.00002290,0.00002317,0.00002277,0.00002292,590257.00000000
1559160000,1559163599,0.00002278,0.00002315,0.00002277,0.00002299,107701.00000000
1559163600,1559167199,0.00002301,0.00002301,0.00002290,0.00002290,7233.00000000
1559167200,1559170799,0.00002307,0.00002307,0.00002280,0.00002280,5108.00000000
1559170800,1559174399,0.00002285,0.00002285,0.00002285,0.00002285,1298.00000000
1559174400,1559177999,0.00002300,0.00002307,0.00002285,0.00002285,28181.00000000
1559178000,1559181599,0.00002280,0.00002304,0.00002270,0.00002298,572280.00000000
1559181600,1559185199,0.00002276,0.00002276,0.00002243,0.00002243,105832.00000000
1559185200,1559188799,0.00002243,0.00002243,0.00002141,0.00002141,793846.00000000
1559188800,1559192399,0.00002142,0.00002155,0.00002133,0.00002155,85334.00000000
1559192400,1559195999,0.00002150,0.00002178,0.00002150,0.00002175,36291.00000000
1559196000,1559199599,0.00002175,0.00002211,0.00002175,0.00002180,477094.00000000
1559199600,1559203199,0.00002179,0.00002180,0.00002140,0.00002141,134346.00000000
1559203200,1559206799,0.00002141,0.00002141,0.00002141,0.00002141,0.00000000
1559206800,1559210399,0.00002156,0.00002156,0.00002156,0.00002156,3531.00000000
1559210400,1559213999,0.00002145,0.00002174,0.00002145,0.00002174,21575.00000000
1559214000,1559217599,0.00002149,0.00002197,0.00002149,0.00002197,297962.00000000
1559217600,1559221199,0.00002199,0.00002215,0.00002180,0.00002206,369930.00000000
1559221200,1559224799,0.00002205,0.00002219,0.00002186,0.00002200,238019.00000000
1559224800,1559228399,0.00002184,0.00002223,0.00002184,0.00002223,123995.00000000
1559228400,1559231999,0.00002229,0.00002236,0.00002191,0.00002192,125481.00000000
1559232000,1559235599,0.00002190,0.00002230,0.00002150,0.00002180,323237.00000000
1559235600,1559239199,0.00002200,0.00002243,0.00002182,0.00002215,364900.00000000
1559239200,1559242799,0.00002215,0.00002221,0.00002181,0.00002196,96458.00000000
1559242800,1559246399,0.00002211,0.00002229,0.00002188,0.00002225,38755.00000000
1559246400,1559249999,0.00002187,0.00002221,0.00002187,0.00002221,96116.00000000
1559250000,1559253599,0.00002190,0.00002277,0.00002190,0.00002228,751680.00000000
1559253600,1559257199,0.00002227,0.00002227,0.00002227,0.00002227,2593.00000000
1559257200,1559260799,0.00002223,0.00002223,0.00002223,0.00002223,8994.00000000
1559260800,1559264399,0.00002205,0.00002215,0.00002167,0.00002215,94110.00000000
1559264400,1559267999,0.00002217,0.00002219,0.00002202,0.00002202,46969.00000000
1559268000,1559271599,0.00002215,0.00002220,0.00002215,0.00002220,36146.00000000
1559271600,1559275199,0.00002227,0.00002233,0.00002227,0.00002233,71440.00000000
1559275200,1559278799,0.00002221,0.00002228,0.00002188,0.00002188,138083.00000000
1559278800,1559282399,0.00002181,0.00002187,0.00002167,0.00002167,503179.00000000
1559282400,1559285999,0.00002168,0.00002181,0.00002160,0.00002181,125854.00000000
1559286000,1559289599,0.00002189,0.00002189,0.00002170,0.00002170,423067.00000000
1559289600,1559293199,0.00002166,0.00002190,0.00002165,0.00002190,251359.00000000
1559293200,1559296799,0.00002186,0.00002208,0.00002185,0.00002207,228193.00000000
1559296800,1559300399,0.00002182,0.00002208,0.00002168,0.00002173,127046.00000000
1559300400,1559303999,0.00002174,0.00002206,0.00002174,0.00002203,84667.00000000
1559304000,1559307599,0.00002184,0.00002184,0.00002144,0.00002144,265773.00000000
1559307600,1559311199,0.00002135,0.00002168,0.00002125,0.00002145,404121.00000000
1559311200,1559314799,0.00002176,0.00002209,0.00002176,0.00002209,175595.00000000
1559314800,1559318399,0.00002195,0.00002195,0.00002168,0.00002169,114673.00000000
1559318400,1559321999,0.00002204,0.00002205,0.00002185,0.00002185,84139.00000000
1559322000,1559325599,0.00002191,0.00002217,0.00002191,0.00002217,147697.00000000
1559325600,1559329199,0.00002199,0.00002222,0.00002198,0.00002198,40987.00000000
1559329200,1559332799,0.00002198,0.00002240,0.00002198,0.00002240,108632.00000000
1559332800,1559336399,0.00002242,0.00002242,0.00002205,0.00002210,110579.00000000
1559336400,1559339999,0.00002210,0.00002215,0.00002200,0.00002200,6693.00000000
1559340000,1559343599,0.00002203,0.00002225,0.00002203,0.00002225,46511.00000000
1559343600,1559347199,0.00002207,0.00002207,0.00002158,0.00002158,664176.00000000
1559347200,1559350799,0.00002165,0.00002165,0.00002100,0.00002115,311775.00000000
1559350800,1559354399,0.00002133,0.00002139,0.00002114,0.00002139,129967.00000000
1559354400,1559357999,0.00002139,0.00002147,0.00002139,0.00002142,9411.00000000
1559358000,1559361599,0.00002125,0.00002142,0.00002070,0.00002142,1330913.00000000
1559361600,1559365199,0.00002126,0.00002128,0.00002095,0.00002123,256023.00000000
1559365200,1559368799,0.00002124,0.00002124,0.00002124,0.00002124,1254.00000000
1559368800,1559372399,0.00002124,0.00002143,0.00002095,0.00002143,201743.00000000
1559372400,1559375999,0.00002124,0.00002124,0.00002124,0.00002124,16132.00000000
1559376000,1559379599,0.00002130,0.00002130,0.00002130,0.00002130,13475.00000000
1559379600,1559383199,0.00002115,0.00002142,0.00002115,0.00002142,400600.00000000
1559383200,1559386799,0.00002142,0.00002159,0.00002125,0.00002135,542300.00000000
1559386800,1559390399,0.00002159,0.00002159,0.00002141,0.00002141,55193.00000000
1559390400,1559393999,0.00002141,0.00002144,0.00002115,0.00002144,463022.00000000
1559394000,1559397599,0.00002137,0.00002154,0.00002133,0.00002154,171876.00000000
1559397600,1559401199,0.00002154,0.00002169,0.00002150,0.00002150,135044.00000000
1559401200,1559404799,0.00002150,0.00002150,0.00002124,0.00002124,144659.00000000
1559404800,1559408399,0.00002124,0.00002141,0.00002120,0.00002124,47177.00000000
1559408400,1559411999,0.00002143,0.00002144,0.00002114,0.00002124,93875.00000000
1559412000,1559415599,0.00002124,0.00002142,0.00002124,0.00002142,25765.00000000
1559415600,1559419199,0.00002142,0.00002142,0.00002104,0.00002132,277154.00000000
1559419200,1559422799,0.00002114,0.00002132,0.00002113,0.00002132,34664.00000000
1559422800,1559426399,0.00002114,0.00002123,0.00002093,0.00002117,131419.00000000
1559426400,1559429999,0.00002117,0.00002133,0.00002100,0.00002100,231429.00000000
1559430000,1559433599,0.00002107,0.00002107,0.00002107,0.00002107,11315.00000000
1559433600,1559437199,0.00002100,0.00002117,0.00002082,0.00002092,84875.00000000
1559437200,1559440799,0.00002093,0.00002095,0.00002092,0.00002095,33701.00000000
1559440800,1559444399,0.00002095,0.00002114,0.00002094,0.00002114,36535.00000000
1559444400,1559447999,0.00002114,0.00002139,0.00002114,0.00002129,73235.00000000
1559448000,1559451599,0.00002130,0.00002130,0.00002119,0.00002119,273594.00000000
1559451600,1559455199,0.00002121,0.00002142,0.00002121,0.00002142,69996.00000000
1559455200,1559458799,0.00002142,0.00002162,0.00002123,0.00002162,65973.00000000
1559458800,1559462399,0.00002162,0.00002164,0.00002133,0.00002133,36819.00000000
1559462400,1559465999,0.00002124,0.00002125,0.00002115,0.00002125,22534.00000000
1559466000,1559469599,0.00002119,0.00002119,0.00002119,0.00002119,1932.00000000
1559469600,1559473199,0.00002141,0.00002144,0.00002141,0.00002144,38026.00000000
1559473200,1559476799,0.00002144,0.00002144,0.00002144,0.00002144,9485.00000000
1559476800,1559480399,0.00002132,0.00002144,0.00002117,0.00002117,122633.00000000
1559480400,1559483999,0.00002109,0.00002123,0.00002107,0.00002123,24117.00000000
1559484000,1559487599,0.00002123,0.00002144,0.00002123,0.00002131,37422.00000000
1559487600,1559491199,0.00002130,0.00002144,0.00002130,0.00002144,19732.00000000
1559491200,1559494799,0.00002123,0.00002144,0.00002123,0.00002136,181808.00000000
1559494800,1559498399,0.00002123,0.00002134,0.00002108,0.00002134,19576.00000000
1559498400,1559501999,0.00002134,0.00002143,0.00002134,0.00002142,231094.00000000
1559502000,1559505599,0.00002144,0.00002160,0.00002142,0.00002160,314190.00000000
1559505600,1559509199,0.00002160,0.00002160,0.00002142,0.00002142,24885.00000000
1559509200,1559512799,0.00002134,0.00002159,0.00002134,0.00002159,29836.00000000
1559512800,1559516399,0.00002159,0.00002160,0.00002150,0.00002150,150105.00000000
1559516400,1559519999,0.00002151,0.00002153,0.00002151,0.00002153,131929.00000000
1559520000,1559523599,0.00002163,0.00002163,0.00002148,0.00002148,15707.00000000
1559523600,1559527199,0.00002143,0.00002164,0.00002143,0.00002164,69657.00000000
1559527200,1559530799,0.00002165,0.00002170,0.00002144,0.00002144,32304.00000000
1559530800,1559534399,0.00002142,0.00002142,0.00002142,0.00002142,12299.00000000
1559534400,1559537999,0.00002143,0.00002143,0.00002143,0.00002143,108332.00000000
1559538000,1559541599,0.00002143,0.00002143,0.00002143,0.00002143,0.00000000
1559541600,1559545199,0.00002160,0.00002172,0.00002108,0.00002112,284721.00000000
1559545200,1559548799,0.00002141,0.00002144,0.00002086,0.00002096,400678.00000000
1559548800,1559552399,0.00002118,0.00002124,0.00002096,0.00002124,160365.00000000
1559552400,1559555999,0.00002124,0.00002124,0.00002124,0.00002124,0.00000000
1559556000,1559559599,0.00002128,0.00002144,0.00002123,0.00002138,59992.00000000
1559559600,1559563199,0.00002105,0.00002144,0.00002080,0.00002123,249322.00000000
1559563200,1559566799,0.00002127,0.00002160,0.00002127,0.00002160,110375.00000000
1559566800,1559570399,0.00002160,0.00002160,0.00002160,0.00002160,0.00000000
1559570400,1559573999,0.00002155,0.00002170,0.00002155,0.00002170,631913.00000000
1559574000,1559577599,0.00002145,0.00002181,0.00002139,0.00002142,598181.00000000
1559577600,1559581199,0.00002142,0.00002175,0.00002132,0.00002175,252058.00000000
1559581200,1559584799,0.00002175,0.00002178,0.00002122,0.00002142,256295.00000000
1559584800,1559588399,0.00002144,0.00002179,0.00002144,0.00002179,148140.00000000
1559588400,1559591999,0.00002178,0.00002178,0.00002178,0.00002178,3993.00000000
1559592000,1559595599,0.00002178,0.00002178,0.00002156,0.00002165,124204.00000000
1559595600,1559599199,0.00002178,0.00002181,0.00002177,0.00002177,257100.00000000
1559599200,1559602799,0.00002177,0.00002177,0.00002177,0.00002177,3731.00000000
1559602800,1559606399,0.00002160,0.00002160,0.00002082,0.00002089,364470.00000000
1559606400,1559609999,0.00002102,0.00002123,0.00002086,0.00002087,826472.00000000
1559610000,1559613599,0.00002079,0.00002108,0.00002056,0.00002108,739460.00000000
1559613600,1559617199,0.00002093,0.00002093,0.00002093,0.00002093,2232.00000000
1559617200,1559620799,0.00002093,0.00002127,0.00002093,0.00002123,343226.00000000
1559620800,1559624399,0.00002105,0.00002105,0.00002086,0.00002086,44699.00000000
1559624400,1559627999,0.00002105,0.00002105,0.00002084,0.00002105,47816.00000000
1559628000,1559631599,0.00002105,0.00002105,0.00002105,0.00002105,0.00000000
1559631600,1559635199,0.00002088,0.00002088,0.00002071,0.00002079,192589.00000000
1559635200,1559638799,0.00002072,0.00002090,0.00002063,0.00002074,65469.00000000
1559638800,1559642399,0.00002084,0.00002085,0.00002062,0.00002062,32200.00000000
1559642400,1559645999,0.00002085,0.00002106,0.00002085,0.00002106,28428.00000000
1559646000,1559649599,0.00002110,0.00002112,0.00002103,0.00002103,30503.00000000
1559649600,1559653199,0.00002119,0.00002120,0.00002092,0.00002120,315341.00000000
1559653200,1559656799,0.00002120,0.00002120,0.00002120,0.00002120,0.00000000
1559656800,1559660399,0.00002105,0.00002105,0.00002086,0.00002086,14683.00000000
1559660400,1559663999,0.00002075,0.00002089,0.00002075,0.00002075,190954.00000000
1559664000,1559667599,0.00002075,0.00002075,0.00002069,0.00002069,94332.00000000
1559667600,1559671199,0.00002095,0.00002097,0.00002036,0.00002050,542174.00000000
1559671200,1559674799,0.00002045,0.00002073,0.00002045,0.00002060,142254.00000000
1559674800,1559678399,0.00002054,0.00002068,0.00002040,0.00002068,159302.00000000
1559678400,1559681999,0.00002068,0.00002068,0.00002068,0.00002068,44155.00000000
1559682000,1559685599,0.00002051,0.00002051,0.00002050,0.00002050,56266.00000000
1559685600,1559689199,0.00002050,0.00002068,0.00002042,0.00002042,27423.00000000
1559689200,1559692799,0.00002042,0.00002042,0.00002042,0.00002042,36809.00000000
1559692800,1559696399,0.00002068,0.00002071,0.00002044,0.00002071,92607.00000000
1559696400,1559699999,0.00002071,0.00002082,0.00002071,0.00002082,85223.00000000
1559700000,1559703599,0.00002060,0.00002060,0.00002057,0.00002058,57129.00000000
1559703600,1559707199,0.00002050,0.00002064,0.00002044,0.00002061,66108.00000000
1559707200,1559710799,0.00002061,0.00002066,0.00002042,0.00002042,76302.00000000
1559710800,1559714399,0.00002063,0.00002068,0.00002050,0.00002068,184661.00000000
1559714400,1559717999,0.00002050,0.00002052,0.00002032,0.00002046,105491.00000000
1559718000,1559721599,0.00002047,0.00002047,0.00002047,0.00002047,49341.00000000
1559721600,1559725199,0.00002047,0.00002068,0.00002047,0.00002050,25181.00000000
1559725200,1559728799,0.00002050,0.00002051,0.00002050,0.00002051,16073.00000000
1559728800,1559732399,0.00002037,0.00002066,0.00002037,0.00002066,36470.00000000
1559732400,1559735999,0.00002066,0.00002066,0.00002043,0.00002066,61545.00000000
1559736000,1559739599,0.00002037,0.00002037,0.00002037,0.00002037,7268.00000000
1559739600,1559743199,0.00002039,0.00002064,0.00002039,0.00002042,16401.00000000
1559743200,1559746799,0.00002066,0.00002066,0.00002031,0.00002039,263104.00000000
1559746800,1559750399,0.00002028,0.00002045,0.00002022,0.00002042,90769.00000000
1559750400,1559753999,0.00002032,0.00002039,0.00002016,0.00002029,173897.00000000
1559754000,1559757599,0.00002024,0.00002032,0.00002017,0.00002017,129526.00000000
1559757600,1559761199,0.00002032,0.00002032,0.00002032,0.00002032,3791.00000000
1559761200,1559764799,0.00002032,0.00002032,0.00002023,0.00002029,447963.00000000
1559764800,1559768399,0.00002030,0.00002030,0.00002022,0.00002022,64297.00000000
1559768400,1559771999,0.00002038,0.00002055,0.00002017,0.00002017,171517.00000000
1559772000,1559775599,0.00002032,0.00002032,0.00002016,0.00002016,4663.00000000
1559775600,1559779199,0.00002032,0.00002045,0.00002022,0.00002045,481876.00000000
1559779200,1559782799,0.00002045,0.00002045,0.00002045,0.00002045,0.00000000
1559782800,1559786399,0.00002045,0.00002045,0.00002045,0.00002045,0.00000000
1559786400,1559789999,0.00002046,0.00002058,0.00002045,0.00002046,46805.00000000
1559790000,1559793599,0.00002045,0.00002059,0.00002045,0.00002059,16214.00000000
1559793600,1559797199,0.00002048,0.00002059,0.00002048,0.00002048,10582.00000000
1559797200,1559800799,0.00002048,0.00002064,0.00002048,0.00002064,2119.00000000
1559800800,1559804399,0.00002048,0.00002065,0.00002048,0.00002048,2236.00000000
1559804400,1559807999,0.00002065,0.00002065,0.00002051,0.00002051,17373.00000000
1559808000,1559811599,0.00002063,0.00002067,0.00002063,0.00002067,133744.00000000
1559811600,1559815199,0.00002067,0.00002086,0.00002067,0.00002086,96151.00000000
1559815200,1559818799,0.00002092,0.00002095,0.00002092,0.00002095,3819.00000000
1559818800,1559822399,0.00002099,0.00002120,0.00002075,0.00002095,114226.00000000
1559822400,1559825999,0.00002104,0.00002104,0.00002076,0.00002076,34329.00000000
1559826000,1559829599,0.00002076,0.00002096,0.00002052,0.00002055,2043531.00000000
1559829600,1559833199,0.00002069,0.00002086,0.00002035,0.00002060,708565.00000000
1559833200,1559836799,0.00002041,0.00002068,0.00002041,0.00002068,242052.00000000
1559836800,1559840399,0.00002065,0.00002072,0.00002065,0.00002072,49821.00000000
1559840400,1559843999,0.00002060,0.00002081,0.00002060,0.00002081,2047.00000000
1559844000,1559847599,0.00002062,0.00002062,0.00002035,0.00002035,643138.00000000
1559847600,1559851199,0.00002065,0.00002068,0.00002035,0.00002068,14736.00000000
1559851200,1559854799,0.00002068,0.00002070,0.00002050,0.00002050,13769.00000000
1559854800,1559858399,0.00002050,0.00002089,0.00002050,0.00002089,33695.00000000
1559858400,1559861999,0.00002089,0.00002089,0.00002089,0.00002089,0.00000000
1559862000,1559865599,0.00002068,0.00002068,0.00002042,0.00002042,93974.00000000
1559865600,1559869199,0.00002042,0.00002046,0.00002020,0.00002031,143773.00000000
1559869200,1559872799,0.00002023,0.00002068,0.00002016,0.00002063,100526.00000000
1559872800,1559876399,0.00002063,0.00002063,0.00002063,0.00002063,0.00000000
1559876400,1559879999,0.00002050,0.00002069,0.00002050,0.00002063,65822.00000000
1559880000,1559883599,0.00002057,0.00002101,0.00002057,0.00002101,378903.00000000
1559883600,1559887199,0.00002087,0.00002124,0.00002087,0.00002124,546771.00000000
1559887200,1559890799,0.00002134,0.00002145,0.00002110,0.00002123,301242.00000000
1559890800,1559894399,0.00002139,0.00002160,0.00002128,0.00002160,589587.00000000
1559894400,1559897999,0.00002146,0.00002160,0.00002142,0.00002142,170127.00000000
1559898000,1559901599,0.00002130,0.00002164,0.00002128,0.00002142,349078.00000000
1559901600,1559905199,0.00002138,0.00002139,0.00002138,0.00002139,33366.00000000
1559905200,1559908799,0.00002124,0.00002176,0.00002124,0.00002176,87464.00000000
1559908800,1559912399,0.00002144,0.00002176,0.00002140,0.00002159,476704.00000000
1559912400,1559915999,0.00002160,0.00002176,0.00002160,0.00002174,9772.00000000
1559916000,1559919599,0.00002174,0.00002174,0.00002142,0.00002142,801732.00000000
1559919600,1559923199,0.00002138,0.00002250,0.00002138,0.00002227,814455.00000000
1559923200,1559926799,0.00002216,0.00002284,0.00002190,0.00002208,1013235.00000000
1559926800,1559930399,0.00002189,0.00002225,0.00002188,0.00002205,204575.00000000
1559930400,1559933999,0.00002224,0.00002260,0.00002198,0.00002202,302105.00000000
1559934000,1559937599,0.00002205,0.00002205,0.00002123,0.00002171,1184798.00000000
1559937600,1559941199,0.00002178,0.00002178,0.00002178,0.00002178,666.00000000
1559941200,1559941995,0.00002178,0.00002178,0.00002178,0.00002178,0.00000000
1559944800,1559948399,0.00002182,0.00002197,0.00002114,0.00002157,1559763.00000000
1559948400,1559951999,0.00002157,0.00002168,0.00002131,0.00002131,209455.00000000
1559952000,1559955599,0.00002145,0.00002178,0.00002139,0.00002178,123380.00000000
1559955600,1559959199,0.00002178,0.00002186,0.00002160,0.00002160,47462.00000000
1559959200,1559962799,0.00002162,0.00002180,0.00002162,0.00002180,138020.00000000
1559962800,1559966399,0.00002182,0.00002182,0.00002147,0.00002147,131483.00000000
1559966400,1559969999,0.00002178,0.00002284,0.00002164,0.00002184,486495.00000000
1559970000,1559973599,0.00002185,0.00002185,0.00002185,0.00002185,51940.00000000
1559973600,1559977199,0.00002164,0.00002178,0.00002141,0.00002160,299932.00000000
1559977200,1559980799,0.00002160,0.00002160,0.00002157,0.00002157,69227.00000000
1559980800,1559984399,0.00002149,0.00002153,0.00002148,0.00002153,25000.00000000
1559984400,1559987999,0.00002153,0.00002153,0.00002153,0.00002153,24777.00000000
1559988000,1559991599,0.00002149,0.00002200,0.00002143,0.00002178,328533.00000000
1559991600,1559995199,0.00002196,0.00002205,0.00002196,0.00002205,120496.00000000
1559995200,1559998799,0.00002205,0.00002212,0.00002204,0.00002212,55465.00000000
1559998800,1560002399,0.00002212,0.00002234,0.00002194,0.00002197,415464.00000000
1560002400,1560005999,0.00002197,0.00002211,0.00002189,0.00002206,94506.00000000
1560006000,1560009599,0.00002195,0.00002206,0.00002164,0.00002164,149959.00000000
1560009600,1560013199,0.00002179,0.00002209,0.00002179,0.00002209,195019.00000000
1560013200,1560016799,0.00002209,0.00002242,0.00002209,0.00002215,317395.00000000
1560016800,1560020399,0.00002205,0.00002250,0.00002205,0.00002250,47514.00000000
1560020400,1560023999,0.00002240,0.00002240,0.00002194,0.00002194,171332.00000000
1560024000,1560027599,0.00002215,0.00002233,0.00002215,0.00002233,156545.00000000
1560027600,1560031199,0.00002225,0.00002233,0.00002211,0.00002212,108075.00000000
1560031200,1560034799,0.00002212,0.00002234,0.00002212,0.00002234,27546.00000000
1560034800,1560038399,0.00002230,0.00002234,0.00002230,0.00002234,13943.00000000
1560038400,1560041999,0.00002233,0.00002245,0.00002233,0.00002245,110276.00000000
1560042000,1560045599,0.00002245,0.00002245,0.00002245,0.00002245,450.00000000
1560045600,1560049199,0.00002245,0.00002245,0.00002233,0.00002245,689889.00000000
1560049200,1560052799,0.00002231,0.00002231,0.00002231,0.00002231,4995.00000000
1560052800,1560056399,0.00002230,0.00002230,0.00002205,0.00002209,676911.00000000
1560056400,1560059999,0.00002209,0.00002225,0.00002197,0.00002197,249107.00000000
1560060000,1560063599,0.00002190,0.00002194,0.00002190,0.00002194,2883.00000000
1560063600,1560067199,0.00002209,0.00002209,0.00002198,0.00002198,42132.00000000
1560067200,1560070799,0.00002199,0.00002209,0.00002191,0.00002209,151860.00000000
1560070800,1560074399,0.00002209,0.00002209,0.00002190,0.00002190,32711.00000000
1560074400,1560077999,0.00002185,0.00002205,0.00002184,0.00002184,11269.00000000
1560078000,1560081599,0.00002184,0.00002187,0.00002157,0.00002172,148848.00000000
1560081600,1560085199,0.00002167,0.00002174,0.00002144,0.00002174,92271.00000000
1560085200,1560088799,0.00002169,0.00002170,0.00002136,0.00002148,172804.00000000
1560088800,1560092399,0.00002148,0.00002157,0.00002123,0.00002123,457910.00000000
1560092400,1560095999,0.00002142,0.00002175,0.00002131,0.00002142,144140.00000000
1560096000,1560099599,0.00002156,0.00002192,0.00002138,0.00002142,929972.00000000
1560099600,1560103199,0.00002150,0.00002150,0.00002130,0.00002130,29599.00000000
1560103200,1560106799,0.00002127,0.00002151,0.00002125,0.00002151,138472.00000000
1560106800,1560110399,0.00002149,0.00002167,0.00002141,0.00002167,105462.00000000
1560110400,1560113999,0.00002167,0.00002199,0.00002154,0.00002154,134405.00000000
1560114000,1560117599,0.00002144,0.00002146,0.00002140,0.00002140,6519.00000000
1560117600,1560121199,0.00002130,0.00002136,0.00002127,0.00002127,39096.00000000
1560121200,1560124799,0.00002124,0.00002124,0.00002124,0.00002124,500.00000000
1560124800,1560128399,0.00002151,0.00002151,0.00002103,0.00002124,150485.00000000
1560128400,1560131999,0.00002105,0.00002105,0.00002105,0.00002105,30000.00000000
1560132000,1560135599,0.00002109,0.00002110,0.00002109,0.00002109,249793.00000000
1560135600,1560139199,0.00002109,0.00002144,0.00002109,0.00002144,272428.00000000
1560139200,1560142799,0.00002144,0.00002144,0.00002144,0.00002144,0.00000000
1560142800,1560146399,0.00002125,0.00002153,0.00002125,0.00002149,355514.00000000
1560146400,1560149999,0.00002127,0.00002149,0.00002126,0.00002149,87022.00000000
1560150000,1560153599,0.00002147,0.00002167,0.00002121,0.00002142,352886.00000000
1560153600,1560157199,0.00002142,0.00002148,0.00002142,0.00002148,206913.00000000
1560157200,1560160799,0.00002164,0.00002184,0.00002129,0.00002161,283400.00000000
1560160800,1560164399,0.00002164,0.00002180,0.00002164,0.00002180,24669.00000000
1560164400,1560167999,0.00002161,0.00002186,0.00002145,0.00002186,271776.00000000
1560168000,1560171599,0.00002187,0.00002187,0.00002122,0.00002144,277822.00000000
1560171600,1560175199,0.00002154,0.00002180,0.00002154,0.00002180,153735.00000000
1560175200,1560178799,0.00002161,0.00002167,0.00002161,0.00002167,45061.00000000
1560178800,1560182399,0.00002154,0.00002164,0.00002129,0.00002164,161687.00000000
1560182400,1560185999,0.00002146,0.00002146,0.00002129,0.00002129,25243.00000000
1560186000,1560189599,0.00002135,0.00002179,0.00002135,0.00002179,366458.00000000
1560189600,1560193199,0.00002179,0.00002179,0.00002114,0.00002154,646882.00000000
1560193200,1560196799,0.00002147,0.00002147,0.00002147,0.00002147,2407.00000000
1560196800,1560200399,0.00002143,0.00002143,0.00002125,0.00002125,14768.00000000
1560200400,1560203999,0.00002125,0.00002125,0.00002124,0.00002124,23257.00000000
1560204000,1560207599,0.00002144,0.00002144,0.00002144,0.00002144,3687.00000000
1560207600,1560211199,0.00002124,0.00002132,0.00002105,0.00002107,270340.00000000
1560211200,1560214799,0.00002108,0.00002108,0.00002108,0.00002108,4154.00000000
1560214800,1560218399,0.00002108,0.00002108,0.00002108,0.00002108,0.00000000
1560218400,1560221999,0.00002108,0.00002108,0.00002108,0.00002108,713.00000000
1560222000,1560225599,0.00002116,0.00002119,0.00002100,0.00002100,483650.00000000
1560225600,1560229199,0.00002100,0.00002100,0.00002100,0.00002100,0.00000000
1560229200,1560232799,0.00002100,0.00002100,0.00002076,0.00002098,101836.00000000
1560232800,1560236399,0.00002071,0.00002099,0.00002071,0.00002099,89245.00000000
1560236400,1560239999,0.00002088,0.00002090,0.00002087,0.00002087,12338.00000000
1560240000,1560243599,0.00002087,0.00002098,0.00002078,0.00002078,290729.00000000
1560243600,1560247199,0.00002078,0.00002094,0.00002068,0.00002090,82612.00000000
1560247200,1560250799,0.00002072,0.00002104,0.00002072,0.00002104,237541.00000000
1560250800,1560254399,0.00002077,0.00002099,0.00002073,0.00002073,370937.00000000
1560254400,1560257999,0.00002073,0.00002073,0.00002073,0.00002073,0.00000000
1560258000,1560261599,0.00002073,0.00002073,0.00002073,0.00002073,0.00000000
1560261600,1560265199,0.00002077,0.00002105,0.00002075,0.00002105,28601.00000000
1560265200,1560268799,0.00002103,0.00002103,0.00002103,0.00002103,1000.00000000
1560268800,1560272399,0.00002077,0.00002097,0.00002077,0.00002097,3545.00000000
1560272400,1560275999,0.00002097,0.00002156,0.00002097,0.00002142,195003.00000000
1560276000,1560279599,0.00002133,0.00002144,0.00002100,0.00002144,1053683.00000000
1560279600,1560283199,0.00002117,0.00002124,0.00002101,0.00002124,324619.00000000
1560283200,1560286799,0.00002129,0.00002129,0.00002129,0.00002129,1470.00000000
1560286800,1560290399,0.00002129,0.00002129,0.00002100,0.00002100,19506.00000000
1560290400,1560293999,0.00002124,0.00002124,0.00002124,0.00002124,520.00000000
1560294000,1560297599,0.00002104,0.00002104,0.00002077,0.00002077,47528.00000000
1560297600,1560301199,0.00002098,0.00002131,0.00002083,0.00002092,650398.00000000
1560301200,1560304799,0.00002092,0.00002092,0.00002092,0.00002092,0.00000000
1560304800,1560308399,0.00002124,0.00002124,0.00002104,0.00002104,29697.00000000
1560308400,1560311999,0.00002109,0.00002109,0.00002109,0.00002109,777.00000000
1560312000,1560315599,0.00002109,0.00002109,0.00002109,0.00002109,12330.00000000
1560315600,1560319199,0.00002108,0.00002109,0.00002108,0.00002109,207957.00000000
1560319200,1560322799,0.00002094,0.00002270,0.00002073,0.00002225,2250364.00000000
1560322800,1560326399,0.00002225,0.00002232,0.00002160,0.00002222,568214.00000000
1560326400,1560329999,0.00002246,0.00002246,0.00002211,0.00002211,286608.00000000
1560330000,1560333599,0.00002211,0.00002211,0.00002165,0.00002186,235781.00000000
1560333600,1560337199,0.00002187,0.00002206,0.00002186,0.00002206,175385.00000000
1560337200,1560340799,0.00002185,0.00002205,0.00002152,0.00002180,532099.00000000
1560340800,1560344399,0.00002185,0.00002205,0.00002164,0.00002205,607628.00000000
1560344400,1560347999,0.00002185,0.00002217,0.00002170,0.00002177,1588052.00000000
1560348000,1560351599,0.00002193,0.00002193,0.00002164,0.00002183,101298.00000000
1560351600,1560355199,0.00002181,0.00002182,0.00002154,0.00002154,26787.00000000
1560355200,1560358799,0.00002154,0.00002154,0.00002077,0.00002138,828446.00000000
1560358800,1560362399,0.00002112,0.00002138,0.00002096,0.00002137,288682.00000000
1560362400,1560365999,0.00002125,0.00002285,0.00002105,0.00002201,1316996.00000000
1560366000,1560369599,0.00002214,0.00002215,0.00002130,0.00002185,1653406.00000000
1560369600,1560373199,0.00002183,0.00002184,0.00002141,0.00002164,572641.00000000
1560373200,1560376799,0.00002184,0.00002184,0.00002168,0.00002184,104962.00000000
1560376800,1560380399,0.00002163,0.00002215,0.00002163,0.00002215,444052.00000000
1560380400,1560383999,0.00002188,0.00002226,0.00002164,0.00002164,1036521.00000000
1560384000,1560387599,0.00002162,0.00002174,0.00002122,0.00002152,514217.00000000
1560387600,1560391199,0.00002173,0.00002227,0.00002140,0.00002206,803121.00000000
1560391200,1560394799,0.00002203,0.00002289,0.00002176,0.00002185,758777.00000000
1560394800,1560398399,0.00002170,0.00002181,0.00002129,0.00002137,732607.00000000
1560398400,1560401999,0.00002130,0.00002164,0.00002128,0.00002160,154480.00000000
1560402000,1560405599,0.00002179,0.00002179,0.00002141,0.00002142,77681.00000000
1560405600,1560409199,0.00002140,0.00002149,0.00002140,0.00002149,34748.00000000
1560409200,1560412799,0.00002161,0.00002164,0.00002161,0.00002164,60555.00000000
1560412800,1560416399,0.00002178,0.00002180,0.00002168,0.00002180,21657.00000000
1560416400,1560419999,0.00002159,0.00002180,0.00002158,0.00002180,36780.00000000
1560420000,1560423599,0.00002180,0.00002185,0.00002156,0.00002164,525659.00000000
1560423600,1560427199,0.00002154,0.00002154,0.00002144,0.00002144,39776.00000000
1560427200,1560430799,0.00002164,0.00002174,0.00002115,0.00002115,101826.00000000
1560430800,1560434399,0.00002132,0.00002179,0.00002132,0.00002179,492485.00000000
1560434400,1560437999,0.00002179,0.00002180,0.00002154,0.00002164,108241.00000000
1560438000,1560441599,0.00002160,0.00002220,0.00002120,0.00002130,1134826.00000000
1560441600,1560445199,0.00002145,0.00002220,0.00002129,0.00002129,475691.00000000
1560445200,1560448799,0.00002134,0.00002223,0.00002134,0.00002221,1655019.00000000
1560448800,1560452399,0.00002185,0.00002226,0.00002163,0.00002199,853514.00000000
1560452400,1560455999,0.00002200,0.00002200,0.00002199,0.00002199,32353.00000000
1560456000,1560459599,0.00002212,0.00002212,0.00002191,0.00002199,71592.00000000
1560459600,1560463199,0.00002200,0.00002200,0.00002180,0.00002180,73870.00000000
1560463200,1560466799,0.00002180,0.00002194,0.00002145,0.00002185,129567.00000000
1560466800,1560470399,0.00002192,0.00002192,0.00002192,0.00002192,480.00000000
1560470400,1560473999,0.00002171,0.00002199,0.00002160,0.00002182,340876.00000000
1560474000,1560477599,0.00002185,0.00002192,0.00002185,0.00002192,23642.00000000
1560477600,1560481199,0.00002192,0.00002206,0.00002192,0.00002206,42244.00000000
1560481200,1560484799,0.00002208,0.00002389,0.00002208,0.00002248,4578114.00000000
1560484800,1560488399,0.00002260,0.00002335,0.00002185,0.00002205,4444678.00000000
1560488400,1560491999,0.00002225,0.00002259,0.00002212,0.00002246,794373.00000000
1560492000,1560495599,0.00002246,0.00002347,0.00002246,0.00002327,984346.00000000
1560495600,1560499199,0.00002335,0.00002350,0.00002292,0.00002318,1496193.00000000
1560499200,1560502799,0.00002296,0.00002347,0.00002296,0.00002328,277518.00000000
1560502800,1560506399,0.00002309,0.00002309,0.00002258,0.00002283,1921536.00000000
1560506400,1560509999,0.00002283,0.00002287,0.00002250,0.00002266,346851.00000000
1560510000,1560513599,0.00002267,0.00002318,0.00002240,0.00002243,2578786.00000000
1560513600,1560517199,0.00002256,0.00002256,0.00002155,0.00002182,1583967.00000000
1560517200,1560520799,0.00002164,0.00002179,0.00002120,0.00002164,1008105.00000000
1560520800,1560524399,0.00002166,0.00002187,0.00002088,0.00002185,2490429.00000000
1560524400,1560527999,0.00002159,0.00002179,0.00002130,0.00002144,215145.00000000
1560528000,1560531599,0.00002144,0.00002215,0.00002144,0.00002186,1134313.00000000
1560531600,1560535199,0.00002185,0.00002315,0.00002169,0.00002255,1341125.00000000
1560535200,1560538799,0.00002269,0.00002269,0.00002187,0.00002200,918958.00000000
1560538800,1560542399,0.00002200,0.00002225,0.00002199,0.00002225,613927.00000000
1560542400,1560545999,0.00002225,0.00002229,0.00002205,0.00002229,296618.00000000
1560546000,1560549599,0.00002229,0.00002229,0.00002199,0.00002222,92363.00000000
1560549600,1560553199,0.00002222,0.00002255,0.00002215,0.00002255,570603.00000000
1560553200,1560556799,0.00002255,0.00002255,0.00002209,0.00002215,1276957.00000000
1560556800,1560560399,0.00002215,0.00002255,0.00002205,0.00002234,957112.00000000
1560560400,1560563999,0.00002241,0.00002283,0.00002205,0.00002260,542596.00000000
1560564000,1560567599,0.00002247,0.00002302,0.00002247,0.00002302,579631.00000000
1560567600,1560571199,0.00002286,0.00002314,0.00002258,0.00002299,234052.00000000
1560571200,1560574799,0.00002282,0.00002299,0.00002238,0.00002266,640858.00000000
1560574800,1560578399,0.00002260,0.00002306,0.00002260,0.00002306,200486.00000000
1560578400,1560581999,0.00002291,0.00002306,0.00002225,0.00002233,490302.00000000
1560582000,1560585599,0.00002232,0.00002252,0.00002219,0.00002247,376388.00000000
1560585600,1560589199,0.00002257,0.00002283,0.00002238,0.00002282,136984.00000000
1560589200,1560592799,0.00002285,0.00002299,0.00002271,0.00002286,77455.00000000
1560592800,1560596399,0.00002286,0.00002297,0.00002260,0.00002260,57549.00000000
1560596400,1560599999,0.00002260,0.00002260,0.00002243,0.00002250,131719.00000000
1560600000,1560603599,0.00002235,0.00002255,0.00002229,0.00002254,360909.00000000
1560603600,1560607199,0.00002257,0.00002266,0.00002255,0.00002255,477947.00000000
1560607200,1560610799,0.00002252,0.00002252,0.00002220,0.00002225,1303575.00000000
1560610800,1560614399,0.00002238,0.00003550,0.00002238,0.00003348,40981603.00000000
1560614400,1560617999,0.00003269,0.00005456,0.00001732,0.00002968,65312771.00000000
1560618000,1560621599,0.00002994,0.00003042,0.00002673,0.00002673,15823651.00000000
1560621600,1560625199,0.00002704,0.00002768,0.00002583,0.00002600,4240678.00000000
1560625200,1560628799,0.00002597,0.00002758,0.00002566,0.00002701,4141401.00000000
1560628800,1560632399,0.00002702,0.00002707,0.00002577,0.00002631,2636729.00000000
1560632400,1560635999,0.00002631,0.00002701,0.00002621,0.00002701,1060491.00000000
1560636000,1560639599,0.00002701,0.00002810,0.00002669,0.00002738,5088837.00000000
1560639600,1560643199,0.00002734,0.00002778,0.00002711,0.00002778,1487129.00000000
1560643200,1560646799,0.00002762,0.00002772,0.00002632,0.00002713,2260647.00000000
1560646800,1560650399,0.00002714,0.00002803,0.00002635,0.00002653,735740.00000000
1560650400,1560653999,0.00002671,0.00002700,0.00002605,0.00002660,1884167.00000000
1560654000,1560657599,0.00002660,0.00002671,0.00002618,0.00002643,514436.00000000
1560657600,1560661199,0.00002650,0.00002671,0.00002569,0.00002648,1159891.00000000
1560661200,1560664799,0.00002623,0.00002796,0.00002559,0.00002704,3734010.00000000
1560664800,1560668399,0.00002693,0.00002746,0.00002621,0.00002710,2418659.00000000
1560668400,1560671999,0.00002695,0.00002695,0.00002466,0.00002561,7098299.00000000
1560672000,1560675599,0.00002557,0.00002609,0.00002502,0.00002609,1230107.00000000
1560675600,1560679199,0.00002595,0.00002620,0.00002501,0.00002570,987860.00000000
1560679200,1560682799,0.00002576,0.00002591,0.00002514,0.00002589,345926.00000000
1560682800,1560686399,0.00002588,0.00002681,0.00002572,0.00002618,2539378.00000000
1560686400,1560689999,0.00002617,0.00002624,0.00002564,0.00002564,318556.00000000
1560690000,1560693599,0.00002564,0.00002572,0.00002432,0.00002471,1736665.00000000
1560693600,1560697199,0.00002486,0.00002531,0.00002426,0.00002426,2868864.00000000
1560697200,1560700799,0.00002440,0.00002495,0.00002434,0.00002456,1350407.00000000
1560700800,1560704399,0.00002470,0.00002523,0.00002412,0.00002424,1910389.00000000
1560704400,1560707999,0.00002424,0.00002425,0.00002362,0.00002400,2460106.00000000
1560708000,1560711599,0.00002388,0.00002415,0.00002388,0.00002415,145830.00000000
1560711600,1560715199,0.00002401,0.00002415,0.00002342,0.00002382,1907450.00000000
1560715200,1560718799,0.00002368,0.00002376,0.00002333,0.00002376,1466554.00000000
1560718800,1560722399,0.00002373,0.00002402,0.00002357,0.00002396,956641.00000000
1560722400,1560725999,0.00002389,0.00002402,0.00002363,0.00002377,223411.00000000
1560726000,1560729599,0.00002377,0.00002403,0.00002356,0.00002356,349598.00000000
1560729600,1560733199,0.00002357,0.00002376,0.00002299,0.00002320,1624892.00000000
1560733200,1560736799,0.00002321,0.00002349,0.00002299,0.00002320,582422.00000000
1560736800,1560740399,0.00002335,0.00002346,0.00002282,0.00002301,1904284.00000000
1560740400,1560743999,0.00002304,0.00002356,0.00002258,0.00002332,1355596.00000000
1560744000,1560747599,0.00002333,0.00002349,0.00002286,0.00002295,660639.00000000
1560747600,1560751199,0.00002315,0.00002350,0.00002300,0.00002309,495744.00000000
1560751200,1560754799,0.00002317,0.00002335,0.00002309,0.00002314,321793.00000000
1560754800,1560758399,0.00002306,0.00002329,0.00002222,0.00002275,2852494.00000000
1560758400,1560761999,0.00002267,0.00002267,0.00002206,0.00002230,1523768.00000000
1560762000,1560765599,0.00002230,0.00002320,0.00002201,0.00002320,3927561.00000000
1560765600,1560769199,0.00002314,0.00002324,0.00002239,0.00002274,2203565.00000000
1560769200,1560772799,0.00002275,0.00002287,0.00002214,0.00002266,1070741.00000000
1560772800,1560776399,0.00002266,0.00002295,0.00002239,0.00002288,278741.00000000
1560776400,1560779999,0.00002285,0.00002300,0.00002266,0.00002283,174151.00000000
1560780000,1560783599,0.00002281,0.00002290,0.00002271,0.00002273,200951.00000000
1560783600,1560787199,0.00002288,0.00002310,0.00002268,0.00002279,1004518.00000000
1560787200,1560790799,0.00002304,0.00002305,0.00002290,0.00002290,90290.00000000
1560790800,1560794399,0.00002290,0.00002340,0.00002278,0.00002291,564109.00000000
1560794400,1560797999,0.00002293,0.00002381,0.00002242,0.00002257,4399658.00000000
1560798000,1560801599,0.00002245,0.00002266,0.00002135,0.00002182,3055208.00000000
1560801600,1560805199,0.00002157,0.00002181,0.00002134,0.00002134,842582.00000000
1560805200,1560808799,0.00002149,0.00002178,0.00002133,0.00002144,835716.00000000
1560808800,1560812399,0.00002132,0.00002191,0.00002132,0.00002138,698717.00000000
1560812400,1560815999,0.00002156,0.00002164,0.00002130,0.00002131,619273.00000000
1560816000,1560819599,0.00002137,0.00002184,0.00002129,0.00002184,629224.00000000
1560819600,1560823199,0.00002180,0.00002190,0.00002118,0.00002118,649319.00000000
1560823200,1560826799,0.00002131,0.00002155,0.00002109,0.00002142,665195.00000000
1560826800,1560830399,0.00002142,0.00002142,0.00002107,0.00002126,129819.00000000
1560830400,1560833999,0.00002113,0.00002172,0.00002107,0.00002144,652635.00000000
1560834000,1560837599,0.00002130,0.00002152,0.00002107,0.00002135,299884.00000000
1560837600,1560841199,0.00002121,0.00002141,0.00002105,0.00002138,274678.00000000
1560841200,1560844799,0.00002120,0.00002219,0.00002120,0.00002125,885446.00000000
1560844800,1560848399,0.00002125,0.00002125,0.00002055,0.00002063,1028335.00000000
1560848400,1560851999,0.00002063,0.00002117,0.00002063,0.00002117,427036.00000000
1560852000,1560855599,0.00002097,0.00002190,0.00002097,0.00002110,1448931.00000000
1560855600,1560859199,0.00002133,0.00002220,0.00002105,0.00002184,2345875.00000000
1560859200,1560862799,0.00002205,0.00002208,0.00002141,0.00002142,508938.00000000
1560862800,1560866399,0.00002142,0.00002156,0.00002142,0.00002156,10573.00000000
1560866400,1560869999,0.00002156,0.00002156,0.00002069,0.00002087,749729.00000000
1560870000,1560873599,0.00002086,0.00002142,0.00002060,0.00002077,1124052.00000000
1560873600,1560877199,0.00002074,0.00002094,0.00002053,0.00002063,660871.00000000
1560877200,1560880799,0.00002072,0.00002073,0.00002072,0.00002073,27063.00000000
1560880800,1560884399,0.00002073,0.00002096,0.00002049,0.00002074,478548.00000000
1560884400,1560887999,0.00002074,0.00002087,0.00002059,0.00002080,1306805.00000000
1560888000,1560891599,0.00002075,0.00002096,0.00002060,0.00002095,1282253.00000000
1560891600,1560895199,0.00002095,0.00002095,0.00002084,0.00002084,190952.00000000
1560895200,1560898799,0.00002093,0.00002198,0.00002065,0.00002114,2486376.00000000
1560898800,1560902399,0.00002097,0.00002158,0.00002097,0.00002158,841370.00000000
1560902400,1560905999,0.00002147,0.00002156,0.00002112,0.00002114,291266.00000000
1560906000,1560909599,0.00002112,0.00002124,0.00002080,0.00002081,813919.00000000
1560909600,1560913199,0.00002082,0.00002096,0.00002079,0.00002091,127527.00000000
1560913200,1560916799,0.00002080,0.00002089,0.00002079,0.00002086,19394.00000000
1560916800,1560920399,0.00002086,0.00002136,0.00002086,0.00002105,91119.00000000
1560920400,1560923999,0.00002104,0.00002115,0.00002076,0.00002088,578649.00000000
1560924000,1560927599,0.00002107,0.00002107,0.00002070,0.00002070,170639.00000000
1560927600,1560931199,0.00002070,0.00002070,0.00002070,0.00002070,4076.00000000
1560931200,1560934799,0.00002070,0.00002089,0.00002069,0.00002089,142553.00000000
1560934800,1560938399,0.00002089,0.00002111,0.00002089,0.00002111,112321.00000000
1560938400,1560941999,0.00002110,0.00002110,0.00002103,0.00002103,8703.00000000
1560942000,1560945599,0.00002092,0.00002110,0.00002077,0.00002110,313371.00000000
1560945600,1560949199,0.00002110,0.00002110,0.00002079,0.00002082,157079.00000000
1560949200,1560952799,0.00002082,0.00002087,0.00002070,0.00002086,38719.00000000
1560952800,1560956399,0.00002086,0.00002108,0.00002085,0.00002108,361513.00000000
1560956400,1560959999,0.00002108,0.00002125,0.00002108,0.00002111,113182.00000000
1560960000,1560963599,0.00002136,0.00002414,0.00002134,0.00002343,12577278.00000000
1560963600,1560967199,0.00002346,0.00002346,0.00002234,0.00002250,2462750.00000000
1560967200,1560970799,0.00002246,0.00002259,0.00002217,0.00002220,1911098.00000000
1560970800,1560974399,0.00002230,0.00002240,0.00002209,0.00002209,1477213.00000000
1560974400,1560977999,0.00002209,0.00002227,0.00002163,0.00002163,1496226.00000000
1560978000,1560981599,0.00002176,0.00002206,0.00002156,0.00002179,871871.00000000
1560981600,1560985199,0.00002180,0.00002208,0.00002133,0.00002182,1250400.00000000
1560985200,1560988799,0.00002182,0.00002200,0.00002171,0.00002200,395892.00000000
1560988800,1560992399,0.00002200,0.00002227,0.00002190,0.00002197,1913135.00000000
1560992400,1560995999,0.00002197,0.00002197,0.00002151,0.00002151,147338.00000000
1560996000,1560999599,0.00002151,0.00002166,0.00002146,0.00002166,268728.00000000
1560999600,1561003199,0.00002172,0.00002172,0.00002119,0.00002148,623567.00000000
1561003200,1561006799,0.00002145,0.00002186,0.00002145,0.00002165,496731.00000000
1561006800,1561010399,0.00002175,0.00002176,0.00002150,0.00002176,123337.00000000
1561010400,1561013999,0.00002172,0.00002195,0.00002172,0.00002195,67654.00000000
1561014000,1561017599,0.00002175,0.00002179,0.00002151,0.00002179,80882.00000000
1561017600,1561021199,0.00002177,0.00002192,0.00002152,0.00002152,370990.00000000
1561021200,1561024799,0.00002164,0.00002194,0.00002150,0.00002180,547667.00000000
1561024800,1561028399,0.00002156,0.00002179,0.00002151,0.00002179,110584.00000000
1561028400,1561031999,0.00002179,0.00002198,0.00002150,0.00002185,2054873.00000000
1561032000,1561035599,0.00002198,0.00002263,0.00002185,0.00002213,4151315.00000000
1561035600,1561039199,0.00002213,0.00002372,0.00002213,0.00002289,7931896.00000000
1561039200,1561042799,0.00002287,0.00002311,0.00002246,0.00002255,813673.00000000
1561042800,1561046399,0.00002255,0.00002314,0.00002199,0.00002253,1984990.00000000
1561046400,1561049999,0.00002246,0.00002246,0.00002165,0.00002195,770620.00000000
1561050000,1561053599,0.00002181,0.00002209,0.00002179,0.00002181,320955.00000000
1561053600,1561057199,0.00002181,0.00002201,0.00002169,0.00002183,122029.00000000
1561057200,1561060799,0.00002164,0.00002182,0.00002144,0.00002155,988331.00000000
1561060800,1561064399,0.00002140,0.00002153,0.00002059,0.00002107,2342744.00000000
1561064400,1561067999,0.00002096,0.00002153,0.00002096,0.00002149,317640.00000000
1561068000,1561071599,0.00002155,0.00002175,0.00002137,0.00002137,423567.00000000
1561071600,1561075199,0.00002147,0.00002158,0.00002147,0.00002149,66552.00000000
1561075200,1561078799,0.00002149,0.00002164,0.00002129,0.00002129,165352.00000000
1561078800,1561082399,0.00002124,0.00002124,0.00002041,0.00002041,656128.00000000
1561082400,1561085999,0.00002070,0.00002070,0.00002068,0.00002068,108379.00000000
1561086000,1561089599,0.00002061,0.00002068,0.00002061,0.00002066,16807.00000000
1561089600,1561093199,0.00002066,0.00002088,0.00002066,0.00002067,145307.00000000
1561093200,1561096799,0.00002066,0.00002066,0.00002036,0.00002036,761573.00000000
1561096800,1561100399,0.00002036,0.00002042,0.00001997,0.00001997,607137.00000000
1561100400,1561103999,0.00002008,0.00002014,0.00001956,0.00001992,630355.00000000
1561104000,1561107599,0.00001990,0.00001992,0.00001974,0.00001974,67603.00000000
1561107600,1561111199,0.00001975,0.00001992,0.00001942,0.00001953,846742.00000000
1561111200,1561114799,0.00001953,0.00001953,0.00001911,0.00001950,254485.00000000
1561114800,1561118399,0.00001950,0.00001950,0.00001870,0.00001904,1206411.00000000
1561118400,1561121999,0.00001922,0.00001950,0.00001876,0.00001918,851532.00000000
1561122000,1561125599,0.00001932,0.00001951,0.00001906,0.00001928,472931.00000000
1561125600,1561129199,0.00001917,0.00001938,0.00001917,0.00001922,64399.00000000
1561129200,1561132799,0.00001948,0.00001948,0.00001868,0.00001911,1391933.00000000
1561132800,1561136399,0.00001895,0.00001911,0.00001878,0.00001879,215126.00000000
1561136400,1561139999,0.00001878,0.00001906,0.00001870,0.00001882,388824.00000000
1561140000,1561143599,0.00001877,0.00001881,0.00001843,0.00001843,322138.00000000
1561143600,1561147199,0.00001857,0.00001883,0.00001843,0.00001868,198327.00000000
1561147200,1561150799,0.00001868,0.00001869,0.00001868,0.00001869,5241.00000000
1561150800,1561154399,0.00001876,0.00001893,0.00001848,0.00001861,497852.00000000
1561154400,1561157999,0.00001867,0.00001886,0.00001844,0.00001845,222310.00000000
1561158000,1561161599,0.00001865,0.00001865,0.00001820,0.00001820,389195.00000000
1561161600,1561165199,0.00001820,0.00001847,0.00001752,0.00001819,743867.00000000
1561165200,1561168799,0.00001800,0.00001800,0.00001754,0.00001760,82365.00000000
1561168800,1561172399,0.00001765,0.00001819,0.00001725,0.00001758,910393.00000000
1561172400,1561175999,0.00001761,0.00001877,0.00001697,0.00001811,1890348.00000000
1561176000,1561179599,0.00001806,0.00001901,0.00001753,0.00001791,809750.00000000
1561179600,1561183199,0.00001790,0.00001794,0.00001774,0.00001793,115904.00000000
1561183200,1561186799,0.00001794,0.00001821,0.00001789,0.00001802,208094.00000000
1561186800,1561190399,0.00001803,0.00001803,0.00001746,0.00001783,745502.00000000
1561190400,1561193999,0.00001787,0.00001794,0.00001776,0.00001785,133723.00000000
1561194000,1561197599,0.00001786,0.00001786,0.00001773,0.00001773,690161.00000000
1561197600,1561201199,0.00001753,0.00001788,0.00001753,0.00001773,140217.00000000
1561201200,1561204799,0.00001776,0.00001787,0.00001756,0.00001787,141142.00000000
1561204800,1561208399,0.00001790,0.00001791,0.00001705,0.00001705,1498709.00000000
1561208400,1561211999,0.00001718,0.00001754,0.00001667,0.00001727,3254707.00000000
1561212000,1561215599,0.00001714,0.00001791,0.00001714,0.00001791,446561.00000000
1561215600,1561219199,0.00001774,0.00001796,0.00001717,0.00001762,305830.00000000
1561219200,1561222799,0.00001756,0.00001768,0.00001725,0.00001727,237254.00000000
1561222800,1561226399,0.00001727,0.00001766,0.00001713,0.00001753,134712.00000000
1561226400,1561229999,0.00001753,0.00001758,0.00001724,0.00001757,594305.00000000
1561230000,1561233599,0.00001767,0.00001777,0.00001748,0.00001776,134794.00000000
1561233600,1561237199,0.00001758,0.00001758,0.00001743,0.00001743,20695.00000000
1561237200,1561240799,0.00001743,0.00001769,0.00001743,0.00001769,35490.00000000
1561240800,1561244399,0.00001775,0.00001779,0.00001750,0.00001750,63573.00000000
1561244400,1561247999,0.00001750,0.00001758,0.00001717,0.00001729,231227.00000000
1561248000,1561251599,0.00001719,0.00001753,0.00001695,0.00001737,712306.00000000
1561251600,1561255199,0.00001711,0.00001732,0.00001699,0.00001714,69833.00000000
1561255200,1561258799,0.00001703,0.00001773,0.00001694,0.00001762,695595.00000000
1561258800,1561262399,0.00001756,0.00001763,0.00001743,0.00001743,31560.00000000
1561262400,1561265999,0.00001737,0.00001776,0.00001715,0.00001746,851888.00000000
1561266000,1561269599,0.00001744,0.00001744,0.00001730,0.00001730,25393.00000000
1561269600,1561273199,0.00001730,0.00001736,0.00001730,0.00001730,5714.00000000
1561273200,1561276799,0.00001736,0.00001768,0.00001732,0.00001736,86843.00000000
1561276800,1561280399,0.00001775,0.00001937,0.00001770,0.00001864,2648081.00000000
1561280400,1561283999,0.00001869,0.00001896,0.00001837,0.00001838,461603.00000000
1561284000,1561287599,0.00001839,0.00001899,0.00001811,0.00001889,425297.00000000
1561287600,1561291199,0.00001889,0.00001889,0.00001857,0.00001878,32713.00000000
1561291200,1561294799,0.00001884,0.00001884,0.00001811,0.00001817,879422.00000000
1561294800,1561298399,0.00001834,0.00001897,0.00001811,0.00001856,653289.00000000
1561298400,1561301999,0.00001855,0.00001855,0.00001811,0.00001821,150020.00000000
1561302000,1561305599,0.00001821,0.00001828,0.00001808,0.00001828,98636.00000000
1561305600,1561309199,0.00001807,0.00001812,0.00001790,0.00001812,1386492.00000000
1561309200,1561312799,0.00001812,0.00001844,0.00001812,0.00001830,535488.00000000
1561312800,1561316399,0.00001811,0.00001829,0.00001768,0.00001787,610549.00000000
1561316400,1561319999,0.00001769,0.00001827,0.00001688,0.00001763,1749662.00000000
1561320000,1561323599,0.00001774,0.00001776,0.00001732,0.00001750,490752.00000000
1561323600,1561327199,0.00001750,0.00001782,0.00001660,0.00001740,2879582.00000000
1561327200,1561330799,0.00001740,0.00001785,0.00001740,0.00001768,790455.00000000
1561330800,1561334399,0.00001787,0.00001805,0.00001780,0.00001794,587255.00000000
1561334400,1561337999,0.00001800,0.00001824,0.00001784,0.00001806,335025.00000000
1561338000,1561341599,0.00001793,0.00001795,0.00001749,0.00001762,492370.00000000
1561341600,1561345199,0.00001778,0.00001778,0.00001763,0.00001772,10339.00000000
1561345200,1561348799,0.00001772,0.00001772,0.00001771,0.00001771,15483.00000000
1561348800,1561352399,0.00001763,0.00001771,0.00001740,0.00001770,1543864.00000000
1561352400,1561355999,0.00001768,0.00001795,0.00001763,0.00001766,184955.00000000
1561356000,1561359599,0.00001768,0.00001784,0.00001744,0.00001784,1065058.00000000
1561359600,1561363199,0.00001782,0.00001782,0.00001782,0.00001782,6094.00000000
1561363200,1561366799,0.00001765,0.00001765,0.00001765,0.00001765,1730.00000000
1561366800,1561370399,0.00001768,0.00001783,0.00001751,0.00001760,276749.00000000
1561370400,1561373999,0.00001750,0.00001752,0.00001750,0.00001752,4134.00000000
1561374000,1561377599,0.00001750,0.00001751,0.00001750,0.00001751,162678.00000000
1561377600,1561381199,0.00001751,0.00001765,0.00001730,0.00001730,332256.00000000
1561381200,1561384799,0.00001749,0.00001757,0.00001731,0.00001731,215412.00000000
1561384800,1561388399,0.00001747,0.00001747,0.00001731,0.00001735,95301.00000000
1561388400,1561391999,0.00001753,0.00002053,0.00001752,0.00002034,6760641.00000000
1561392000,1561395599,0.00002037,0.00002071,0.00001905,0.00001905,2740234.00000000
1561395600,1561399199,0.00001920,0.00001969,0.00001910,0.00001931,554695.00000000
1561399200,1561402799,0.00001926,0.00001935,0.00001906,0.00001906,757698.00000000
1561402800,1561406399,0.00001906,0.00001906,0.00001869,0.00001883,1489332.00000000
1561406400,1561409999,0.00001868,0.00001877,0.00001820,0.00001835,941145.00000000
1561410000,1561413599,0.00001859,0.00001868,0.00001823,0.00001832,556604.00000000
1561413600,1561417199,0.00001814,0.00001842,0.00001813,0.00001842,28579.00000000
1561417200,1561420799,0.00001842,0.00001842,0.00001820,0.00001820,160533.00000000
1561420800,1561424399,0.00001820,0.00001869,0.00001820,0.00001864,146827.00000000
1561424400,1561427999,0.00001861,0.00001875,0.00001836,0.00001844,141334.00000000
1561428000,1561431599,0.00001836,0.00001872,0.00001836,0.00001846,424715.00000000
1561431600,1561435199,0.00001858,0.00001920,0.00001855,0.00001911,656551.00000000
1561435200,1561438799,0.00001910,0.00001953,0.00001881,0.00001885,1678915.00000000
1561438800,1561442399,0.00001914,0.00001930,0.00001887,0.00001928,1122148.00000000
1561442400,1561445999,0.00001928,0.00002000,0.00001910,0.00001923,1219826.00000000
1561446000,1561449599,0.00001923,0.00001941,0.00001912,0.00001935,1033412.00000000
1561449600,1561453199,0.00001917,0.00002123,0.00001910,0.00002082,3112563.00000000
1561453200,1561456799,0.00002081,0.00002110,0.00001960,0.00002018,2142816.00000000
1561456800,1561460399,0.00002012,0.00002012,0.00001872,0.00001913,5631761.00000000
1561460400,1561463999,0.00001944,0.00001976,0.00001916,0.00001926,609793.00000000
1561464000,1561467599,0.00001952,0.00001976,0.00001937,0.00001968,289214.00000000
1561467600,1561471199,0.00001968,0.00001978,0.00001941,0.00001961,485530.00000000
1561471200,1561474799,0.00001961,0.00001964,0.00001946,0.00001946,106762.00000000
1561474800,1561478399,0.00001946,0.00001980,0.00001909,0.00001972,2280043.00000000
1561478400,1561481999,0.00001972,0.00001984,0.00001942,0.00001981,321536.00000000
1561482000,1561485599,0.00001985,0.00002009,0.00001935,0.00001968,512309.00000000
1561485600,1561489199,0.00001968,0.00002001,0.00001968,0.00002000,188530.00000000
1561489200,1561492799,0.00002000,0.00002003,0.00001972,0.00001973,147428.00000000
1561492800,1561496399,0.00001974,0.00001986,0.00001957,0.00001957,222820.00000000
1561496400,1561499999,0.00001981,0.00001981,0.00001857,0.00001858,1739614.00000000
1561500000,1561503599,0.00001858,0.00001876,0.00001830,0.00001870,587817.00000000
1561503600,1561507199,0.00001847,0.00001899,0.00001845,0.00001854,781807.00000000
1561507200,1561510799,0.00001836,0.00001839,0.00001785,0.00001797,494851.00000000
1561510800,1561514399,0.00001801,0.00001857,0.00001779,0.00001846,1137176.00000000
1561514400,1561517999,0.00001859,0.00001896,0.00001842,0.00001896,1769803.00000000
1561518000,1561521599,0.00001872,0.00001872,0.00001779,0.00001806,1647932.00000000
1561521600,1561525199,0.00001803,0.00001838,0.00001757,0.00001797,1278968.00000000
1561525200,1561528799,0.00001793,0.00001893,0.00001793,0.00001845,756488.00000000
1561528800,1561532399,0.00001847,0.00001869,0.00001831,0.00001831,280492.00000000
1561532400,1561535999,0.00001848,0.00001865,0.00001824,0.00001865,400455.00000000
1561536000,1561539599,0.00001865,0.00001872,0.00001831,0.00001831,2267112.00000000
1561539600,1561543199,0.00001840,0.00001841,0.00001813,0.00001818,277087.00000000
1561543200,1561546799,0.00001809,0.00001843,0.00001802,0.00001811,186904.00000000
1561546800,1561550399,0.00001814,0.00001842,0.00001806,0.00001813,208030.00000000
1561550400,1561553999,0.00001813,0.00001813,0.00001754,0.00001796,4103106.00000000
1561554000,1561557599,0.00001776,0.00001794,0.00001750,0.00001782,1415101.00000000
1561557600,1561561199,0.00001766,0.00001797,0.00001764,0.00001770,216410.00000000
1561561200,1561564799,0.00001770,0.00001788,0.00001770,0.00001772,111945.00000000
1561564800,1561568399,0.00001772,0.00001784,0.00001673,0.00001701,1796324.00000000
1561568400,1561571999,0.00001690,0.00001779,0.00001689,0.00001722,895498.00000000
1561572000,1561575599,0.00001697,0.00001704,0.00001604,0.00001634,1711474.00000000
1561575600,1561579199,0.00001635,0.00001727,0.00001610,0.00001670,1560991.00000000
1561579200,1561582799,0.00001679,0.00001685,0.00001601,0.00001654,704090.00000000
1561582800,1561586399,0.00001652,0.00001763,0.00001612,0.00001691,621143.00000000
1561586400,1561589999,0.00001688,0.00001715,0.00001660,0.00001714,185174.00000000
1561590000,1561593599,0.00001680,0.00001707,0.00001657,0.00001657,118467.00000000
1561593600,1561597199,0.00001686,0.00001694,0.00001616,0.00001616,338198.00000000
1561597200,1561600799,0.00001618,0.00001658,0.00001618,0.00001657,55940.00000000
1561600800,1561604399,0.00001644,0.00001724,0.00001636,0.00001636,238711.00000000
1561604400,1561607999,0.00001636,0.00001645,0.00001624,0.00001624,46831.00000000
1561608000,1561611599,0.00001626,0.00001685,0.00001619,0.00001655,492016.00000000
1561611600,1561615199,0.00001660,0.00001707,0.00001660,0.00001707,101167.00000000
1561615200,1561618799,0.00001700,0.00001768,0.00001699,0.00001715,182712.00000000
1561618800,1561622399,0.00001716,0.00001724,0.00001679,0.00001688,186868.00000000
1561622400,1561625999,0.00001688,0.00001709,0.00001679,0.00001706,42136.00000000
1561626000,1561629599,0.00001704,0.00001774,0.00001692,0.00001714,1300718.00000000
1561629600,1561633199,0.00001746,0.00001746,0.00001703,0.00001706,114864.00000000
1561633200,1561636799,0.00001707,0.00001708,0.00001660,0.00001661,263679.00000000
1561636800,1561640399,0.00001689,0.00001715,0.00001659,0.00001685,409636.00000000
1561640400,1561643999,0.00001675,0.00001704,0.00001662,0.00001701,339965.00000000
1561644000,1561647599,0.00001704,0.00001734,0.00001700,0.00001716,2392475.00000000
1561647600,1561651199,0.00001693,0.00001727,0.00001681,0.00001723,280726.00000000
1561651200,1561654799,0.00001727,0.00001766,0.00001690,0.00001765,415076.00000000
1561654800,1561658399,0.00001720,0.00001783,0.00001720,0.00001768,1070109.00000000
1561658400,1561661999,0.00001751,0.00001769,0.00001720,0.00001740,405306.00000000
1561662000,1561665599,0.00001738,0.00001779,0.00001725,0.00001756,134492.00000000
1561665600,1561669199,0.00001756,0.00001756,0.00001727,0.00001734,165190.00000000
1561669200,1561672799,0.00001734,0.00001749,0.00001690,0.00001710,395232.00000000
1561672800,1561676399,0.00001701,0.00001732,0.00001670,0.00001694,813960.00000000
1561676400,1561679999,0.00001716,0.00001727,0.00001696,0.00001727,214255.00000000
1561680000,1561683599,0.00001705,0.00001729,0.00001692,0.00001692,311851.00000000
1561683600,1561687199,0.00001695,0.00001734,0.00001694,0.00001704,211148.00000000
1561687200,1561690799,0.00001698,0.00001698,0.00001660,0.00001661,1739306.00000000
1561690800,1561694399,0.00001661,0.00001685,0.00001660,0.00001685,105859.00000000
1561694400,1561697999,0.00001687,0.00001687,0.00001647,0.00001647,254361.00000000
1561698000,1561701599,0.00001640,0.00001680,0.00001637,0.00001680,155487.00000000
1561701600,1561705199,0.00001680,0.00001724,0.00001680,0.00001708,331456.00000000
1561705200,1561708799,0.00001713,0.00001729,0.00001713,0.00001729,32252.00000000
1561708800,1561712399,0.00001729,0.00001740,0.00001723,0.00001723,135297.00000000
1561712400,1561715999,0.00001698,0.00001719,0.00001655,0.00001677,912964.00000000
1561716000,1561719599,0.00001677,0.00001687,0.00001646,0.00001665,345455.00000000
1561719600,1561723199,0.00001659,0.00001681,0.00001659,0.00001679,139992.00000000
1561723200,1561726799,0.00001661,0.00001686,0.00001650,0.00001676,149087.00000000
1561726800,1561730399,0.00001676,0.00001676,0.00001654,0.00001672,33446.00000000
1561730400,1561733999,0.00001650,0.00001672,0.00001636,0.00001672,1500458.00000000
1561734000,1561737599,0.00001672,0.00001683,0.00001638,0.00001669,240511.00000000
1561737600,1561741199,0.00001682,0.00001683,0.00001669,0.00001675,82474.00000000
1561741200,1561744799,0.00001669,0.00001681,0.00001646,0.00001663,427682.00000000
1561744800,1561748399,0.00001668,0.00001685,0.00001649,0.00001667,150320.00000000
1561748400,1561751999,0.00001652,0.00001674,0.00001629,0.00001631,281418.00000000
1561752000,1561755599,0.00001631,0.00001675,0.00001631,0.00001675,102179.00000000
1561755600,1561759199,0.00001673,0.00001687,0.00001660,0.00001679,894217.00000000
1561759200,1561762799,0.00001690,0.00001690,0.00001690,0.00001690,15387.00000000
1561762800,1561766399,0.00001669,0.00001690,0.00001652,0.00001678,258201.00000000
1561766400,1561769999,0.00001652,0.00001673,0.00001641,0.00001670,242355.00000000
1561770000,1561773599,0.00001639,0.00001639,0.00001625,0.00001625,44231.00000000
1561773600,1561777199,0.00001662,0.00001691,0.00001634,0.00001670,187690.00000000
1561777200,1561780799,0.00001682,0.00001682,0.00001655,0.00001676,26646.00000000
1561780800,1561784399,0.00001678,0.00001701,0.00001667,0.00001701,274634.00000000
1561784400,1561787999,0.00001679,0.00001685,0.00001663,0.00001667,264385.00000000
1561788000,1561791599,0.00001684,0.00001688,0.00001650,0.00001650,86409.00000000
1561791600,1561795199,0.00001666,0.00001670,0.00001666,0.00001670,63549.00000000
1561795200,1561798799,0.00001669,0.00001677,0.00001661,0.00001677,636247.00000000
1561798800,1561802399,0.00001668,0.00001698,0.00001668,0.00001698,43904.00000000
1561802400,1561805999,0.00001698,0.00001705,0.00001680,0.00001680,29493.00000000
1561806000,1561809599,0.00001693,0.00001745,0.00001688,0.00001707,2997992.00000000
1561809600,1561813199,0.00001707,0.00001741,0.00001699,0.00001705,136406.00000000
1561813200,1561816799,0.00001699,0.00001726,0.00001699,0.00001726,3390.00000000
1561816800,1561820399,0.00001726,0.00001768,0.00001719,0.00001725,254969.00000000
1561820400,1561823999,0.00001741,0.00001741,0.00001718,0.00001726,272887.00000000
1561824000,1561827599,0.00001744,0.00001801,0.00001731,0.00001757,1852663.00000000
1561827600,1561831199,0.00001732,0.00001768,0.00001703,0.00001716,609139.00000000
1561831200,1561834799,0.00001717,0.00001750,0.00001709,0.00001709,594260.00000000
1561834800,1561838399,0.00001729,0.00001745,0.00001712,0.00001723,234664.00000000
1561838400,1561841999,0.00001729,0.00001783,0.00001703,0.00001731,1619617.00000000
1561842000,1561845599,0.00001731,0.00001731,0.00001698,0.00001725,789911.00000000
1561845600,1561849199,0.00001707,0.00001711,0.00001679,0.00001711,676806.00000000
1561849200,1561852799,0.00001693,0.00001731,0.00001657,0.00001672,495754.00000000
1561852800,1561856399,0.00001688,0.00001688,0.00001671,0.00001683,4189.00000000
1561856400,1561859999,0.00001683,0.00001687,0.00001661,0.00001687,68545.00000000
1561860000,1561863599,0.00001669,0.00001712,0.00001669,0.00001688,279675.00000000
1561863600,1561867199,0.00001688,0.00001688,0.00001688,0.00001688,0.00000000
1561867200,1561870799,0.00001700,0.00001701,0.00001690,0.00001690,13911.00000000
1561870800,1561874399,0.00001682,0.00001682,0.00001682,0.00001682,4410.00000000
1561874400,1561877999,0.00001682,0.00001682,0.00001682,0.00001682,0.00000000
1561878000,1561881599,0.00001682,0.00001696,0.00001681,0.00001684,14397.00000000
1561881600,1561885199,0.00001684,0.00001695,0.00001672,0.00001695,172506.00000000
1561885200,1561888799,0.00001677,0.00001695,0.00001674,0.00001690,207541.00000000
1561888800,1561892399,0.00001694,0.00001694,0.00001676,0.00001693,109448.00000000
1561892400,1561895999,0.00001693,0.00001723,0.00001693,0.00001723,153188.00000000
1561896000,1561899599,0.00001723,0.00001745,0.00001703,0.00001745,454501.00000000
1561899600,1561903199,0.00001745,0.00001773,0.00001740,0.00001745,871296.00000000
1561903200,1561906799,0.00001753,0.00001758,0.00001726,0.00001741,110325.00000000
1561906800,1561910399,0.00001741,0.00001741,0.00001689,0.00001689,378348.00000000
1561910400,1561913999,0.00001690,0.00001702,0.00001687,0.00001702,43816.00000000
1561914000,1561917599,0.00001687,0.00001734,0.00001669,0.00001690,493274.00000000
1561917600,1561921199,0.00001705,0.00001823,0.00001689,0.00001801,2142012.00000000
1561921200,1561924799,0.00001793,0.00001956,0.00001780,0.00001852,3763629.00000000
1561924800,1561928399,0.00001847,0.00001890,0.00001786,0.00001839,1706898.00000000
1561928400,1561931999,0.00001834,0.00001879,0.00001834,0.00001859,1605448.00000000
1561932000,1561935599,0.00001846,0.00001846,0.00001817,0.00001817,81238.00000000
1561935600,1561939199,0.00001816,0.00002046,0.00001757,0.00001936,3888429.00000000
1561939200,1561942799,0.00001936,0.00002043,0.00001895,0.00001943,2696544.00000000
1561942800,1561946399,0.00001944,0.00001962,0.00001909,0.00001916,913901.00000000
1561946400,1561949999,0.00001906,0.00001918,0.00001692,0.00001850,3438606.00000000
1561950000,1561953599,0.00001842,0.00001849,0.00001794,0.00001849,583419.00000000
1561953600,1561957199,0.00001844,0.00001872,0.00001829,0.00001872,138381.00000000
1561957200,1561960799,0.00001869,0.00001940,0.00001869,0.00001886,1066809.00000000
1561960800,1561964399,0.00001883,0.00002029,0.00001879,0.00001982,2212559.00000000
1561964400,1561967999,0.00001970,0.00002004,0.00001863,0.00001914,1216242.00000000
1561968000,1561971599,0.00001897,0.00001931,0.00001897,0.00001915,149135.00000000
1561971600,1561975199,0.00001914,0.00001914,0.00001878,0.00001904,220180.00000000
1561975200,1561978799,0.00001904,0.00001927,0.00001904,0.00001918,30423.00000000
1561978800,1561982399,0.00001898,0.00001914,0.00001869,0.00001914,2112731.00000000
1561982400,1561985999,0.00001914,0.00001914,0.00001868,0.00001882,167230.00000000
1561986000,1561989599,0.00001890,0.00001890,0.00001843,0.00001887,293204.00000000
1561989600,1561993199,0.00001886,0.00001888,0.00001844,0.00001844,37617.00000000
1561993200,1561996799,0.00001844,0.00001871,0.00001814,0.00001871,215575.00000000
1561996800,1562000399,0.00001874,0.00001947,0.00001854,0.00001854,1976141.00000000
1562000400,1562003999,0.00001871,0.00001936,0.00001871,0.00001906,559693.00000000
1562004000,1562007599,0.00001921,0.00001936,0.00001888,0.00001913,589555.00000000
1562007600,1562011199,0.00001906,0.00001930,0.00001899,0.00001930,568258.00000000
1562011200,1562014799,0.00001929,0.00001967,0.00001887,0.00001914,1657751.00000000
1562014800,1562018399,0.00001901,0.00001934,0.00001901,0.00001914,86711.00000000
1562018400,1562021999,0.00001900,0.00001911,0.00001897,0.00001909,29204.00000000
1562022000,1562025599,0.00001896,0.00001906,0.00001896,0.00001900,26470.00000000
1562025600,1562029199,0.00001900,0.00001938,0.00001900,0.00001937,142291.00000000
1562029200,1562032799,0.00001919,0.00001942,0.00001914,0.00001942,214843.00000000
1562032800,1562036399,0.00001929,0.00001949,0.00001922,0.00001922,118648.00000000
1562036400,1562039999,0.00001920,0.00001920,0.00001880,0.00001907,371575.00000000
1562040000,1562043599,0.00001897,0.00001920,0.00001896,0.00001897,222913.00000000
1562043600,1562047199,0.00001896,0.00001896,0.00001896,0.00001896,4128.00000000
1562047200,1562050799,0.00001896,0.00001910,0.00001896,0.00001906,39451.00000000
1562050800,1562054399,0.00001894,0.00001903,0.00001865,0.00001889,118473.00000000
1562054400,1562057999,0.00001879,0.00001907,0.00001860,0.00001860,257831.00000000
1562058000,1562061599,0.00001868,0.00001888,0.00001868,0.00001879,236873.00000000
1562061600,1562065199,0.00001896,0.00001898,0.00001844,0.00001859,308051.00000000
1562065200,1562068799,0.00001852,0.00001879,0.00001828,0.00001869,365954.00000000
1562068800,1562072399,0.00001870,0.00001872,0.00001841,0.00001870,170204.00000000
1562072400,1562075999,0.00001846,0.00001862,0.00001817,0.00001822,228225.00000000
1562076000,1562079599,0.00001817,0.00001852,0.00001782,0.00001784,813536.00000000
1562079600,1562083199,0.00001798,0.00001826,0.00001777,0.00001798,389533.00000000
1562083200,1562086799,0.00001792,0.00001823,0.00001773,0.00001773,209259.00000000
1562086800,1562090399,0.00001790,0.00001803,0.00001755,0.00001755,302130.00000000
1562090400,1562093999,0.00001770,0.00001797,0.00001762,0.00001786,412374.00000000
1562094000,1562097599,0.00001784,0.00001798,0.00001780,0.00001790,308584.00000000
1562097600,1562101199,0.00001799,0.00001803,0.00001742,0.00001803,542573.00000000
1562101200,1562104799,0.00001781,0.00001787,0.00001758,0.00001758,203133.00000000
1562104800,1562108399,0.00001767,0.00001780,0.00001767,0.00001780,58544.00000000
1562108400,1562111999,0.00001783,0.00001804,0.00001756,0.00001780,394109.00000000
1562112000,1562115599,0.00001790,0.00001790,0.00001741,0.00001762,347333.00000000
1562115600,1562119199,0.00001754,0.00001765,0.00001733,0.00001762,284546.00000000
1562119200,1562122799,0.00001755,0.00001781,0.00001749,0.00001781,146848.00000000
1562122800,1562126399,0.00001780,0.00001781,0.00001774,0.00001774,45665.00000000
1562126400,1562129999,0.00001774,0.00001810,0.00001774,0.00001792,221041.00000000
1562130000,1562133599,0.00001791,0.00001810,0.00001767,0.00001792,335437.00000000
1562133600,1562137199,0.00001775,0.00001775,0.00001767,0.00001772,59781.00000000
1562137200,1562140799,0.00001770,0.00001792,0.00001755,0.00001792,82361.00000000
1562140800,1562144399,0.00001792,0.00001792,0.00001792,0.00001792,0.00000000
1562144400,1562147999,0.00001775,0.00001802,0.00001763,0.00001802,131140.00000000
1562148000,1562151599,0.00001796,0.00001796,0.00001780,0.00001780,80538.00000000
1562151600,1562155199,0.00001775,0.00001775,0.00001764,0.00001764,6071.00000000
1562155200,1562158799,0.00001764,0.00001764,0.00001764,0.00001764,0.00000000
1562158800,1562162399,0.00001775,0.00001780,0.00001757,0.00001780,83527.00000000
1562162400,1562165999,0.00001780,0.00001780,0.00001779,0.00001779,104108.00000000
1562166000,1562169599,0.00001780,0.00001792,0.00001780,0.00001792,63271.00000000
1562169600,1562173199,0.00001792,0.00001799,0.00001778,0.00001783,145432.00000000
1562173200,1562176799,0.00001795,0.00001795,0.00001744,0.00001781,122900.00000000
1562176800,1562180399,0.00001791,0.00001808,0.00001766,0.00001791,184930.00000000
1562180400,1562183999,0.00001791,0.00001791,0.00001790,0.00001790,87432.00000000
1562184000,1562187599,0.00001800,0.00001818,0.00001792,0.00001792,331061.00000000
1562187600,1562191199,0.00001809,0.00001837,0.00001799,0.00001827,316452.00000000
1562191200,1562194799,0.00001834,0.00001862,0.00001762,0.00001762,399685.00000000
1562194800,1562198399,0.00001762,0.00001785,0.00001730,0.00001762,681038.00000000
1562198400,1562201999,0.00001751,0.00001770,0.00001740,0.00001746,253665.00000000
1562202000,1562205599,0.00001744,0.00001777,0.00001693,0.00001758,431396.00000000
1562205600,1562209199,0.00001766,0.00001766,0.00001727,0.00001749,133403.00000000
1562209200,1562212799,0.00001748,0.00001775,0.00001740,0.00001766,247447.00000000
1562212800,1562216399,0.00001747,0.00001762,0.00001730,0.00001745,153046.00000000
1562216400,1562219999,0.00001764,0.00001764,0.00001726,0.00001745,701591.00000000
1562220000,1562223599,0.00001742,0.00001742,0.00001722,0.00001730,806162.00000000
1562223600,1562227199,0.00001723,0.00001736,0.00001654,0.00001700,1098650.00000000
1562227200,1562230799,0.00001695,0.00001705,0.00001654,0.00001685,355882.00000000
1562230800,1562234399,0.00001685,0.00001720,0.00001685,0.00001698,162720.00000000
1562234400,1562237999,0.00001707,0.00001707,0.00001688,0.00001698,186870.00000000
1562238000,1562241599,0.00001699,0.00001722,0.00001695,0.00001715,1054186.00000000
1562241600,1562245199,0.00001719,0.00001724,0.00001682,0.00001723,795536.00000000
1562245200,1562248799,0.00001725,0.00001736,0.00001670,0.00001722,936024.00000000
1562248800,1562252399,0.00001722,0.00001770,0.00001722,0.00001745,157899.00000000
1562252400,1562255999,0.00001745,0.00001792,0.00001745,0.00001792,1181067.00000000
1562256000,1562259599,0.00001784,0.00001784,0.00001744,0.00001744,164463.00000000
1562259600,1562263199,0.00001750,0.00001775,0.00001744,0.00001744,131318.00000000
1562263200,1562266799,0.00001744,0.00001744,0.00001744,0.00001744,35000.00000000
1562266800,1562270399,0.00001746,0.00001774,0.00001745,0.00001765,89644.00000000
1562270400,1562273999,0.00001746,0.00001761,0.00001732,0.00001760,362779.00000000
1562274000,1562277599,0.00001762,0.00001877,0.00001745,0.00001768,1973631.00000000
1562277600,1562281199,0.00001778,0.00001790,0.00001733,0.00001745,324989.00000000
1562281200,1562284799,0.00001752,0.00001776,0.00001733,0.00001776,84995.00000000
1562284800,1562288399,0.00001777,0.00001792,0.00001777,0.00001791,30993.00000000
1562288400,1562291999,0.00001791,0.00001792,0.00001785,0.00001791,2897.00000000
1562292000,1562295599,0.00001792,0.00001792,0.00001792,0.00001792,7387.00000000
1562295600,1562299199,0.00001798,0.00001804,0.00001785,0.00001804,145097.00000000
1562299200,1562302799,0.00001793,0.00001796,0.00001784,0.00001789,370686.00000000
1562302800,1562306399,0.00001775,0.00001799,0.00001764,0.00001799,132930.00000000
1562306400,1562309999,0.00001798,0.00001798,0.00001750,0.00001757,224277.00000000
1562310000,1562313599,0.00001763,0.00001775,0.00001759,0.00001768,27889.00000000
1562313600,1562317199,0.00001764,0.00001782,0.00001764,0.00001764,87473.00000000
1562317200,1562320799,0.00001764,0.00001785,0.00001733,0.00001750,78647.00000000
1562320800,1562324399,0.00001740,0.00001748,0.00001740,0.00001747,10948.00000000
1562324400,1562327999,0.00001726,0.00001730,0.00001711,0.00001711,19730.00000000
1562328000,1562331599,0.00001726,0.00001726,0.00001667,0.00001711,639735.00000000
1562331600,1562335199,0.00001693,0.00001714,0.00001681,0.00001713,52484.00000000
1562335200,1562338799,0.00001708,0.00001723,0.00001700,0.00001720,585115.00000000
1562338800,1562342399,0.00001705,0.00001726,0.00001690,0.00001726,115707.00000000
1562342400,1562345999,0.00001726,0.00001726,0.00001726,0.00001726,432398.00000000
1562346000,1562349599,0.00001726,0.00001747,0.00001726,0.00001740,836050.00000000
1562349600,1562353199,0.00001726,0.00001736,0.00001726,0.00001736,1835.00000000
1562353200,1562356799,0.00001744,0.00001744,0.00001713,0.00001729,213357.00000000
1562356800,1562360399,0.00001712,0.00001736,0.00001689,0.00001736,379753.00000000
1562360400,1562363999,0.00001731,0.00001731,0.00001716,0.00001731,248537.00000000
1562364000,1562367599,0.00001740,0.00001751,0.00001724,0.00001724,47581.00000000
1562367600,1562371199,0.00001744,0.00001758,0.00001744,0.00001758,29482.00000000
1562371200,1562374799,0.00001741,0.00001741,0.00001712,0.00001712,166484.00000000
1562374800,1562378399,0.00001720,0.00001740,0.00001720,0.00001740,13336.00000000
1562378400,1562381999,0.00001740,0.00001740,0.00001740,0.00001740,0.00000000
1562382000,1562385599,0.00001723,0.00001746,0.00001723,0.00001746,61803.00000000
1562385600,1562389199,0.00001729,0.00001729,0.00001729,0.00001729,2848.00000000
1562389200,1562392799,0.00001729,0.00001729,0.00001729,0.00001729,0.00000000
1562392800,1562396399,0.00001726,0.00001726,0.00001721,0.00001721,5401.00000000
1562396400,1562399999,0.00001728,0.00001741,0.00001711,0.00001722,376404.00000000
1562400000,1562403599,0.00001740,0.00001744,0.00001705,0.00001718,530587.00000000
1562403600,1562407199,0.00001715,0.00001726,0.00001715,0.00001726,185858.00000000
1562407200,1562410799,0.00001708,0.00001726,0.00001702,0.00001726,47253.00000000
1562410800,1562414399,0.00001733,0.00001740,0.00001716,0.00001717,142406.00000000
1562414400,1562417999,0.00001717,0.00001747,0.00001700,0.00001735,404647.00000000
1562418000,1562421599,0.00001737,0.00001745,0.00001737,0.00001745,148128.00000000
1562421600,1562425199,0.00001745,0.00001745,0.00001741,0.00001742,23748.00000000
1562425200,1562428799,0.00001741,0.00001744,0.00001722,0.00001722,36899.00000000
1562428800,1562432399,0.00001727,0.00001727,0.00001724,0.00001725,8157.00000000
1562432400,1562435999,0.00001710,0.00001724,0.00001710,0.00001724,8950.00000000
1562436000,1562439599,0.00001730,0.00001931,0.00001711,0.00001789,3217948.00000000
1562439600,1562443199,0.00001781,0.00001781,0.00001743,0.00001775,69937.00000000
1562443200,1562446799,0.00001772,0.00001775,0.00001757,0.00001757,126484.00000000
1562446800,1562450399,0.00001745,0.00001764,0.00001744,0.00001747,189232.00000000
1562450400,1562453999,0.00001747,0.00001793,0.00001741,0.00001778,163277.00000000
1562454000,1562457599,0.00001792,0.00001792,0.00001775,0.00001775,30096.00000000
1562457600,1562461199,0.00001762,0.00001775,0.00001762,0.00001775,2355.00000000
1562461200,1562464799,0.00001779,0.00001779,0.00001761,0.00001761,6321.00000000
1562464800,1562468399,0.00001779,0.00001816,0.00001764,0.00001764,259458.00000000
1562468400,1562471999,0.00001764,0.00001764,0.00001764,0.00001764,0.00000000
1562472000,1562475599,0.00001775,0.00001775,0.00001775,0.00001775,1591.00000000
1562475600,1562479199,0.00001764,0.00001780,0.00001761,0.00001764,78132.00000000
1562479200,1562482799,0.00001764,0.00001765,0.00001764,0.00001765,66336.00000000
1562482800,1562486399,0.00001762,0.00001762,0.00001762,0.00001762,50000.00000000
1562486400,1562489999,0.00001778,0.00001791,0.00001769,0.00001769,67806.00000000
1562490000,1562493599,0.00001769,0.00001769,0.00001769,0.00001769,0.00000000
1562493600,1562497199,0.00001769,0.00001769,0.00001769,0.00001769,0.00000000
1562497200,1562500799,0.00001767,0.00001770,0.00001726,0.00001740,794385.00000000
1562500800,1562504399,0.00001730,0.00001762,0.00001730,0.00001762,53196.00000000
1562504400,1562507999,0.00001745,0.00001745,0.00001740,0.00001740,9045.00000000
1562508000,1562511599,0.00001750,0.00001750,0.00001738,0.00001738,66137.00000000
1562511600,1562515199,0.00001726,0.00001769,0.00001726,0.00001745,123429.00000000
1562515200,1562518799,0.00001746,0.00001746,0.00001746,0.00001746,1620.00000000
1562518800,1562522399,0.00001746,0.00001746,0.00001710,0.00001710,245220.00000000
1562522400,1562525999,0.00001710,0.00001712,0.00001666,0.00001674,812564.00000000
1562526000,1562529599,0.00001674,0.00001705,0.00001672,0.00001674,476851.00000000
1562529600,1562533199,0.00001673,0.00001691,0.00001673,0.00001687,85959.00000000
1562533200,1562536799,0.00001685,0.00001685,0.00001670,0.00001670,179550.00000000
1562536800,1562540399,0.00001667,0.00001671,0.00001663,0.00001663,311348.00000000
1562540400,1562543999,0.00001663,0.00001684,0.00001663,0.00001664,208385.00000000
1562544000,1562547599,0.00001664,0.00001664,0.00001664,0.00001664,0.00000000
1562547600,1562551199,0.00001678,0.00001678,0.00001678,0.00001678,27140.00000000
1562551200,1562554799,0.00001678,0.00001690,0.00001678,0.00001690,76658.00000000
1562554800,1562558399,0.00001690,0.00001690,0.00001690,0.00001690,11284.00000000
1562558400,1562561999,0.00001682,0.00001688,0.00001666,0.00001683,841923.00000000
1562562000,1562565599,0.00001683,0.00001683,0.00001683,0.00001683,0.00000000
1562565600,1562569199,0.00001687,0.00001702,0.00001687,0.00001702,34227.00000000
1562569200,1562572799,0.00001702,0.00001714,0.00001672,0.00001688,111157.00000000
1562572800,1562576399,0.00001674,0.00001678,0.00001667,0.00001667,120822.00000000
1562576400,1562579999,0.00001673,0.00001677,0.00001632,0.00001635,510946.00000000
1562580000,1562583599,0.00001636,0.00001652,0.00001633,0.00001633,5101.00000000
1562583600,1562587199,0.00001650,0.00001652,0.00001626,0.00001637,417057.00000000
1562587200,1562590799,0.00001637,0.00001667,0.00001623,0.00001667,93389.00000000
1562590800,1562594399,0.00001652,0.00001663,0.00001652,0.00001663,15306.00000000
1562594400,1562597999,0.00001657,0.00001657,0.00001657,0.00001657,1830.00000000
1562598000,1562601599,0.00001657,0.00001665,0.00001657,0.00001658,128171.00000000
1562601600,1562605199,0.00001658,0.00001658,0.00001658,0.00001658,0.00000000
1562605200,1562608799,0.00001638,0.00001658,0.00001638,0.00001658,18434.00000000
1562608800,1562612399,0.00001666,0.00001671,0.00001666,0.00001671,15791.00000000
1562612400,1562615999,0.00001669,0.00001672,0.00001648,0.00001650,51308.00000000
1562616000,1562619599,0.00001642,0.00001666,0.00001603,0.00001633,500386.00000000
1562619600,1562623199,0.00001628,0.00001640,0.00001628,0.00001640,63876.00000000
1562623200,1562626799,0.00001620,0.00001641,0.00001618,0.00001618,91497.00000000
1562626800,1562630399,0.00001618,0.00001618,0.00001618,0.00001618,0.00000000
1562630400,1562633999,0.00001629,0.00001635,0.00001619,0.00001619,105556.00000000
1562634000,1562637599,0.00001619,0.00001619,0.00001615,0.00001615,59149.00000000
1562637600,1562641199,0.00001635,0.00001638,0.00001633,0.00001638,607696.00000000
1562641200,1562644799,0.00001622,0.00001637,0.00001620,0.00001620,18516.00000000
1562644800,1562648399,0.00001636,0.00001638,0.00001609,0.00001609,146567.00000000
1562648400,1562651999,0.00001602,0.00001635,0.00001600,0.00001614,126676.00000000
1562652000,1562655599,0.00001603,0.00001609,0.00001603,0.00001607,87655.00000000
1562655600,1562659199,0.00001607,0.00001653,0.00001601,0.00001645,920561.00000000
1562659200,1562662799,0.00001644,0.00001644,0.00001618,0.00001618,77630.00000000
1562662800,1562666399,0.00001610,0.00001610,0.00001569,0.00001570,402953.00000000
1562666400,1562669999,0.00001581,0.00001583,0.00001516,0.00001545,797542.00000000
1562670000,1562673599,0.00001552,0.00001568,0.00001537,0.00001568,54135.00000000
1562673600,1562677199,0.00001573,0.00001583,0.00001551,0.00001551,289218.00000000
1562677200,1562680799,0.00001546,0.00001563,0.00001530,0.00001563,276554.00000000
1562680800,1562684399,0.00001556,0.00001556,0.00001555,0.00001555,11402.00000000
1562684400,1562687999,0.00001555,0.00001560,0.00001555,0.00001560,245932.00000000
1562688000,1562691599,0.00001573,0.00001574,0.00001545,0.00001545,79562.00000000
1562691600,1562695199,0.00001540,0.00001581,0.00001518,0.00001581,465511.00000000
1562695200,1562698799,0.00001549,0.00001549,0.00001549,0.00001549,18087.00000000
1562698800,1562702399,0.00001549,0.00001593,0.00001543,0.00001593,293782.00000000
1562702400,1562705999,0.00001596,0.00001608,0.00001582,0.00001594,87060.00000000
1562706000,1562709599,0.00001594,0.00001594,0.00001590,0.00001590,40120.00000000
1562709600,1562713199,0.00001590,0.00001603,0.00001582,0.00001586,44302.00000000
1562713200,1562716799,0.00001599,0.00001599,0.00001595,0.00001595,27393.00000000
1562716800,1562720399,0.00001595,0.00001608,0.00001595,0.00001608,27401.00000000
1562720400,1562723999,0.00001615,0.00001615,0.00001585,0.00001585,36085.00000000
1562724000,1562727599,0.00001578,0.00001585,0.00001578,0.00001585,68433.00000000
1562727600,1562731199,0.00001585,0.00001585,0.00001585,0.00001585,3996.00000000
1562731200,1562734799,0.00001585,0.00001585,0.00001584,0.00001584,32591.00000000
1562734800,1562738399,0.00001572,0.00001572,0.00001529,0.00001542,1008839.00000000
1562738400,1562741999,0.00001542,0.00001567,0.00001542,0.00001567,126153.00000000
1562742000,1562745599,0.00001567,0.00001575,0.00001567,0.00001575,29689.00000000
1562745600,1562749199,0.00001590,0.00001595,0.00001590,0.00001595,72548.00000000
1562749200,1562752799,0.00001569,0.00001569,0.00001531,0.00001531,106873.00000000
1562752800,1562756399,0.00001535,0.00001564,0.00001535,0.00001564,218763.00000000
1562756400,1562759999,0.00001570,0.00001595,0.00001549,0.00001549,134570.00000000
1562760000,1562763599,0.00001552,0.00001554,0.00001550,0.00001554,70453.00000000
1562763600,1562767199,0.00001544,0.00001567,0.00001544,0.00001567,3000.00000000
1562767200,1562770799,0.00001565,0.00001618,0.00001561,0.00001600,134415.00000000
1562770800,1562774399,0.00001600,0.00001638,0.00001575,0.00001584,260474.00000000
1562774400,1562777999,0.00001608,0.00001636,0.00001562,0.00001630,658367.00000000
1562778000,1562781599,0.00001618,0.00001656,0.00001557,0.00001656,369581.00000000
1562781600,1562785199,0.00001637,0.00001689,0.00001622,0.00001650,482687.00000000
1562785200,1562788799,0.00001645,0.00001648,0.00001624,0.00001648,149682.00000000
1562788800,1562792399,0.00001618,0.00001644,0.00001606,0.00001628,79891.00000000
1562792400,1562795999,0.00001624,0.00001624,0.00001603,0.00001603,55139.00000000
1562796000,1562799599,0.00001631,0.00001637,0.00001612,0.00001612,116743.00000000
1562799600,1562803199,0.00001612,0.00001612,0.00001612,0.00001612,0.00000000
1562803200,1562806799,0.00001612,0.00001637,0.00001603,0.00001637,151666.00000000
1562806800,1562810399,0.00001641,0.00001641,0.00001641,0.00001641,1951.00000000
1562810400,1562813999,0.00001653,0.00001653,0.00001642,0.00001642,7170.00000000
1562814000,1562817599,0.00001642,0.00001654,0.00001618,0.00001635,203130.00000000
1562817600,1562821199,0.00001626,0.00001672,0.00001618,0.00001662,304544.00000000
1562821200,1562824799,0.00001638,0.00001638,0.00001550,0.00001619,208741.00000000
1562824800,1562828399,0.00001629,0.00001630,0.00001619,0.00001620,14601.00000000
1562828400,1562831999,0.00001610,0.00001610,0.00001575,0.00001602,99539.00000000
1562832000,1562835599,0.00001601,0.00001601,0.00001579,0.00001579,1846.00000000
1562835600,1562839199,0.00001585,0.00001585,0.00001578,0.00001578,33209.00000000
1562839200,1562842799,0.00001579,0.00001579,0.00001578,0.00001578,21893.00000000
1562842800,1562846399,0.00001578,0.00001621,0.00001578,0.00001606,42096.00000000
1562846400,1562849999,0.00001619,0.00001689,0.00001609,0.00001689,605562.00000000
1562850000,1562853599,0.00001675,0.00001675,0.00001675,0.00001675,2489.00000000
1562853600,1562857199,0.00001689,0.00001748,0.00001676,0.00001731,418670.00000000
1562857200,1562860799,0.00001726,0.00001782,0.00001709,0.00001758,200288.00000000
1562860800,1562864399,0.00001762,0.00001795,0.00001550,0.00001727,5210643.00000000
1562864400,1562867999,0.00001730,0.00001748,0.00001701,0.00001701,232493.00000000
1562868000,1562871599,0.00001695,0.00001696,0.00001657,0.00001657,255361.00000000
1562871600,1562875199,0.00001674,0.00001674,0.00001656,0.00001672,8149.00000000
1562875200,1562878799,0.00001671,0.00001671,0.00001656,0.00001671,33417.00000000
1562878800,1562882399,0.00001670,0.00001675,0.00001649,0.00001649,94085.00000000
1562882400,1562885999,0.00001660,0.00001660,0.00001621,0.00001653,291253.00000000
1562886000,1562889599,0.00001638,0.00001651,0.00001622,0.00001622,62106.00000000
1562889600,1562893199,0.00001642,0.00001642,0.00001612,0.00001612,45048.00000000
1562893200,1562896799,0.00001612,0.00001630,0.00001612,0.00001630,2675.00000000
1562896800,1562900399,0.00001622,0.00001652,0.00001612,0.00001640,32728.00000000
1562900400,1562903999,0.00001640,0.00001640,0.00001586,0.00001586,419603.00000000
1562904000,1562907599,0.00001601,0.00001635,0.00001578,0.00001600,186700.00000000
1562907600,1562911199,0.00001602,0.00001618,0.00001579,0.00001617,338934.00000000
1562911200,1562914799,0.00001617,0.00001618,0.00001600,0.00001605,119908.00000000
1562914800,1562918399,0.00001597,0.00001632,0.00001597,0.00001600,170893.00000000
1562918400,1562921999,0.00001618,0.00001631,0.00001616,0.00001631,216693.00000000
1562922000,1562925599,0.00001631,0.00001631,0.00001631,0.00001631,0.00000000
1562925600,1562929199,0.00001631,0.00001631,0.00001631,0.00001631,1150.00000000
1562929200,1562932799,0.00001632,0.00001635,0.00001632,0.00001635,1208.00000000
1562932800,1562936399,0.00001635,0.00001635,0.00001635,0.00001635,0.00000000
1562936400,1562939999,0.00001620,0.00001692,0.00001618,0.00001654,1131097.00000000
1562940000,1562943599,0.00001654,0.00001672,0.00001654,0.00001671,1175287.00000000
1562943600,1562947199,0.00001672,0.00001681,0.00001647,0.00001663,79260.00000000
1562947200,1562950799,0.00001661,0.00001693,0.00001661,0.00001693,516627.00000000
1562950800,1562954399,0.00001693,0.00001693,0.00001673,0.00001690,161572.00000000
1562954400,1562957999,0.00001696,0.00001708,0.00001674,0.00001708,180343.00000000
1562958000,1562961599,0.00001691,0.00001716,0.00001688,0.00001688,69302.00000000
1562961600,1562965199,0.00001698,0.00001698,0.00001698,0.00001698,14496.00000000
1562965200,1562968799,0.00001676,0.00001676,0.00001635,0.00001664,125268.00000000
1562968800,1562972399,0.00001654,0.00001654,0.00001629,0.00001629,31653.00000000
1562972400,1562975999,0.00001624,0.00001635,0.00001620,0.00001635,64575.00000000
1562976000,1562979599,0.00001631,0.00001641,0.00001631,0.00001641,9510.00000000
1562979600,1562983199,0.00001642,0.00001642,0.00001642,0.00001642,1368.00000000
1562983200,1562986799,0.00001641,0.00001641,0.00001641,0.00001641,894.00000000
1562986800,1562990399,0.00001641,0.00001641,0.00001641,0.00001641,0.00000000
1562990400,1562993999,0.00001649,0.00001651,0.00001649,0.00001651,17767.00000000
1562994000,1562997599,0.00001653,0.00001670,0.00001653,0.00001670,261372.00000000
1562997600,1563001199,0.00001655,0.00001705,0.00001655,0.00001670,47703.00000000
1563001200,1563004799,0.00001670,0.00001674,0.00001654,0.00001668,214580.00000000
1563004800,1563008399,0.00001666,0.00001685,0.00001656,0.00001656,31472.00000000
1563008400,1563011999,0.00001666,0.00001666,0.00001665,0.00001665,45217.00000000
1563012000,1563015599,0.00001654,0.00001659,0.00001635,0.00001635,390909.00000000
1563015600,1563019199,0.00001649,0.00001650,0.00001631,0.00001650,269406.00000000
1563019200,1563022799,0.00001650,0.00001650,0.00001650,0.00001650,0.00000000
1563022800,1563026399,0.00001650,0.00001650,0.00001650,0.00001650,0.00000000
1563026400,1563029999,0.00001626,0.00001647,0.00001626,0.00001647,33676.00000000
1563030000,1563033599,0.00001635,0.00001635,0.00001635,0.00001635,3926.00000000
1563033600,1563037199,0.00001635,0.00001650,0.00001619,0.00001619,90547.00000000
1563037200,1563040799,0.00001643,0.00001643,0.00001642,0.00001642,37997.00000000
1563040800,1563044399,0.00001646,0.00001646,0.00001618,0.00001618,27238.00000000
1563044400,1563047999,0.00001618,0.00001643,0.00001616,0.00001631,255029.00000000
1563048000,1563051599,0.00001635,0.00001635,0.00001600,0.00001615,168694.00000000
1563051600,1563055199,0.00001618,0.00001633,0.00001603,0.00001633,10344.00000000
1563055200,1563058799,0.00001626,0.00001626,0.00001626,0.00001626,23219.00000000
1563058800,1563062399,0.00001635,0.00001653,0.00001635,0.00001635,269393.00000000
1563062400,1563065999,0.00001618,0.00001618,0.00001618,0.00001618,2418.00000000
1563066000,1563069599,0.00001633,0.00001634,0.00001633,0.00001634,12270.00000000
1563069600,1563073199,0.00001615,0.00001682,0.00001601,0.00001681,306507.00000000
1563073200,1563076799,0.00001653,0.00001669,0.00001644,0.00001669,20271.00000000
1563076800,1563080399,0.00001669,0.00001669,0.00001669,0.00001669,0.00000000
1563080400,1563083999,0.00001643,0.00001643,0.00001643,0.00001643,1394.00000000
1563084000,1563087599,0.00001643,0.00001643,0.00001643,0.00001643,3096.00000000
1563087600,1563091199,0.00001642,0.00001642,0.00001642,0.00001642,16000.00000000
1563091200,1563094799,0.00001635,0.00001635,0.00001635,0.00001635,33875.00000000
1563094800,1563098399,0.00001626,0.00001705,0.00001619,0.00001699,357871.00000000
1563098400,1563101999,0.00001703,0.00001703,0.00001666,0.00001670,600396.00000000
1563102000,1563105599,0.00001671,0.00001691,0.00001660,0.00001671,533609.00000000
1563105600,1563109199,0.00001677,0.00001871,0.00001677,0.00001871,2612302.00000000
1563109200,1563112799,0.00001861,0.00001861,0.00001799,0.00001824,381348.00000000
1563112800,1563116399,0.00001816,0.00001920,0.00001816,0.00001871,639310.00000000
1563116400,1563119999,0.00001881,0.00002200,0.00001839,0.00001909,9852110.00000000
1563120000,1563123599,0.00001930,0.00002144,0.00001896,0.00002000,4285047.00000000
1563123600,1563127199,0.00002001,0.00002200,0.00001916,0.00002087,6265358.00000000
1563127200,1563130799,0.00002070,0.00002120,0.00002059,0.00002085,869311.00000000
1563130800,1563134399,0.00002089,0.00002104,0.00002012,0.00002052,1190344.00000000
1563134400,1563137999,0.00002037,0.00002054,0.00001910,0.00001971,1615907.00000000
1563138000,1563141599,0.00001971,0.00001999,0.00001658,0.00001907,6086116.00000000
1563141600,1563145199,0.00001920,0.00001965,0.00001885,0.00001913,1199279.00000000
1563145200,1563148799,0.00001900,0.00001900,0.00001734,0.00001808,1034861.00000000
1563148800,1563152399,0.00001808,0.00001965,0.00001749,0.00001890,2339622.00000000
1563152400,1563155999,0.00001879,0.00001879,0.00001800,0.00001817,388003.00000000
1563156000,1563159599,0.00001821,0.00001850,0.00001723,0.00001809,1510788.00000000
1563159600,1563163199,0.00001809,0.00001875,0.00001770,0.00001873,1052642.00000000
1563163200,1563166799,0.00001855,0.00001865,0.00001838,0.00001839,215653.00000000
1563166800,1563170399,0.00001849,0.00001883,0.00001849,0.00001883,96613.00000000
1563170400,1563173999,0.00001863,0.00001883,0.00001792,0.00001792,676631.00000000
1563174000,1563177599,0.00001791,0.00001834,0.00001750,0.00001784,386571.00000000
1563177600,1563181199,0.00001794,0.00001808,0.00001785,0.00001808,42073.00000000
1563181200,1563184799,0.00001808,0.00001829,0.00001781,0.00001781,328781.00000000
1563184800,1563188399,0.00001807,0.00001807,0.00001775,0.00001791,243233.00000000
1563188400,1563191999,0.00001791,0.00001819,0.00001776,0.00001818,952584.00000000
1563192000,1563195599,0.00001801,0.00001819,0.00001793,0.00001793,30099.00000000
1563195600,1563199199,0.00001793,0.00001793,0.00001767,0.00001778,239036.00000000
1563199200,1563202799,0.00001792,0.00001808,0.00001778,0.00001808,242682.00000000
1563202800,1563206399,0.00001794,0.00001853,0.00001794,0.00001827,442357.00000000
1563206400,1563209999,0.00001834,0.00001836,0.00001810,0.00001821,175279.00000000
1563210000,1563213599,0.00001843,0.00001843,0.00001785,0.00001793,291876.00000000
1563213600,1563217199,0.00001785,0.00001804,0.00001759,0.00001790,499269.00000000
1563217200,1563220799,0.00001778,0.00001780,0.00001711,0.00001772,648250.00000000
1563220800,1563224399,0.00001772,0.00001800,0.00001721,0.00001792,543921.00000000
1563224400,1563227999,0.00001799,0.00001800,0.00001778,0.00001788,69733.00000000
1563228000,1563231599,0.00001800,0.00001800,0.00001700,0.00001752,985387.00000000
1563231600,1563235199,0.00001753,0.00001766,0.00001753,0.00001766,145615.00000000
1563235200,1563238799,0.00001762,0.00001762,0.00001723,0.00001723,105641.00000000
1563238800,1563242399,0.00001722,0.00001722,0.00001600,0.00001699,2055111.00000000
1563242400,1563245999,0.00001670,0.00001706,0.00001649,0.00001706,956259.00000000
1563246000,1563249599,0.00001688,0.00001727,0.00001646,0.00001727,397943.00000000
1563249600,1563253199,0.00001738,0.00001767,0.00001670,0.00001673,528311.00000000
1563253200,1563256799,0.00001682,0.00001699,0.00001682,0.00001699,147877.00000000
1563256800,1563260399,0.00001699,0.00001716,0.00001670,0.00001671,218472.00000000
1563260400,1563263999,0.00001672,0.00001778,0.00001671,0.00001744,1209192.00000000
1563264000,1563267599,0.00001748,0.00001748,0.00001709,0.00001738,16770.00000000
1563267600,1563271199,0.00001709,0.00001747,0.00001709,0.00001746,46816.00000000
1563271200,1563274799,0.00001746,0.00001757,0.00001723,0.00001745,516479.00000000
1563274800,1563278399,0.00001740,0.00001745,0.00001712,0.00001714,181425.00000000
1563278400,1563281999,0.00001712,0.00001728,0.00001687,0.00001720,439523.00000000
1563282000,1563285599,0.00001727,0.00001745,0.00001690,0.00001738,420901.00000000
1563285600,1563289199,0.00001721,0.00001721,0.00001706,0.00001717,39094.00000000
1563289200,1563292799,0.00001719,0.00001719,0.00001704,0.00001704,158711.00000000
1563292800,1563296399,0.00001696,0.00001744,0.00001696,0.00001723,203689.00000000
1563296400,1563299999,0.00001740,0.00001786,0.00001689,0.00001690,734243.00000000
1563300000,1563303599,0.00001690,0.00001735,0.00001676,0.00001705,581300.00000000
1563303600,1563307199,0.00001695,0.00001700,0.00001655,0.00001655,765846.00000000
1563307200,1563310799,0.00001655,0.00001666,0.00001635,0.00001666,110519.00000000
1563310800,1563314399,0.00001636,0.00001636,0.00001618,0.00001635,62686.00000000
1563314400,1563317999,0.00001635,0.00001636,0.00001610,0.00001623,541401.00000000
1563318000,1563321599,0.00001630,0.00001645,0.00001615,0.00001615,131732.00000000
1563321600,1563325199,0.00001632,0.00001632,0.00001632,0.00001632,9192.00000000
1563325200,1563328799,0.00001635,0.00001665,0.00001611,0.00001642,1337204.00000000
1563328800,1563332399,0.00001641,0.00001641,0.00001610,0.00001620,160194.00000000
1563332400,1563335999,0.00001620,0.00001627,0.00001613,0.00001627,126526.00000000
1563336000,1563339599,0.00001635,0.00001641,0.00001635,0.00001641,61015.00000000
1563339600,1563343199,0.00001629,0.00001630,0.00001605,0.00001620,503973.00000000
1563343200,1563346799,0.00001621,0.00001646,0.00001620,0.00001645,554367.00000000
1563346800,1563350399,0.00001640,0.00001640,0.00001640,0.00001640,1234.00000000
1563350400,1563353999,0.00001640,0.00001672,0.00001620,0.00001672,320569.00000000
1563354000,1563357599,0.00001669,0.00001792,0.00001669,0.00001722,2468269.00000000
1563357600,1563361199,0.00001732,0.00001756,0.00001700,0.00001703,818173.00000000
1563361200,1563364799,0.00001703,0.00001722,0.00001703,0.00001722,55490.00000000
1563364800,1563368399,0.00001708,0.00001708,0.00001655,0.00001682,228698.00000000
1563368400,1563371999,0.00001682,0.00001682,0.00001624,0.00001646,330486.00000000
1563372000,1563375599,0.00001624,0.00001634,0.00001610,0.00001610,462445.00000000
1563375600,1563379199,0.00001620,0.00001705,0.00001600,0.00001689,1458781.00000000
1563379200,1563382799,0.00001673,0.00001688,0.00001660,0.00001688,79221.00000000
1563382800,1563386399,0.00001688,0.00001689,0.00001653,0.00001653,286912.00000000
1563386400,1563389999,0.00001653,0.00001656,0.00001653,0.00001656,29234.00000000
1563390000,1563393599,0.00001668,0.00001670,0.00001668,0.00001670,35787.00000000
1563393600,1563397199,0.00001671,0.00001671,0.00001623,0.00001639,300846.00000000
1563397200,1563400799,0.00001639,0.00001653,0.00001639,0.00001653,212763.00000000
1563400800,1563404399,0.00001653,0.00001653,0.00001648,0.00001648,35902.00000000
1563404400,1563407999,0.00001662,0.00001662,0.00001662,0.00001662,12268.00000000
1563408000,1563411599,0.00001662,0.00001670,0.00001662,0.00001669,56509.00000000
1563411600,1563415199,0.00001655,0.00001669,0.00001655,0.00001665,84865.00000000
1563415200,1563418799,0.00001665,0.00001665,0.00001665,0.00001665,0.00000000
1563418800,1563422399,0.00001665,0.00001665,0.00001665,0.00001665,3734.00000000
1563422400,1563425999,0.00001655,0.00001669,0.00001641,0.00001641,95058.00000000
1563426000,1563429599,0.00001643,0.00001643,0.00001643,0.00001643,1410.00000000
1563429600,1563433199,0.00001650,0.00001665,0.00001650,0.00001652,12610.00000000
1563433200,1563436799,0.00001652,0.00001652,0.00001652,0.00001652,0.00000000
1563436800,1563440399,0.00001649,0.00001649,0.00001649,0.00001649,6993.00000000
1563440400,1563443999,0.00001649,0.00001649,0.00001649,0.00001649,2500.00000000
1563444000,1563447599,0.00001649,0.00001652,0.00001628,0.00001652,280272.00000000
1563447600,1563451199,0.00001652,0.00001652,0.00001652,0.00001652,0.00000000
1563451200,1563454799,0.00001649,0.00001653,0.00001640,0.00001641,180617.00000000
1563454800,1563458399,0.00001638,0.00001638,0.00001610,0.00001622,329121.00000000
1563458400,1563461999,0.00001610,0.00001645,0.00001535,0.00001579,2919907.00000000
1563462000,1563465599,0.00001577,0.00001594,0.00001557,0.00001589,764747.00000000
1563465600,1563469199,0.00001586,0.00001610,0.00001586,0.00001605,749362.00000000
1563469200,1563472799,0.00001605,0.00001622,0.00001600,0.00001618,224876.00000000
1563472800,1563476399,0.00001601,0.00001628,0.00001596,0.00001628,151799.00000000
1563476400,1563479999,0.00001626,0.00001626,0.00001626,0.00001626,189.00000000
1563480000,1563483599,0.00001612,0.00001626,0.00001612,0.00001626,18023.00000000
1563483600,1563487199,0.00001626,0.00001627,0.00001626,0.00001627,7600.00000000
1563487200,1563490799,0.00001610,0.00001611,0.00001601,0.00001601,1843828.00000000
1563490800,1563494399,0.00001592,0.00001618,0.00001592,0.00001616,50504.00000000
1563494400,1563497999,0.00001612,0.00001617,0.00001612,0.00001617,13820.00000000
1563498000,1563501599,0.00001617,0.00001621,0.00001606,0.00001621,196213.00000000
1563501600,1563505199,0.00001620,0.00001631,0.00001602,0.00001631,187169.00000000
1563505200,1563508799,0.00001631,0.00001631,0.00001631,0.00001631,0.00000000
1563508800,1563512399,0.00001631,0.00001631,0.00001631,0.00001631,0.00000000
1563512400,1563515999,0.00001631,0.00001671,0.00001631,0.00001635,242533.00000000
1563516000,1563519599,0.00001633,0.00001634,0.00001633,0.00001634,48540.00000000
1563519600,1563523199,0.00001629,0.00001635,0.00001619,0.00001635,118853.00000000
1563523200,1563526799,0.00001619,0.00001660,0.00001602,0.00001660,226257.00000000
1563526800,1563530399,0.00001662,0.00001662,0.00001636,0.00001653,369812.00000000
1563530400,1563533999,0.00001665,0.00001748,0.00001665,0.00001740,523968.00000000
1563534000,1563537599,0.00001722,0.00001722,0.00001675,0.00001676,193940.00000000
1563537600,1563541199,0.00001685,0.00001717,0.00001676,0.00001717,176143.00000000
1563541200,1563544799,0.00001711,0.00001720,0.00001700,0.00001720,869195.00000000
1563544800,1563548399,0.00001720,0.00001720,0.00001720,0.00001720,13500.00000000
1563548400,1563551999,0.00001719,0.00001719,0.00001690,0.00001690,12611.00000000
1563552000,1563555599,0.00001712,0.00001712,0.00001712,0.00001712,2921.00000000
1563555600,1563559199,0.00001708,0.00001713,0.00001664,0.00001708,610499.00000000
1563559200,1563562799,0.00001709,0.00001739,0.00001682,0.00001682,812443.00000000
1563562800,1563566399,0.00001682,0.00001703,0.00001674,0.00001674,414707.00000000
1563566400,1563569999,0.00001674,0.00001674,0.00001674,0.00001674,617.00000000
1563570000,1563573599,0.00001674,0.00001688,0.00001656,0.00001656,707602.00000000
1563573600,1563577199,0.00001655,0.00001684,0.00001652,0.00001683,146226.00000000
1563577200,1563580799,0.00001683,0.00001683,0.00001683,0.00001683,0.00000000
1563580800,1563584399,0.00001684,0.00001696,0.00001684,0.00001696,481354.00000000
1563584400,1563587999,0.00001696,0.00001696,0.00001652,0.00001673,102632.00000000
1563588000,1563591599,0.00001665,0.00001701,0.00001563,0.00001701,1653782.00000000
1563591600,1563595199,0.00001666,0.00001679,0.00001641,0.00001668,200389.00000000
1563595200,1563598799,0.00001661,0.00001684,0.00001661,0.00001684,5399.00000000
1563598800,1563602399,0.00001670,0.00001670,0.00001641,0.00001669,10383.00000000
1563602400,1563605999,0.00001669,0.00001695,0.00001669,0.00001684,64339.00000000
1563606000,1563609599,0.00001684,0.00001684,0.00001684,0.00001684,617.00000000
1563609600,1563613199,0.00001684,0.00001684,0.00001684,0.00001684,0.00000000
1563613200,1563616799,0.00001672,0.00001672,0.00001670,0.00001670,10000.00000000
1563616800,1563620399,0.00001670,0.00001670,0.00001670,0.00001670,0.00000000
1563620400,1563623999,0.00001677,0.00001677,0.00001677,0.00001677,2983.00000000
1563624000,1563627599,0.00001670,0.00001670,0.00001654,0.00001654,61401.00000000
1563627600,1563631199,0.00001663,0.00001675,0.00001663,0.00001675,119579.00000000
1563631200,1563634799,0.00001664,0.00001675,0.00001639,0.00001643,30080.00000000
1563634800,1563638399,0.00001643,0.00001643,0.00001600,0.00001619,363496.00000000
1563638400,1563641999,0.00001608,0.00001621,0.00001601,0.00001617,60981.00000000
1563642000,1563645599,0.00001612,0.00001641,0.00001600,0.00001639,707191.00000000
1563645600,1563649199,0.00001642,0.00001652,0.00001642,0.00001646,548704.00000000
1563649200,1563652799,0.00001653,0.00001670,0.00001653,0.00001670,4317.00000000
1563652800,1563656399,0.00001676,0.00001676,0.00001650,0.00001663,1193410.00000000
1563656400,1563659999,0.00001660,0.00001660,0.00001660,0.00001660,1092.00000000
1563660000,1563663599,0.00001660,0.00001660,0.00001660,0.00001660,0.00000000
1563663600,1563667199,0.00001655,0.00001698,0.00001655,0.00001691,70958.00000000
1563667200,1563670799,0.00001691,0.00001691,0.00001691,0.00001691,0.00000000
1563670800,1563674399,0.00001674,0.00001674,0.00001662,0.00001662,103825.00000000
1563674400,1563677999,0.00001659,0.00001705,0.00001658,0.00001705,573227.00000000
1563678000,1563681599,0.00001705,0.00001708,0.00001696,0.00001707,11624.00000000
1563681600,1563685199,0.00001708,0.00001708,0.00001694,0.00001694,1158003.00000000
1563685200,1563688799,0.00001707,0.00001707,0.00001689,0.00001698,28240.00000000
1563688800,1563692399,0.00001688,0.00001688,0.00001688,0.00001688,631.00000000
1563692400,1563695999,0.00001690,0.00001700,0.00001678,0.00001678,1204336.00000000
1563696000,1563699599,0.00001680,0.00001731,0.00001673,0.00001695,2909130.00000000
1563699600,1563703199,0.00001710,0.00001716,0.00001688,0.00001716,441240.00000000
1563703200,1563706799,0.00001716,0.00001716,0.00001716,0.00001716,0.00000000
1563706800,1563710399,0.00001699,0.00001699,0.00001699,0.00001699,619.00000000
1563710400,1563713999,0.00001699,0.00001705,0.00001699,0.00001703,65657.00000000
1563714000,1563717599,0.00001703,0.00001705,0.00001703,0.00001705,466988.00000000
1563717600,1563721199,0.00001704,0.00001704,0.00001704,0.00001704,6476.00000000
1563721200,1563724799,0.00001715,0.00001716,0.00001715,0.00001716,16720.00000000
1563724800,1563728399,0.00001716,0.00001800,0.00001716,0.00001792,1917687.00000000
1563728400,1563731999,0.00001787,0.00001808,0.00001723,0.00001771,1895897.00000000
1563732000,1563735599,0.00001771,0.00001805,0.00001771,0.00001800,535486.00000000
1563735600,1563739199,0.00001800,0.00001800,0.00001733,0.00001784,567086.00000000
1563739200,1563742799,0.00001785,0.00001785,0.00001758,0.00001769,318342.00000000
1563742800,1563746399,0.00001757,0.00001757,0.00001746,0.00001746,5998.00000000
1563746400,1563749999,0.00001766,0.00001766,0.00001720,0.00001740,98232.00000000
1563750000,1563753599,0.00001740,0.00001757,0.00001722,0.00001741,42380.00000000
1563753600,1563757199,0.00001741,0.00001741,0.00001721,0.00001734,23281.00000000
1563757200,1563760799,0.00001725,0.00001725,0.00001720,0.00001720,17376.00000000
1563760800,1563764399,0.00001720,0.00001720,0.00001720,0.00001720,10558.00000000
1563764400,1563767999,0.00001720,0.00001720,0.00001720,0.00001720,4995.00000000
1563768000,1563771599,0.00001721,0.00001762,0.00001721,0.00001762,334836.00000000
1563771600,1563775199,0.00001762,0.00001762,0.00001762,0.00001762,21222.00000000
1563775200,1563778799,0.00001742,0.00001742,0.00001740,0.00001740,43794.00000000
1563778800,1563782399,0.00001740,0.00001740,0.00001740,0.00001740,0.00000000
1563782400,1563785999,0.00001743,0.00001748,0.00001737,0.00001743,218556.00000000
1563786000,1563789599,0.00001734,0.00001742,0.00001723,0.00001734,97166.00000000
1563789600,1563793199,0.00001730,0.00001740,0.00001729,0.00001730,8939.00000000
1563793200,1563796799,0.00001730,0.00001730,0.00001715,0.00001719,251066.00000000
1563796800,1563800399,0.00001731,0.00001748,0.00001730,0.00001748,88538.00000000
1563800400,1563803999,0.00001746,0.00001763,0.00001735,0.00001735,922933.00000000
1563804000,1563807599,0.00001754,0.00001857,0.00001731,0.00001741,1526243.00000000
1563807600,1563811199,0.00001750,0.00001750,0.00001750,0.00001750,4530.00000000
1563811200,1563814799,0.00001748,0.00001750,0.00001748,0.00001750,17989.00000000
1563814800,1563818399,0.00001750,0.00001750,0.00001750,0.00001750,578.00000000
1563818400,1563821999,0.00001740,0.00001745,0.00001740,0.00001745,5505.00000000
1563822000,1563825599,0.00001747,0.00001747,0.00001725,0.00001725,13444.00000000
1563825600,1563829199,0.00001725,0.00001725,0.00001725,0.00001725,0.00000000
1563829200,1563832799,0.00001726,0.00001726,0.00001725,0.00001725,112107.00000000
1563832800,1563836399,0.00001725,0.00001725,0.00001725,0.00001725,2962.00000000
1563836400,1563839999,0.00001725,0.00001725,0.00001725,0.00001725,0.00000000
1563840000,1563843599,0.00001725,0.00001739,0.00001700,0.00001714,498557.00000000
1563843600,1563847199,0.00001720,0.00001769,0.00001711,0.00001749,2209026.00000000
1563847200,1563850799,0.00001749,0.00001749,0.00001749,0.00001749,0.00000000
1563850800,1563854399,0.00001750,0.00001750,0.00001750,0.00001750,7286.00000000
1563854400,1563857999,0.00001738,0.00001738,0.00001738,0.00001738,10285.00000000
1563858000,1563861599,0.00001738,0.00001738,0.00001738,0.00001738,0.00000000
1563861600,1563865199,0.00001738,0.00001738,0.00001738,0.00001738,0.00000000
1563865200,1563868799,0.00001732,0.00001740,0.00001705,0.00001740,444205.00000000
1563868800,1563872399,0.00001739,0.00001809,0.00001716,0.00001782,1375003.00000000
1563872400,1563875999,0.00001789,0.00001792,0.00001776,0.00001778,387430.00000000
1563876000,1563879599,0.00001798,0.00001798,0.00001730,0.00001739,225680.00000000
1563879600,1563883199,0.00001734,0.00001734,0.00001731,0.00001731,110588.00000000
1563883200,1563886799,0.00001731,0.00001734,0.00001713,0.00001730,289403.00000000
1563886800,1563890399,0.00001717,0.00001717,0.00001717,0.00001717,5663.00000000
1563890400,1563893999,0.00001717,0.00001717,0.00001689,0.00001713,895724.00000000
1563894000,1563897599,0.00001696,0.00001696,0.00001696,0.00001696,8357.00000000
1563897600,1563901199,0.00001699,0.00001721,0.00001688,0.00001705,347165.00000000
1563901200,1563904799,0.00001705,0.00001752,0.00001705,0.00001727,197057.00000000
1563904800,1563908399,0.00001726,0.00001726,0.00001705,0.00001719,190552.00000000
1563908400,1563911999,0.00001705,0.00001705,0.00001705,0.00001705,531.00000000
1563912000,1563915599,0.00001688,0.00001728,0.00001685,0.00001728,51195.00000000
1563915600,1563919199,0.00001718,0.00001718,0.00001718,0.00001718,5792.00000000
1563919200,1563922799,0.00001718,0.00001739,0.00001711,0.00001723,30092.00000000
1563922800,1563926399,0.00001723,0.00001723,0.00001713,0.00001720,89949.00000000
1563926400,1563929999,0.00001709,0.00001725,0.00001709,0.00001725,27266.00000000
1563930000,1563933599,0.00001709,0.00001742,0.00001709,0.00001722,7038.00000000
1563933600,1563937199,0.00001739,0.00001740,0.00001727,0.00001739,18912.00000000
1563937200,1563940799,0.00001725,0.00001734,0.00001725,0.00001734,6991.00000000
1563940800,1563944399,0.00001723,0.00001734,0.00001723,0.00001734,5830.00000000
1563944400,1563947999,0.00001727,0.00001727,0.00001727,0.00001727,1442.00000000
1563948000,1563951599,0.00001727,0.00001727,0.00001727,0.00001727,0.00000000
1563951600,1563955199,0.00001727,0.00001727,0.00001727,0.00001727,0.00000000
1563955200,1563958799,0.00001727,0.00001727,0.00001727,0.00001727,0.00000000
1563958800,1563962399,0.00001727,0.00001727,0.00001727,0.00001727,0.00000000
1563962400,1563965999,0.00001727,0.00001727,0.00001727,0.00001727,0.00000000
1563966000,1563969599,0.00001722,0.00001722,0.00001685,0.00001685,303420.00000000
1563969600,1563973199,0.00001686,0.00001686,0.00001685,0.00001685,712166.00000000
1563973200,1563976799,0.00001685,0.00001685,0.00001685,0.00001685,0.00000000
1563976800,1563980399,0.00001680,0.00001699,0.00001679,0.00001679,42070.00000000
1563980400,1563983999,0.00001679,0.00001679,0.00001679,0.00001679,0.00000000
1563984000,1563987599,0.00001679,0.00001689,0.00001679,0.00001689,84539.00000000
1563987600,1563991199,0.00001689,0.00001689,0.00001689,0.00001689,0.00000000
1563991200,1563994799,0.00001687,0.00001693,0.00001687,0.00001693,242044.00000000
1563994800,1563998399,0.00001676,0.00001676,0.00001676,0.00001676,54470.00000000
1563998400,1564001999,0.00001675,0.00001684,0.00001661,0.00001673,138710.00000000
1564002000,1564005599,0.00001661,0.00001670,0.00001647,0.00001670,812350.00000000
1564005600,1564009199,0.00001669,0.00001670,0.00001669,0.00001670,42342.00000000
1564009200,1564012799,0.00001670,0.00001675,0.00001657,0.00001675,6651.00000000
1564012800,1564016399,0.00001653,0.00001653,0.00001648,0.00001649,22224.00000000
1564016400,1564019999,0.00001668,0.00001686,0.00001658,0.00001658,171860.00000000
1564020000,1564023599,0.00001672,0.00001677,0.00001672,0.00001677,1050439.00000000
1564023600,1564027199,0.00001677,0.00001694,0.00001677,0.00001682,1962249.00000000
1564027200,1564030799,0.00001698,0.00001698,0.00001682,0.00001682,94183.00000000
1564030800,1564034399,0.00001697,0.00001704,0.00001682,0.00001682,1795304.00000000
1564034400,1564037999,0.00001698,0.00001698,0.00001698,0.00001698,1179.00000000
1564038000,1564041599,0.00001685,0.00001685,0.00001685,0.00001685,700.00000000
1564041600,1564045199,0.00001682,0.00001682,0.00001682,0.00001682,189272.00000000
1564045200,1564048799,0.00001682,0.00001683,0.00001682,0.00001682,837480.00000000
1564048800,1564052399,0.00001683,0.00001693,0.00001682,0.00001682,1469826.00000000
1564052400,1564055999,0.00001682,0.00001683,0.00001682,0.00001682,562623.00000000
1564056000,1564059599,0.00001692,0.00001692,0.00001682,0.00001682,7729.00000000
1564059600,1564063199,0.00001670,0.00001670,0.00001648,0.00001648,25076.00000000
1564063200,1564066799,0.00001661,0.00001680,0.00001661,0.00001680,32530.00000000
1564066800,1564070399,0.00001680,0.00001689,0.00001668,0.00001671,14587.00000000
1564070400,1564073999,0.00001672,0.00001688,0.00001671,0.00001687,307965.00000000
1564074000,1564077599,0.00001687,0.00001700,0.00001687,0.00001700,49709.00000000
1564077600,1564081199,0.00001704,0.00001718,0.00001686,0.00001714,106990.00000000
1564081200,1564084799,0.00001712,0.00001714,0.00001712,0.00001714,111991.00000000
1564084800,1564088399,0.00001712,0.00001712,0.00001712,0.00001712,1000.00000000
1564088400,1564091999,0.00001712,0.00001712,0.00001712,0.00001712,0.00000000
1564092000,1564095599,0.00001700,0.00001700,0.00001684,0.00001684,3244.00000000
1564095600,1564099199,0.00001685,0.00001685,0.00001685,0.00001685,1800.00000000
1564099200,1564102799,0.00001705,0.00001709,0.00001705,0.00001709,1458.00000000
1564102800,1564106399,0.00001712,0.00001726,0.00001712,0.00001726,2106.00000000
1564106400,1564109999,0.00001705,0.00001705,0.00001670,0.00001704,1735515.00000000
1564110000,1564113599,0.00001673,0.00001680,0.00001670,0.00001680,258499.00000000
1564113600,1564117199,0.00001673,0.00001673,0.00001671,0.00001672,114178.00000000
1564117200,1564120799,0.00001672,0.00001672,0.00001672,0.00001672,2702.00000000
1564120800,1564124399,0.00001680,0.00001703,0.00001680,0.00001690,3767.00000000
1564124400,1564127999,0.00001690,0.00001714,0.00001690,0.00001714,57416.00000000
1564128000,1564131599,0.00001712,0.00001712,0.00001712,0.00001712,1074.00000000
1564131600,1564135199,0.00001712,0.00001714,0.00001712,0.00001714,62239.00000000
1564135200,1564138799,0.00001714,0.00001714,0.00001714,0.00001714,0.00000000
1564138800,1564142399,0.00001702,0.00001702,0.00001702,0.00001702,600.00000000
1564142400,1564145999,0.00001702,0.00001702,0.00001702,0.00001702,0.00000000
1564146000,1564149599,0.00001701,0.00001701,0.00001700,0.00001700,10810.00000000
1564149600,1564153199,0.00001714,0.00001750,0.00001714,0.00001749,1034553.00000000
1564153200,1564156799,0.00001728,0.00001728,0.00001722,0.00001722,2281.00000000
1564156800,1564160399,0.00001723,0.00001740,0.00001709,0.00001710,173035.00000000
1564160400,1564163999,0.00001710,0.00001710,0.00001655,0.00001671,114722.00000000
1564164000,1564167599,0.00001671,0.00001697,0.00001671,0.00001688,55333.00000000
1564167600,1564171199,0.00001698,0.00001698,0.00001698,0.00001698,180.00000000
1564171200,1564174799,0.00001697,0.00001719,0.00001697,0.00001719,6061.00000000
1564174800,1564178399,0.00001711,0.00001718,0.00001710,0.00001712,19402.00000000
1564178400,1564181999,0.00001719,0.00001719,0.00001713,0.00001718,4306.00000000
1564182000,1564185599,0.00001718,0.00001718,0.00001718,0.00001718,332.00000000
1564185600,1564189199,0.00001718,0.00001744,0.00001713,0.00001721,153947.00000000
1564189200,1564192799,0.00001739,0.00001739,0.00001739,0.00001739,14456.00000000
1564192800,1564196399,0.00001730,0.00001770,0.00001716,0.00001716,106076.00000000
1564196400,1564199999,0.00001720,0.00001720,0.00001720,0.00001720,3419.00000000
1564200000,1564203599,0.00001720,0.00001720,0.00001720,0.00001720,0.00000000
1564203600,1564207199,0.00001720,0.00001720,0.00001720,0.00001720,0.00000000
1564207200,1564210799,0.00001709,0.00001709,0.00001709,0.00001709,2047.00000000
1564210800,1564214399,0.00001730,0.00001730,0.00001709,0.00001730,14854.00000000
1564214400,1564217999,0.00001730,0.00001730,0.00001730,0.00001730,0.00000000
1564218000,1564221599,0.00001730,0.00001730,0.00001730,0.00001730,0.00000000
1564221600,1564225199,0.00001723,0.00001723,0.00001711,0.00001711,24626.00000000
1564225200,1564228799,0.00001712,0.00001712,0.00001679,0.00001694,46420.00000000
1564228800,1564232399,0.00001694,0.00001709,0.00001657,0.00001671,195880.00000000
1564232400,1564235999,0.00001686,0.00001696,0.00001686,0.00001688,294002.00000000
1564236000,1564239599,0.00001696,0.00001704,0.00001693,0.00001693,20412.00000000
1564239600,1564243199,0.00001690,0.00001690,0.00001684,0.00001684,374537.00000000
1564243200,1564246799,0.00001693,0.00001693,0.00001693,0.00001693,9437.00000000
1564246800,1564250399,0.00001675,0.00001675,0.00001670,0.00001670,44485.00000000
1564250400,1564253999,0.00001670,0.00001670,0.00001670,0.00001670,0.00000000
1564254000,1564257599,0.00001668,0.00001670,0.00001649,0.00001664,74235.00000000
1564257600,1564261199,0.00001670,0.00001671,0.00001670,0.00001671,17428.00000000
1564261200,1564264799,0.00001671,0.00001671,0.00001671,0.00001671,0.00000000
1564264800,1564268399,0.00001671,0.00001671,0.00001671,0.00001671,0.00000000
1564268400,1564271999,0.00001671,0.00001672,0.00001646,0.00001664,483467.00000000
1564272000,1564275599,0.00001664,0.00001664,0.00001664,0.00001664,0.00000000
1564275600,1564279199,0.00001664,0.00001664,0.00001664,0.00001664,0.00000000
1564279200,1564282799,0.00001664,0.00001664,0.00001664,0.00001664,0.00000000
1564282800,1564286399,0.00001664,0.00001664,0.00001664,0.00001664,0.00000000
1564286400,1564289999,0.00001664,0.00001664,0.00001664,0.00001664,6179.00000000
1564290000,1564293599,0.00001664,0.00001664,0.00001664,0.00001664,0.00000000
1564293600,1564297199,0.00001656,0.00001656,0.00001656,0.00001656,2576.00000000
1564297200,1564300799,0.00001654,0.00001654,0.00001654,0.00001654,3366.00000000
1564300800,1564304399,0.00001654,0.00001654,0.00001654,0.00001654,0.00000000
1564304400,1564307999,0.00001654,0.00001654,0.00001654,0.00001654,896.00000000
1564308000,1564311599,0.00001654,0.00001654,0.00001654,0.00001654,0.00000000
1564311600,1564315199,0.00001654,0.00001664,0.00001611,0.00001641,483985.00000000
1564315200,1564318799,0.00001637,0.00001638,0.00001637,0.00001638,45388.00000000
1564318800,1564322399,0.00001638,0.00001643,0.00001637,0.00001639,169056.00000000
1564322400,1564325999,0.00001640,0.00001641,0.00001620,0.00001641,65431.00000000
1564326000,1564329599,0.00001626,0.00001633,0.00001615,0.00001617,192730.00000000
1564329600,1564333199,0.00001628,0.00001658,0.00001628,0.00001651,177202.00000000
1564333200,1564336799,0.00001645,0.00001653,0.00001613,0.00001633,140204.00000000
1564336800,1564340399,0.00001641,0.00001641,0.00001640,0.00001640,8232.00000000
1564340400,1564343999,0.00001644,0.00001655,0.00001644,0.00001655,3905.00000000
1564344000,1564347599,0.00001644,0.00001644,0.00001640,0.00001640,10041.00000000
1564347600,1564351199,0.00001649,0.00001672,0.00001649,0.00001653,13730.00000000
1564351200,1564354799,0.00001652,0.00001653,0.00001625,0.00001625,133680.00000000
1564354800,1564358399,0.00001625,0.00001625,0.00001610,0.00001610,113231.00000000
1564358400,1564361999,0.00001610,0.00001610,0.00001610,0.00001610,3597.00000000
1564362000,1564365599,0.00001610,0.00001656,0.00001595,0.00001629,659459.00000000
1564365600,1564369199,0.00001618,0.00001641,0.00001562,0.00001579,349762.00000000
1564369200,1564372799,0.00001583,0.00001656,0.00001577,0.00001585,321443.00000000
1564372800,1564376399,0.00001581,0.00001581,0.00001577,0.00001577,1100.00000000
1564376400,1564379999,0.00001582,0.00001594,0.00001581,0.00001594,119570.00000000
1564380000,1564383599,0.00001595,0.00001605,0.00001595,0.00001601,4444.00000000
1564383600,1564387199,0.00001600,0.00001600,0.00001595,0.00001595,81202.00000000
1564387200,1564390799,0.00001601,0.00001601,0.00001595,0.00001595,21063.00000000
1564390800,1564394399,0.00001596,0.00001596,0.00001596,0.00001596,7169.00000000
1564394400,1564397999,0.00001598,0.00001599,0.00001598,0.00001599,20389.00000000
1564398000,1564401599,0.00001602,0.00001605,0.00001602,0.00001605,5934.00000000
1564401600,1564405199,0.00001615,0.00001655,0.00001615,0.00001615,1675512.00000000
1564405200,1564408799,0.00001624,0.00001636,0.00001624,0.00001630,144209.00000000
1564408800,1564412399,0.00001630,0.00001630,0.00001630,0.00001630,0.00000000
1564412400,1564415999,0.00001621,0.00001622,0.00001565,0.00001613,568855.00000000
1564416000,1564419599,0.00001595,0.00001604,0.00001585,0.00001585,80802.00000000
1564419600,1564423199,0.00001593,0.00001593,0.00001593,0.00001593,1279.00000000
1564423200,1564426799,0.00001588,0.00001590,0.00001587,0.00001590,46297.00000000
1564426800,1564430399,0.00001590,0.00001590,0.00001590,0.00001590,3600.00000000
1564430400,1564433999,0.00001590,0.00001590,0.00001590,0.00001590,3583.00000000
1564434000,1564437599,0.00001590,0.00001590,0.00001590,0.00001590,0.00000000
1564437600,1564441199,0.00001590,0.00001590,0.00001590,0.00001590,0.00000000
1564441200,1564444799,0.00001590,0.00001590,0.00001590,0.00001590,645.00000000
1564444800,1564448399,0.00001590,0.00001592,0.00001578,0.00001592,9598.00000000
1564448400,1564451999,0.00001592,0.00001595,0.00001592,0.00001595,2897.00000000
1564452000,1564455599,0.00001590,0.00001590,0.00001538,0.00001560,912403.00000000
1564455600,1564459199,0.00001563,0.00001563,0.00001563,0.00001563,419.00000000
1564459200,1564462799,0.00001560,0.00001568,0.00001537,0.00001568,225130.00000000
1564462800,1564466399,0.00001568,0.00001568,0.00001568,0.00001568,207.00000000
1564466400,1564469999,0.00001568,0.00001568,0.00001568,0.00001568,0.00000000
1564470000,1564473599,0.00001567,0.00001568,0.00001546,0.00001556,218241.00000000
1564473600,1564477199,0.00001554,0.00001568,0.00001546,0.00001568,149290.00000000
1564477200,1564480799,0.00001568,0.00001568,0.00001556,0.00001556,6112.00000000
1564480800,1564484399,0.00001556,0.00001556,0.00001546,0.00001546,31075.00000000
1564484400,1564487999,0.00001546,0.00001552,0.00001546,0.00001552,52051.00000000
1564488000,1564491599,0.00001542,0.00001573,0.00001541,0.00001557,147550.00000000
1564491600,1564495199,0.00001574,0.00001575,0.00001574,0.00001574,114520.00000000
1564495200,1564498799,0.00001557,0.00001557,0.00001552,0.00001552,39926.00000000
1564498800,1564502399,0.00001552,0.00001552,0.00001552,0.00001552,0.00000000
1564502400,1564505999,0.00001565,0.00001574,0.00001552,0.00001552,86255.00000000
1564506000,1564509599,0.00001552,0.00001552,0.00001552,0.00001552,0.00000000
1564509600,1564513199,0.00001546,0.00001546,0.00001540,0.00001540,24284.00000000
1564513200,1564516799,0.00001541,0.00001555,0.00001540,0.00001555,204727.00000000
1564516800,1564520399,0.00001545,0.00001557,0.00001536,0.00001552,1156804.00000000
1564520400,1564523999,0.00001557,0.00001557,0.00001557,0.00001557,63455.00000000
1564524000,1564527599,0.00001558,0.00001558,0.00001536,0.00001555,289309.00000000
1564527600,1564531199,0.00001537,0.00001558,0.00001537,0.00001558,19472.00000000
1564531200,1564534799,0.00001563,0.00001564,0.00001550,0.00001550,54452.00000000
1564534800,1564538399,0.00001551,0.00001560,0.00001551,0.00001560,22755.00000000
1564538400,1564541999,0.00001560,0.00001560,0.00001560,0.00001560,0.00000000
1564542000,1564545599,0.00001556,0.00001565,0.00001548,0.00001565,34615.00000000
1564545600,1564549199,0.00001565,0.00001565,0.00001565,0.00001565,0.00000000
1564549200,1564552799,0.00001565,0.00001565,0.00001536,0.00001546,104913.00000000
1564552800,1564556399,0.00001549,0.00001564,0.00001549,0.00001556,221657.00000000
1564556400,1564559999,0.00001556,0.00001589,0.00001556,0.00001589,280187.00000000
1564560000,1564563599,0.00001582,0.00001582,0.00001565,0.00001565,150627.00000000
1564563600,1564567199,0.00001575,0.00001577,0.00001561,0.00001562,40585.00000000
1564567200,1564570799,0.00001562,0.00001562,0.00001562,0.00001562,0.00000000
1564570800,1564574399,0.00001562,0.00001562,0.00001557,0.00001557,96883.00000000
1564574400,1564577999,0.00001560,0.00001562,0.00001549,0.00001549,30541.00000000
1564578000,1564581599,0.00001547,0.00001548,0.00001547,0.00001548,121848.00000000
1564581600,1564585199,0.00001549,0.00001549,0.00001545,0.00001545,113743.00000000
1564585200,1564588799,0.00001542,0.00001542,0.00001493,0.00001514,430447.00000000
1564588800,1564592399,0.00001513,0.00001531,0.00001500,0.00001500,45597.00000000
1564592400,1564595999,0.00001499,0.00001534,0.00001499,0.00001516,62784.00000000
1564596000,1564599599,0.00001513,0.00001513,0.00001513,0.00001513,1284.00000000
1564599600,1564603199,0.00001514,0.00001514,0.00001514,0.00001514,3484.00000000
1564603200,1564606799,0.00001526,0.00001545,0.00001526,0.00001526,131417.00000000
1564606800,1564610399,0.00001526,0.00001526,0.00001526,0.00001526,0.00000000
1564610400,1564613999,0.00001527,0.00001535,0.00001527,0.00001528,36298.00000000
1564614000,1564617599,0.00001528,0.00001528,0.00001512,0.00001514,24658.00000000
1564617600,1564621199,0.00001512,0.00001512,0.00001511,0.00001511,49355.00000000
1564621200,1564624799,0.00001525,0.00001526,0.00001525,0.00001526,6622.00000000
1564624800,1564628399,0.00001535,0.00001548,0.00001535,0.00001546,18666.00000000
1564628400,1564631999,0.00001542,0.00001542,0.00001540,0.00001540,34990.00000000
1564632000,1564635599,0.00001548,0.00001548,0.00001511,0.00001516,317593.00000000
1564635600,1564639199,0.00001511,0.00001517,0.00001511,0.00001517,35986.00000000
1564639200,1564642799,0.00001517,0.00001517,0.00001510,0.00001510,74720.00000000
1564642800,1564646399,0.00001509,0.00001509,0.00001508,0.00001508,31541.00000000
1564646400,1564649999,0.00001508,0.00001526,0.00001508,0.00001526,5318.00000000
1564650000,1564653599,0.00001508,0.00001513,0.00001499,0.00001513,57680.00000000
1564653600,1564657199,0.00001513,0.00001513,0.00001466,0.00001469,1090085.00000000
1564657200,1564660799,0.00001481,0.00001494,0.00001481,0.00001484,35425.00000000
1564660800,1564664399,0.00001484,0.00001485,0.00001484,0.00001485,80028.00000000
1564664400,1564667999,0.00001499,0.00001516,0.00001497,0.00001515,270733.00000000
1564668000,1564671599,0.00001516,0.00001556,0.00001516,0.00001556,889529.00000000
1564671600,1564675199,0.00001542,0.00001544,0.00001528,0.00001528,53187.00000000
1564675200,1564678799,0.00001528,0.00001530,0.00001479,0.00001479,151322.00000000
1564678800,1564682399,0.00001504,0.00001551,0.00001504,0.00001551,186698.00000000
1564682400,1564685999,0.00001552,0.00001552,0.00001527,0.00001527,7087.00000000
1564686000,1564689599,0.00001528,0.00001530,0.00001460,0.00001475,348744.00000000
1564689600,1564693199,0.00001474,0.00001490,0.00001461,0.00001463,195466.00000000
1564693200,1564696799,0.00001467,0.00001479,0.00001455,0.00001455,152854.00000000
1564696800,1564700399,0.00001464,0.00001471,0.00001422,0.00001440,537255.00000000
1564700400,1564703999,0.00001436,0.00001439,0.00001436,0.00001439,21733.00000000
1564704000,1564707599,0.00001439,0.00001439,0.00001438,0.00001438,27291.00000000
1564707600,1564711199,0.00001436,0.00001479,0.00001436,0.00001479,250788.00000000
1564711200,1564714799,0.00001486,0.00001493,0.00001449,0.00001476,63790.00000000
1564714800,1564718399,0.00001478,0.00001478,0.00001448,0.00001448,68215.00000000
1564718400,1564721999,0.00001448,0.00001448,0.00001448,0.00001448,0.00000000
1564722000,1564725599,0.00001492,0.00001493,0.00001446,0.00001446,13179.00000000
1564725600,1564729199,0.00001485,0.00001485,0.00001485,0.00001485,981.00000000
1564729200,1564732799,0.00001465,0.00001466,0.00001446,0.00001446,63409.00000000
1564732800,1564736399,0.00001444,0.00001447,0.00001429,0.00001447,105305.00000000
1564736400,1564739999,0.00001436,0.00001444,0.00001411,0.00001425,59757.00000000
1564740000,1564743599,0.00001425,0.00001445,0.00001411,0.00001411,128266.00000000
1564743600,1564747199,0.00001425,0.00001425,0.00001424,0.00001424,57484.00000000
1564747200,1564750799,0.00001424,0.00001443,0.00001424,0.00001443,40553.00000000
1564750800,1564754399,0.00001443,0.00001443,0.00001435,0.00001440,39889.00000000
1564754400,1564757999,0.00001440,0.00001443,0.00001439,0.00001443,53844.00000000
1564758000,1564761599,0.00001444,0.00001446,0.00001444,0.00001446,4732.00000000
1564761600,1564765199,0.00001450,0.00001456,0.00001450,0.00001450,8927.00000000
1564765200,1564768799,0.00001450,0.00001450,0.00001450,0.00001450,51121.00000000
1564768800,1564772399,0.00001461,0.00001559,0.00001461,0.00001559,623871.00000000
1564772400,1564775999,0.00001546,0.00001580,0.00001546,0.00001580,453167.00000000
1564776000,1564779599,0.00001565,0.00001583,0.00001565,0.00001566,275837.00000000
1564779600,1564783199,0.00001565,0.00001565,0.00001538,0.00001553,50633.00000000
1564783200,1564786799,0.00001553,0.00001553,0.00001510,0.00001510,88328.00000000
1564786800,1564790399,0.00001512,0.00001512,0.00001511,0.00001511,7848.00000000
1564790400,1564793999,0.00001511,0.00001511,0.00001511,0.00001511,0.00000000
1564794000,1564797599,0.00001510,0.00001510,0.00001510,0.00001510,1395.00000000
1564797600,1564801199,0.00001511,0.00001511,0.00001510,0.00001510,10000.00000000
1564801200,1564804799,0.00001510,0.00001510,0.00001506,0.00001506,783407.00000000
1564804800,1564808399,0.00001506,0.00001509,0.00001494,0.00001509,94584.00000000
1564808400,1564811999,0.00001516,0.00001516,0.00001516,0.00001516,5901.00000000
1564812000,1564815599,0.00001506,0.00001506,0.00001497,0.00001497,19437.00000000
1564815600,1564819199,0.00001497,0.00001497,0.00001497,0.00001497,0.00000000
1564819200,1564822799,0.00001494,0.00001494,0.00001480,0.00001480,36245.00000000
1564822800,1564826399,0.00001478,0.00001478,0.00001463,0.00001470,18005.00000000
1564826400,1564829999,0.00001470,0.00001492,0.00001448,0.00001448,251936.00000000
1564830000,1564833599,0.00001449,0.00001491,0.00001449,0.00001491,74818.00000000
1564833600,1564837199,0.00001491,0.00001493,0.00001490,0.00001490,3067.00000000
1564837200,1564840799,0.00001483,0.00001486,0.00001448,0.00001464,25267.00000000
1564840800,1564844399,0.00001464,0.00001464,0.00001464,0.00001464,1197.00000000
1564844400,1564847999,0.00001474,0.00001474,0.00001460,0.00001460,17885.00000000
1564848000,1564851599,0.00001462,0.00001477,0.00001462,0.00001477,75122.00000000
1564851600,1564855199,0.00001459,0.00001459,0.00001452,0.00001452,34633.00000000
1564855200,1564858799,0.00001456,0.00001456,0.00001454,0.00001456,108429.00000000
1564858800,1564862399,0.00001455,0.00001456,0.00001455,0.00001456,37998.00000000
1564862400,1564865999,0.00001470,0.00001470,0.00001470,0.00001470,7692.00000000
1564866000,1564869599,0.00001470,0.00001470,0.00001470,0.00001470,0.00000000
1564869600,1564873199,0.00001470,0.00001471,0.00001446,0.00001454,128158.00000000
1564873200,1564876799,0.00001454,0.00001454,0.00001454,0.00001454,0.00000000
1564876800,1564880399,0.00001454,0.00001454,0.00001454,0.00001454,0.00000000
1564880400,1564883999,0.00001454,0.00001454,0.00001454,0.00001454,0.00000000
1564884000,1564887599,0.00001454,0.00001454,0.00001454,0.00001454,0.00000000
1564887600,1564891199,0.00001438,0.00001438,0.00001438,0.00001438,703.00000000
1564891200,1564894799,0.00001459,0.00001459,0.00001459,0.00001459,2742.00000000
1564894800,1564898399,0.00001459,0.00001459,0.00001459,0.00001459,14871.00000000
1564898400,1564901999,0.00001459,0.00001494,0.00001458,0.00001458,46407.00000000
1564902000,1564905599,0.00001458,0.00001458,0.00001458,0.00001458,1328.00000000
1564905600,1564909199,0.00001456,0.00001458,0.00001456,0.00001458,36840.00000000
1564909200,1564912799,0.00001458,0.00001458,0.00001458,0.00001458,0.00000000
1564912800,1564916399,0.00001458,0.00001458,0.00001458,0.00001458,5622.00000000
1564916400,1564919999,0.00001458,0.00001458,0.00001458,0.00001458,0.00000000
1564920000,1564923599,0.00001458,0.00001458,0.00001458,0.00001458,0.00000000
1564923600,1564927199,0.00001458,0.00001458,0.00001458,0.00001458,0.00000000
1564927200,1564930799,0.00001458,0.00001539,0.00001457,0.00001462,259682.00000000
1564930800,1564934399,0.00001447,0.00001456,0.00001433,0.00001456,55919.00000000
1564934400,1564937999,0.00001456,0.00001456,0.00001434,0.00001434,31180.00000000
1564938000,1564941599,0.00001444,0.00001444,0.00001430,0.00001430,44493.00000000
1564941600,1564945199,0.00001430,0.00001430,0.00001430,0.00001430,0.00000000
1564945200,1564948799,0.00001430,0.00001458,0.00001427,0.00001458,62410.00000000
1564948800,1564952399,0.00001458,0.00001458,0.00001458,0.00001458,0.00000000
1564952400,1564955999,0.00001430,0.00001431,0.00001421,0.00001421,147935.00000000
1564956000,1564959599,0.00001421,0.00001421,0.00001421,0.00001421,0.00000000
1564959600,1564963199,0.00001421,0.00001421,0.00001421,0.00001421,0.00000000
1564963200,1564966799,0.00001432,0.00001433,0.00001420,0.00001421,746045.00000000
1564966800,1564970399,0.00001421,0.00001443,0.00001294,0.00001363,1076356.00000000
1564970400,1564973999,0.00001363,0.00001363,0.00001360,0.00001360,51616.00000000
1564974000,1564977599,0.00001360,0.00001397,0.00001202,0.00001269,5752964.00000000
1564977600,1564981199,0.00001271,0.00001277,0.00001270,0.00001270,348173.00000000
1564981200,1564984799,0.00001271,0.00001277,0.00001260,0.00001276,210296.00000000
1564984800,1564988399,0.00001276,0.00001277,0.00001263,0.00001277,226038.00000000
1564988400,1564991999,0.00001254,0.00001272,0.00001251,0.00001253,98115.00000000
1564992000,1564995599,0.00001253,0.00001292,0.00001253,0.00001292,1577236.00000000
1564995600,1564999199,0.00001292,0.00001292,0.00001266,0.00001291,71745.00000000
1564999200,1565002799,0.00001267,0.00001291,0.00001253,0.00001263,105618.00000000
1565002800,1565006399,0.00001263,0.00001263,0.00001261,0.00001263,36135.00000000
1565006400,1565009999,0.00001289,0.00001289,0.00001289,0.00001289,3206.00000000
1565010000,1565013599,0.00001280,0.00001280,0.00001273,0.00001273,6198.00000000
1565013600,1565017199,0.00001273,0.00001284,0.00001267,0.00001282,75202.00000000
1565017200,1565020799,0.00001282,0.00001282,0.00001282,0.00001282,5455.00000000
1565020800,1565024399,0.00001282,0.00001288,0.00001270,0.00001270,177188.00000000
1565024400,1565027999,0.00001270,0.00001270,0.00001270,0.00001270,27440.00000000
1565028000,1565031599,0.00001263,0.00001284,0.00001258,0.00001284,61382.00000000
1565031600,1565035199,0.00001266,0.00001282,0.00001266,0.00001282,137370.00000000
1565035200,1565038799,0.00001266,0.00001270,0.00001249,0.00001261,374249.00000000
1565038800,1565042399,0.00001280,0.00001290,0.00001250,0.00001288,50228.00000000
1565042400,1565045999,0.00001275,0.00001288,0.00001262,0.00001281,19901.00000000
1565046000,1565049599,0.00001272,0.00001288,0.00001272,0.00001274,1481.00000000
1565049600,1565053199,0.00001272,0.00001272,0.00001247,0.00001247,78603.00000000
1565053200,1565056799,0.00001270,0.00001274,0.00001270,0.00001274,35842.00000000
1565056800,1565060399,0.00001275,0.00001275,0.00001240,0.00001263,70031.00000000
1565060400,1565063999,0.00001262,0.00001282,0.00001262,0.00001263,372501.00000000
1565064000,1565067599,0.00001269,0.00001291,0.00001262,0.00001262,415473.00000000
1565067600,1565071199,0.00001287,0.00001294,0.00001287,0.00001294,152922.00000000
1565071200,1565074799,0.00001295,0.00001315,0.00001255,0.00001305,593157.00000000
1565074800,1565078399,0.00001301,0.00001314,0.00001300,0.00001302,58048.00000000
1565078400,1565081999,0.00001314,0.00001319,0.00001287,0.00001287,371701.00000000
1565082000,1565085599,0.00001287,0.00001287,0.00001287,0.00001287,0.00000000
1565085600,1565089199,0.00001286,0.00001286,0.00001222,0.00001229,392476.00000000
1565089200,1565092799,0.00001237,0.00001242,0.00001212,0.00001242,49753.00000000
1565092800,1565096399,0.00001239,0.00001242,0.00001239,0.00001242,62211.00000000
1565096400,1565099999,0.00001248,0.00001250,0.00001248,0.00001250,10000.00000000
1565100000,1565103599,0.00001250,0.00001264,0.00001250,0.00001263,37841.00000000
1565103600,1565107199,0.00001263,0.00001263,0.00001263,0.00001263,0.00000000
1565107200,1565110799,0.00001261,0.00001290,0.00001261,0.00001276,584352.00000000
1565110800,1565114399,0.00001290,0.00001290,0.00001272,0.00001287,402707.00000000
1565114400,1565117999,0.00001291,0.00001297,0.00001278,0.00001280,273622.00000000
1565118000,1565121599,0.00001276,0.00001330,0.00001276,0.00001330,54682.00000000
1565121600,1565125199,0.00001329,0.00001343,0.00001286,0.00001286,64564.00000000
1565125200,1565128799,0.00001288,0.00001288,0.00001270,0.00001270,69860.00000000
1565128800,1565132399,0.00001259,0.00001259,0.00001259,0.00001259,2234.00000000
1565132400,1565135999,0.00001259,0.00001259,0.00001259,0.00001259,0.00000000
1565136000,1565139599,0.00001249,0.00001249,0.00001233,0.00001233,17666.00000000
1565139600,1565143199,0.00001237,0.00001257,0.00001237,0.00001244,22339.00000000
1565143200,1565146799,0.00001244,0.00001244,0.00001244,0.00001244,0.00000000
1565146800,1565150399,0.00001244,0.00001244,0.00001244,0.00001244,0.00000000
1565150400,1565153999,0.00001244,0.00001244,0.00001229,0.00001241,107422.00000000
1565154000,1565157599,0.00001242,0.00001242,0.00001240,0.00001240,531.00000000
1565157600,1565161199,0.00001239,0.00001257,0.00001239,0.00001257,44498.00000000
1565161200,1565164799,0.00001257,0.00001295,0.00001257,0.00001295,152996.00000000
1565164800,1565168399,0.00001290,0.00001341,0.00001290,0.00001341,265256.00000000
1565168400,1565171999,0.00001341,0.00001346,0.00001318,0.00001335,227920.00000000
1565172000,1565175599,0.00001304,0.00001304,0.00001259,0.00001297,869076.00000000
1565175600,1565179199,0.00001291,0.00001300,0.00001291,0.00001297,139155.00000000
1565179200,1565182799,0.00001297,0.00001310,0.00001287,0.00001291,132222.00000000
1565182800,1565186399,0.00001285,0.00001285,0.00001265,0.00001265,61191.00000000
1565186400,1565189999,0.00001274,0.00001275,0.00001274,0.00001275,154305.00000000
1565190000,1565193599,0.00001266,0.00001273,0.00001241,0.00001250,932520.00000000
1565193600,1565197199,0.00001243,0.00001264,0.00001229,0.00001248,384019.00000000
1565197200,1565200799,0.00001261,0.00001264,0.00001240,0.00001240,146274.00000000
1565200800,1565204399,0.00001239,0.00001239,0.00001224,0.00001236,61544.00000000
1565204400,1565207999,0.00001247,0.00001259,0.00001247,0.00001259,26671.00000000
1565208000,1565211599,0.00001257,0.00001272,0.00001257,0.00001269,691895.00000000
1565211600,1565215199,0.00001273,0.00001282,0.00001269,0.00001269,83493.00000000
1565215200,1565218799,0.00001285,0.00001288,0.00001252,0.00001252,92134.00000000
1565218800,1565222399,0.00001252,0.00001278,0.00001252,0.00001278,34707.00000000
1565222400,1565225999,0.00001278,0.00001278,0.00001278,0.00001278,0.00000000
1565226000,1565229599,0.00001281,0.00001281,0.00001281,0.00001281,1582.00000000
1565229600,1565233199,0.00001279,0.00001289,0.00001279,0.00001289,72777.00000000
1565233200,1565236799,0.00001276,0.00001276,0.00001257,0.00001266,152539.00000000
1565236800,1565240399,0.00001266,0.00001266,0.00001241,0.00001241,33011.00000000
1565240400,1565243999,0.00001241,0.00001286,0.00001236,0.00001286,85485.00000000
1565244000,1565247599,0.00001260,0.00001260,0.00001247,0.00001247,9934.00000000
1565247600,1565251199,0.00001244,0.00001244,0.00001231,0.00001240,64405.00000000
1565251200,1565254799,0.00001231,0.00001240,0.00001222,0.00001222,41067.00000000
1565254800,1565258399,0.00001222,0.00001284,0.00001222,0.00001270,142516.00000000
1565258400,1565261999,0.00001252,0.00001257,0.00001251,0.00001256,57177.00000000
1565262000,1565265599,0.00001254,0.00001256,0.00001254,0.00001256,35475.00000000
1565265600,1565269199,0.00001256,0.00001256,0.00001256,0.00001256,0.00000000
1565269200,1565272799,0.00001276,0.00001276,0.00001276,0.00001276,9770.00000000
1565272800,1565276399,0.00001276,0.00001276,0.00001276,0.00001276,10010.00000000
1565276400,1565279999,0.00001276,0.00001276,0.00001276,0.00001276,0.00000000
1565280000,1565283599,0.00001276,0.00001281,0.00001265,0.00001281,74074.00000000
1565283600,1565287199,0.00001284,0.00001284,0.00001251,0.00001251,97082.00000000
1565287200,1565290799,0.00001280,0.00001297,0.00001280,0.00001297,914859.00000000
1565290800,1565294399,0.00001278,0.00001279,0.00001258,0.00001260,71491.00000000
1565294400,1565297999,0.00001261,0.00001271,0.00001223,0.00001271,2027856.00000000
1565298000,1565301599,0.00001241,0.00001241,0.00001241,0.00001241,4591.00000000
1565301600,1565305199,0.00001240,0.00001311,0.00001222,0.00001274,614746.00000000
1565305200,1565308799,0.00001271,0.00001271,0.00001271,0.00001271,1000.00000000
1565308800,1565312399,0.00001271,0.00001271,0.00001263,0.00001263,49461.00000000
1565312400,1565315999,0.00001263,0.00001263,0.00001263,0.00001263,0.00000000
1565316000,1565319599,0.00001263,0.00001263,0.00001263,0.00001263,0.00000000
1565319600,1565323199,0.00001262,0.00001280,0.00001238,0.00001261,245050.00000000
1565323200,1565326799,0.00001280,0.00001297,0.00001255,0.00001266,98403.00000000
1565326800,1565330399,0.00001266,0.00001266,0.00001266,0.00001266,0.00000000
1565330400,1565333999,0.00001266,0.00001266,0.00001266,0.00001266,4166.00000000
1565334000,1565337599,0.00001266,0.00001266,0.00001266,0.00001266,0.00000000
1565337600,1565341199,0.00001287,0.00001308,0.00001250,0.00001270,178680.00000000
1565341200,1565344799,0.00001268,0.00001268,0.00001246,0.00001246,149545.00000000
1565344800,1565348399,0.00001250,0.00001250,0.00001250,0.00001250,801.00000000
1565348400,1565351999,0.00001246,0.00001246,0.00001232,0.00001241,12273.00000000
1565352000,1565355599,0.00001231,0.00001231,0.00001212,0.00001212,389811.00000000
1565355600,1565359199,0.00001212,0.00001221,0.00001206,0.00001206,36116.00000000
1565359200,1565362799,0.00001204,0.00001238,0.00001159,0.00001192,1322158.00000000
1565362800,1565366399,0.00001185,0.00001195,0.00001164,0.00001177,542927.00000000
1565366400,1565369999,0.00001177,0.00001187,0.00001170,0.00001187,136008.00000000
1565370000,1565373599,0.00001188,0.00001195,0.00001184,0.00001184,58784.00000000
1565373600,1565377199,0.00001194,0.00001195,0.00001190,0.00001195,24665.00000000
1565377200,1565380799,0.00001195,0.00001212,0.00001150,0.00001152,966521.00000000
1565380800,1565384399,0.00001152,0.00001166,0.00001126,0.00001155,134662.00000000
1565384400,1565387999,0.00001148,0.00001149,0.00001142,0.00001149,11346.00000000
1565388000,1565391599,0.00001149,0.00001158,0.00001136,0.00001158,51601.00000000
1565391600,1565395199,0.00001157,0.00001158,0.00001138,0.00001138,73086.00000000
1565395200,1565398799,0.00001138,0.00001138,0.00001138,0.00001138,0.00000000
1565398800,1565402399,0.00001139,0.00001147,0.00001139,0.00001139,95887.00000000
1565402400,1565405999,0.00001159,0.00001159,0.00001159,0.00001159,22106.00000000
1565406000,1565409599,0.00001142,0.00001142,0.00001138,0.00001138,176048.00000000
1565409600,1565413199,0.00001150,0.00001165,0.00001150,0.00001165,11105.00000000
1565413200,1565416799,0.00001161,0.00001161,0.00001139,0.00001139,60998.00000000
1565416800,1565420399,0.00001139,0.00001167,0.00001122,0.00001142,1890763.00000000
1565420400,1565423999,0.00001133,0.00001133,0.00001132,0.00001132,42417.00000000
1565424000,1565427599,0.00001143,0.00001160,0.00001005,0.00001112,3865336.00000000
1565427600,1565431199,0.00001098,0.00001099,0.00001013,0.00001058,897432.00000000
1565431200,1565434799,0.00001070,0.00001077,0.00001070,0.00001074,18976.00000000
1565434800,1565438399,0.00001074,0.00001075,0.00001063,0.00001074,2496870.00000000
1565438400,1565441999,0.00001074,0.00001123,0.00001060,0.00001121,2159225.00000000
1565442000,1565445599,0.00001123,0.00001137,0.00001123,0.00001124,46314.00000000
1565445600,1565449199,0.00001124,0.00001124,0.00001124,0.00001124,19101.00000000
1565449200,1565452799,0.00001124,0.00001124,0.00001124,0.00001124,0.00000000
1565452800,1565456399,0.00001124,0.00001124,0.00001112,0.00001112,7058.00000000
1565456400,1565459999,0.00001112,0.00001124,0.00001112,0.00001124,36767.00000000
1565460000,1565463599,0.00001123,0.00001124,0.00001123,0.00001124,26950.00000000
1565463600,1565467199,0.00001124,0.00001149,0.00001111,0.00001149,1046638.00000000
1565467200,1565470799,0.00001149,0.00001149,0.00001146,0.00001146,4065.00000000
1565470800,1565474399,0.00001149,0.00001169,0.00001124,0.00001151,265448.00000000
1565474400,1565477999,0.00001151,0.00001151,0.00001137,0.00001137,131468.00000000
1565478000,1565481599,0.00001137,0.00001137,0.00001137,0.00001137,0.00000000
1565481600,1565485199,0.00001151,0.00001166,0.00001117,0.00001140,425852.00000000
1565485200,1565488799,0.00001140,0.00001148,0.00001140,0.00001147,12609.00000000
1565488800,1565492399,0.00001147,0.00001147,0.00001110,0.00001110,2733.00000000
1565492400,1565495999,0.00001128,0.00001128,0.00001128,0.00001128,44822.00000000
1565496000,1565499599,0.00001131,0.00001157,0.00001114,0.00001157,146584.00000000
1565499600,1565503199,0.00001166,0.00001166,0.00001136,0.00001166,182055.00000000
1565503200,1565506799,0.00001166,0.00001166,0.00001166,0.00001166,322.00000000
1565506800,1565510399,0.00001146,0.00001146,0.00001101,0.00001122,359441.00000000
1565510400,1565513999,0.00001114,0.00001120,0.00001114,0.00001120,6961.00000000
1565514000,1565517599,0.00001118,0.00001144,0.00001118,0.00001144,81906.00000000
1565517600,1565521199,0.00001136,0.00001141,0.00001095,0.00001118,585594.00000000
1565521200,1565524799,0.00001118,0.00001118,0.00001094,0.00001096,255794.00000000
1565524800,1565528399,0.00001096,0.00001114,0.00001096,0.00001114,6401.00000000
1565528400,1565531999,0.00001100,0.00001111,0.00001100,0.00001111,27622.00000000
1565532000,1565535599,0.00001101,0.00001101,0.00001094,0.00001099,71113.00000000
1565535600,1565539199,0.00001100,0.00001100,0.00001097,0.00001099,149845.00000000
1565539200,1565542799,0.00001107,0.00001107,0.00001099,0.00001102,15650.00000000
1565542800,1565546399,0.00001102,0.00001115,0.00001102,0.00001102,36452.00000000
1565546400,1565549999,0.00001100,0.00001141,0.00001100,0.00001113,82272.00000000
1565550000,1565553599,0.00001112,0.00001145,0.00001110,0.00001145,219962.00000000
1565553600,1565557199,0.00001146,0.00001146,0.00001146,0.00001146,2000.00000000
1565557200,1565560799,0.00001123,0.00001137,0.00001074,0.00001074,1131457.00000000
1565560800,1565564399,0.00001074,0.00001074,0.00001074,0.00001074,0.00000000
1565564400,1565567999,0.00001084,0.00001092,0.00001072,0.00001092,21305.00000000
1565568000,1565571599,0.00001083,0.00001115,0.00001083,0.00001115,833671.00000000
1565571600,1565575199,0.00001112,0.00001112,0.00001112,0.00001112,68266.00000000
1565575200,1565578799,0.00001107,0.00001107,0.00001107,0.00001107,912.00000000
1565578800,1565582399,0.00001107,0.00001107,0.00001107,0.00001107,0.00000000
1565582400,1565585999,0.00001107,0.00001107,0.00001107,0.00001107,0.00000000
1565586000,1565589599,0.00001111,0.00001111,0.00001086,0.00001086,31501.00000000
1565589600,1565593199,0.00001108,0.00001108,0.00001108,0.00001108,66450.00000000
1565593200,1565596799,0.00001108,0.00001108,0.00001108,0.00001108,0.00000000
1565596800,1565600399,0.00001108,0.00001108,0.00001108,0.00001108,0.00000000
1565600400,1565603999,0.00001109,0.00001125,0.00001109,0.00001112,29849.00000000
1565604000,1565607599,0.00001112,0.00001112,0.00001109,0.00001109,201398.00000000
1565607600,1565611199,0.00001109,0.00001110,0.00001109,0.00001110,26594.00000000
1565611200,1565614799,0.00001123,0.00001137,0.00001112,0.00001137,151950.00000000
1565614800,1565618399,0.00001128,0.00001138,0.00001128,0.00001129,210114.00000000
1565618400,1565621999,0.00001133,0.00001135,0.00001133,0.00001134,17116.00000000
1565622000,1565625599,0.00001135,0.00001138,0.00001134,0.00001138,62478.00000000
1565625600,1565629199,0.00001138,0.00001138,0.00001138,0.00001138,581.00000000
1565629200,1565632799,0.00001137,0.00001139,0.00001137,0.00001139,189959.00000000
1565632800,1565636399,0.00001139,0.00001173,0.00001122,0.00001146,1611904.00000000
1565636400,1565639999,0.00001171,0.00001188,0.00001149,0.00001188,537721.00000000
1565640000,1565643599,0.00001181,0.00001203,0.00001176,0.00001184,509008.00000000
1565643600,1565647199,0.00001166,0.00001167,0.00001133,0.00001133,214562.00000000
1565647200,1565650799,0.00001133,0.00001174,0.00001133,0.00001174,289191.00000000
1565650800,1565654399,0.00001174,0.00001174,0.00001174,0.00001174,18256.00000000
1565654400,1565657999,0.00001150,0.00001150,0.00001150,0.00001150,2475.00000000
1565658000,1565661599,0.00001150,0.00001150,0.00001150,0.00001150,0.00000000
1565661600,1565665199,0.00001150,0.00001150,0.00001150,0.00001150,0.00000000
1565665200,1565668799,0.00001150,0.00001150,0.00001150,0.00001150,0.00000000
1565668800,1565672399,0.00001150,0.00001156,0.00001130,0.00001156,40429.00000000
1565672400,1565675999,0.00001156,0.00001156,0.00001156,0.00001156,0.00000000
1565676000,1565679599,0.00001156,0.00001156,0.00001156,0.00001156,0.00000000
1565679600,1565683199,0.00001156,0.00001156,0.00001156,0.00001156,0.00000000
1565683200,1565686799,0.00001129,0.00001150,0.00001121,0.00001150,398649.00000000
1565686800,1565690399,0.00001135,0.00001142,0.00001120,0.00001142,24799.00000000
1565690400,1565693999,0.00001141,0.00001141,0.00001141,0.00001141,321.00000000
1565694000,1565697599,0.00001141,0.00001141,0.00001141,0.00001141,0.00000000
1565697600,1565701199,0.00001117,0.00001140,0.00001112,0.00001137,54391.00000000
1565701200,1565704799,0.00001119,0.00001137,0.00001109,0.00001133,285378.00000000
1565704800,1565708399,0.00001124,0.00001124,0.00001109,0.00001109,455631.00000000
1565708400,1565711999,0.00001124,0.00001140,0.00001124,0.00001140,9802.00000000
1565712000,1565715599,0.00001139,0.00001140,0.00001102,0.00001111,46425.00000000
1565715600,1565719199,0.00001101,0.00001117,0.00001099,0.00001099,37953.00000000
1565719200,1565722799,0.00001116,0.00001116,0.00001100,0.00001100,19988.00000000
1565722800,1565726399,0.00001102,0.00001114,0.00001099,0.00001114,78349.00000000
1565726400,1565729999,0.00001114,0.00001116,0.00001114,0.00001116,134853.00000000
1565730000,1565733599,0.00001116,0.00001116,0.00001116,0.00001116,0.00000000
1565733600,1565737199,0.00001116,0.00001116,0.00001116,0.00001116,0.00000000
1565737200,1565740799,0.00001116,0.00001116,0.00001116,0.00001116,0.00000000
1565740800,1565744399,0.00001116,0.00001116,0.00001116,0.00001116,0.00000000
1565744400,1565747999,0.00001116,0.00001116,0.00001116,0.00001116,0.00000000
1565748000,1565751599,0.00001107,0.00001107,0.00001107,0.00001107,3774.00000000
1565751600,1565755199,0.00001107,0.00001107,0.00001107,0.00001107,0.00000000
1565755200,1565758799,0.00001107,0.00001107,0.00001107,0.00001107,0.00000000
1565758800,1565762399,0.00001107,0.00001107,0.00001100,0.00001100,79920.00000000
1565762400,1565765999,0.00001114,0.00001114,0.00001114,0.00001114,55154.00000000
1565766000,1565769599,0.00001100,0.00001100,0.00001100,0.00001100,3204.00000000
1565769600,1565773199,0.00001100,0.00001100,0.00001100,0.00001100,0.00000000
1565773200,1565776799,0.00001116,0.00001141,0.00001086,0.00001141,470484.00000000
1565776800,1565780399,0.00001141,0.00001150,0.00001141,0.00001150,7808.00000000
1565780400,1565783999,0.00001149,0.00001150,0.00001149,0.00001150,37693.00000000
1565784000,1565787599,0.00001142,0.00001173,0.00001142,0.00001150,398832.00000000
1565787600,1565791199,0.00001150,0.00001150,0.00001150,0.00001150,6251.00000000
1565791200,1565794799,0.00001150,0.00001183,0.00001150,0.00001176,518634.00000000
1565794800,1565798399,0.00001150,0.00001150,0.00001128,0.00001130,71376.00000000
1565798400,1565801999,0.00001156,0.00001157,0.00001151,0.00001151,226520.00000000
1565802000,1565805599,0.00001147,0.00001147,0.00001107,0.00001111,1351477.00000000
1565805600,1565809199,0.00001141,0.00001322,0.00001122,0.00001177,3282624.00000000
1565809200,1565812799,0.00001176,0.00001199,0.00001175,0.00001180,116981.00000000
1565812800,1565816399,0.00001180,0.00001180,0.00001180,0.00001180,0.00000000
1565816400,1565819999,0.00001176,0.00001185,0.00001165,0.00001165,132913.00000000
1565820000,1565823599,0.00001154,0.00001186,0.00001154,0.00001178,394008.00000000
1565823600,1565827199,0.00001155,0.00001173,0.00001155,0.00001159,377307.00000000
1565827200,1565830799,0.00001159,0.00001159,0.00001159,0.00001159,0.00000000
1565830800,1565834399,0.00001154,0.00001154,0.00001150,0.00001150,4855.00000000
1565863200,1565866799,0.00001150,0.00001151,0.00001150,0.00001150,657304.00000000
1565866800,1565870399,0.00001150,0.00001150,0.00001150,0.00001150,0.00000000
1565870400,1565873999,0.00001172,0.00001174,0.00001172,0.00001174,6432.00000000
1565874000,1565877599,0.00001145,0.00001145,0.00001145,0.00001145,4888.00000000
1565877600,1565881199,0.00001176,0.00001176,0.00001139,0.00001141,100106.00000000
1565881200,1565884799,0.00001143,0.00001143,0.00001130,0.00001139,145171.00000000
1565884800,1565888399,0.00001138,0.00001138,0.00001126,0.00001126,1113742.00000000
1565888400,1565891999,0.00001125,0.00001146,0.00001125,0.00001146,115028.00000000
1565892000,1565895599,0.00001146,0.00001150,0.00001146,0.00001148,473749.00000000
1565895600,1565899199,0.00001148,0.00001148,0.00001148,0.00001148,0.00000000
1565899200,1565902799,0.00001130,0.00001130,0.00001126,0.00001126,19980.00000000
1565902800,1565906399,0.00001127,0.00001165,0.00001098,0.00001106,930979.00000000
1565906400,1565909999,0.00001119,0.00001165,0.00001119,0.00001122,761114.00000000
1565910000,1565913599,0.00001122,0.00001122,0.00001122,0.00001122,0.00000000
1565913600,1565917199,0.00001126,0.00001126,0.00001126,0.00001126,1163.00000000
1565917200,1565920799,0.00001149,0.00001149,0.00001149,0.00001149,104835.00000000
1565920800,1565924399,0.00001151,0.00001151,0.00001139,0.00001139,100151.00000000
1565924400,1565927999,0.00001139,0.00001150,0.00001139,0.00001150,102797.00000000
1565928000,1565931599,0.00001138,0.00001138,0.00001112,0.00001112,133250.00000000
1565931600,1565935199,0.00001112,0.00001112,0.00001112,0.00001112,0.00000000
1565935200,1565938799,0.00001112,0.00001112,0.00001112,0.00001112,0.00000000
1565938800,1565942399,0.00001112,0.00001112,0.00001112,0.00001112,0.00000000
1565942400,1565945999,0.00001112,0.00001146,0.00001111,0.00001121,54176.00000000
1565946000,1565949599,0.00001121,0.00001121,0.00001121,0.00001121,0.00000000
1565949600,1565953199,0.00001122,0.00001122,0.00001112,0.00001112,1948.00000000
1565953200,1565956799,0.00001135,0.00001155,0.00001135,0.00001155,125638.00000000
1565956800,1565960399,0.00001160,0.00001166,0.00001160,0.00001166,25320.00000000
1565960400,1565963999,0.00001166,0.00001167,0.00001166,0.00001167,10556.00000000
1565964000,1565967599,0.00001167,0.00001167,0.00001167,0.00001167,417742.00000000
1565967600,1565971199,0.00001165,0.00001165,0.00001155,0.00001155,418082.00000000
1565971200,1565974799,0.00001148,0.00001148,0.00001123,0.00001130,189374.00000000
1565974800,1565978399,0.00001128,0.00001128,0.00001128,0.00001128,1303157.00000000
1565978400,1565981999,0.00001128,0.00001128,0.00001128,0.00001128,0.00000000
1565982000,1565985599,0.00001143,0.00001143,0.00001143,0.00001143,24656.00000000
1565985600,1565989199,0.00001128,0.00001128,0.00001118,0.00001118,69083.00000000
1565989200,1565992799,0.00001118,0.00001118,0.00001118,0.00001118,0.00000000
1565992800,1565996399,0.00001122,0.00001131,0.00001121,0.00001131,1029995.00000000
1565996400,1565999999,0.00001121,0.00001121,0.00001121,0.00001121,16844.00000000
1566000000,1566003599,0.00001121,0.00001121,0.00001121,0.00001121,0.00000000
1566003600,1566007199,0.00001121,0.00001121,0.00001121,0.00001121,194262.00000000
1566007200,1566010799,0.00001121,0.00001122,0.00001103,0.00001105,595171.00000000
1566010800,1566014399,0.00001105,0.00001105,0.00001105,0.00001105,0.00000000
1566014400,1566017999,0.00001131,0.00001135,0.00001128,0.00001135,147446.00000000
1566018000,1566021599,0.00001135,0.00001135,0.00001135,0.00001135,0.00000000
1566021600,1566025199,0.00001135,0.00001135,0.00001135,0.00001135,0.00000000
1566025200,1566028799,0.00001135,0.00001135,0.00001135,0.00001135,0.00000000
1566028800,1566032399,0.00001135,0.00001135,0.00001135,0.00001135,0.00000000
1566032400,1566035999,0.00001114,0.00001114,0.00001111,0.00001111,29768.00000000
1566036000,1566039599,0.00001111,0.00001111,0.00001111,0.00001111,0.00000000
1566039600,1566043199,0.00001111,0.00001111,0.00001111,0.00001111,0.00000000
1566043200,1566046799,0.00001115,0.00001115,0.00001115,0.00001115,1091.00000000
1566046800,1566050399,0.00001130,0.00001135,0.00001112,0.00001112,358901.00000000
1566050400,1566053999,0.00001116,0.00001116,0.00001116,0.00001116,9087.00000000
1566054000,1566057599,0.00001113,0.00001116,0.00001113,0.00001116,18144.00000000
1566057600,1566061199,0.00001116,0.00001116,0.00001116,0.00001116,0.00000000
1566061200,1566064799,0.00001125,0.00001125,0.00001125,0.00001125,34062.00000000
1566064800,1566068399,0.00001125,0.00001125,0.00001125,0.00001125,0.00000000
1566068400,1566071999,0.00001124,0.00001130,0.00001124,0.00001130,55738.00000000
1566072000,1566075599,0.00001130,0.00001130,0.00001130,0.00001130,0.00000000
1566075600,1566079199,0.00001129,0.00001141,0.00001129,0.00001141,518310.00000000
1566079200,1566082799,0.00001119,0.00001164,0.00001111,0.00001164,181787.00000000
1566082800,1566086399,0.00001163,0.00001166,0.00001147,0.00001147,122325.00000000
1566086400,1566089999,0.00001147,0.00001147,0.00001147,0.00001147,0.00000000
1566090000,1566093599,0.00001159,0.00001159,0.00001141,0.00001141,142271.00000000
1566093600,1566097199,0.00001170,0.00001184,0.00001159,0.00001183,479504.00000000
1566097200,1566100799,0.00001182,0.00001182,0.00001163,0.00001163,2693.00000000
1566100800,1566104399,0.00001163,0.00001163,0.00001163,0.00001163,0.00000000
1566104400,1566107999,0.00001163,0.00001163,0.00001152,0.00001154,347213.00000000
1566108000,1566111599,0.00001170,0.00001178,0.00001151,0.00001151,23328.00000000
1566111600,1566115199,0.00001151,0.00001151,0.00001151,0.00001151,2000.00000000
1566115200,1566118799,0.00001151,0.00001176,0.00001151,0.00001176,9152.00000000
1566118800,1566122399,0.00001176,0.00001176,0.00001176,0.00001176,0.00000000
1566122400,1566125999,0.00001176,0.00001176,0.00001176,0.00001176,0.00000000
1566126000,1566129599,0.00001170,0.00001170,0.00001170,0.00001170,4822.00000000
1566129600,1566133199,0.00001159,0.00001159,0.00001130,0.00001130,290430.00000000
1566133200,1566136799,0.00001130,0.00001130,0.00001130,0.00001130,0.00000000
1566136800,1566140399,0.00001143,0.00001143,0.00001137,0.00001137,11287.00000000
1566140400,1566143999,0.00001137,0.00001137,0.00001137,0.00001137,0.00000000
1566144000,1566147599,0.00001139,0.00001160,0.00001137,0.00001160,34127.00000000
1566147600,1566151199,0.00001157,0.00001158,0.00001130,0.00001131,360638.00000000
1566151200,1566154799,0.00001131,0.00001131,0.00001131,0.00001131,0.00000000
1566154800,1566158399,0.00001150,0.00001186,0.00001123,0.00001186,1238541.00000000
1566158400,1566161999,0.00001175,0.00001185,0.00001161,0.00001185,55909.00000000
1566162000,1566165599,0.00001185,0.00001185,0.00001163,0.00001184,147088.00000000
1566165600,1566169199,0.00001184,0.00001184,0.00001184,0.00001184,0.00000000
1566169200,1566172799,0.00001166,0.00001166,0.00001166,0.00001166,4266.00000000
1566172800,1566176399,0.00001164,0.00001164,0.00001142,0.00001164,82007.00000000
1566176400,1566179999,0.00001147,0.00001147,0.00001147,0.00001147,9542.00000000
1566180000,1566183599,0.00001147,0.00001147,0.00001147,0.00001147,0.00000000
1566183600,1566187199,0.00001177,0.00001177,0.00001125,0.00001157,197740.00000000
1566187200,1566190799,0.00001157,0.00001157,0.00001157,0.00001157,0.00000000
1566190800,1566194399,0.00001157,0.00001157,0.00001157,0.00001157,0.00000000
1566194400,1566197999,0.00001147,0.00001153,0.00001132,0.00001153,497672.00000000
1566198000,1566201599,0.00001149,0.00001159,0.00001103,0.00001120,892797.00000000
1566201600,1566205199,0.00001106,0.00001132,0.00001106,0.00001132,303190.00000000
1566205200,1566208799,0.00001125,0.00001140,0.00001107,0.00001128,332960.00000000
1566208800,1566212399,0.00001128,0.00001130,0.00001105,0.00001127,393060.00000000
1566212400,1566215999,0.00001130,0.00001131,0.00001117,0.00001117,76237.00000000
1566216000,1566219599,0.00001122,0.00001122,0.00001122,0.00001122,5485.00000000
1566219600,1566223199,0.00001110,0.00001130,0.00001110,0.00001130,11133.00000000
1566223200,1566226799,0.00001118,0.00001130,0.00001118,0.00001130,5053.00000000
1566226800,1566230399,0.00001130,0.00001130,0.00001130,0.00001130,2623.00000000
1566230400,1566233999,0.00001115,0.00001115,0.00001115,0.00001115,7751.00000000
1566234000,1566237599,0.00001114,0.00001114,0.00001114,0.00001114,2500.00000000
1566237600,1566241199,0.00001130,0.00001131,0.00001130,0.00001131,30336.00000000
1566241200,1566244799,0.00001130,0.00001140,0.00001130,0.00001140,91580.00000000
1566244800,1566248399,0.00001141,0.00001141,0.00001141,0.00001141,3506.00000000
1566248400,1566251999,0.00001141,0.00001141,0.00001141,0.00001141,0.00000000
1566252000,1566255599,0.00001124,0.00001124,0.00001124,0.00001124,22064.00000000
1566255600,1566259199,0.00001124,0.00001125,0.00001120,0.00001120,86996.00000000
1566259200,1566262799,0.00001136,0.00001141,0.00001119,0.00001120,93956.00000000
1566262800,1566266399,0.00001120,0.00001120,0.00001120,0.00001120,9852.00000000
1566266400,1566269999,0.00001120,0.00001120,0.00001114,0.00001114,42204.00000000
1566270000,1566273599,0.00001115,0.00001115,0.00001114,0.00001114,6747.00000000
1566273600,1566277199,0.00001114,0.00001114,0.00001114,0.00001114,0.00000000
1566277200,1566280799,0.00001114,0.00001114,0.00001114,0.00001114,0.00000000
1566280800,1566284399,0.00001114,0.00001114,0.00001114,0.00001114,0.00000000
1566284400,1566287999,0.00001114,0.00001114,0.00001114,0.00001114,0.00000000
1566288000,1566291599,0.00001114,0.00001114,0.00001114,0.00001114,2497.00000000
1566291600,1566295199,0.00001114,0.00001114,0.00001114,0.00001114,2500.00000000
1566295200,1566298799,0.00001114,0.00001114,0.00001114,0.00001114,0.00000000
1566298800,1566302399,0.00001115,0.00001115,0.00001097,0.00001110,420846.00000000
1566302400,1566305999,0.00001115,0.00001124,0.00001115,0.00001124,205011.00000000
1566306000,1566309599,0.00001124,0.00001124,0.00001124,0.00001124,0.00000000
1566309600,1566313199,0.00001126,0.00001127,0.00001126,0.00001127,7401.00000000
1566313200,1566316799,0.00001127,0.00001130,0.00001123,0.00001123,43313.00000000
1566316800,1566320399,0.00001123,0.00001123,0.00001123,0.00001123,0.00000000
1566320400,1566323999,0.00001130,0.00001130,0.00001130,0.00001130,894.00000000
1566324000,1566327599,0.00001130,0.00001130,0.00001130,0.00001130,0.00000000
1566327600,1566331199,0.00001130,0.00001130,0.00001130,0.00001130,0.00000000
1566331200,1566334799,0.00001116,0.00001116,0.00001102,0.00001102,101055.00000000
1566334800,1566338399,0.00001118,0.00001118,0.00001118,0.00001118,3578.00000000
1566338400,1566341999,0.00001118,0.00001118,0.00001118,0.00001118,0.00000000
1566342000,1566345599,0.00001117,0.00001117,0.00001117,0.00001117,8944.00000000
1566345600,1566349199,0.00001117,0.00001117,0.00001117,0.00001117,0.00000000
1566349200,1566352799,0.00001117,0.00001117,0.00001117,0.00001117,0.00000000
1566352800,1566356399,0.00001114,0.00001118,0.00001114,0.00001118,46831.00000000
1566356400,1566359999,0.00001118,0.00001118,0.00001118,0.00001118,0.00000000
1566360000,1566363599,0.00001102,0.00001129,0.00001102,0.00001128,119556.00000000
1566363600,1566367199,0.00001126,0.00001126,0.00001100,0.00001115,135427.00000000
1566367200,1566370799,0.00001115,0.00001115,0.00001115,0.00001115,0.00000000
1566370800,1566374399,0.00001115,0.00001115,0.00001115,0.00001115,0.00000000
1566374400,1566377999,0.00001101,0.00001112,0.00001100,0.00001100,21659.00000000
1566378000,1566381599,0.00001100,0.00001108,0.00001088,0.00001102,184184.00000000
1566381600,1566385199,0.00001102,0.00001102,0.00001102,0.00001102,0.00000000
1566385200,1566388799,0.00001089,0.00001091,0.00001051,0.00001090,984268.00000000
1566388800,1566392399,0.00001089,0.00001102,0.00001089,0.00001090,406488.00000000
1566392400,1566395999,0.00001086,0.00001086,0.00001066,0.00001081,339243.00000000
1566396000,1566399599,0.00001082,0.00001085,0.00001082,0.00001085,39660.00000000
1566399600,1566403199,0.00001071,0.00001086,0.00001070,0.00001070,226648.00000000
1566403200,1566406799,0.00001087,0.00001114,0.00001087,0.00001093,329092.00000000
1566406800,1566410399,0.00001110,0.00001111,0.00001093,0.00001093,65497.00000000
1566410400,1566413999,0.00001094,0.00001094,0.00001094,0.00001094,13294.00000000
1566414000,1566417599,0.00001094,0.00001100,0.00001094,0.00001100,35160.00000000
1566417600,1566421199,0.00001100,0.00001100,0.00001097,0.00001097,8087.00000000
1566421200,1566424799,0.00001103,0.00001121,0.00001103,0.00001121,452025.00000000
1566424800,1566428399,0.00001104,0.00001104,0.00001104,0.00001104,1396.00000000
1566428400,1566431999,0.00001104,0.00001104,0.00001104,0.00001104,0.00000000
1566432000,1566435599,0.00001104,0.00001104,0.00001101,0.00001102,44465.00000000
1566435600,1566439199,0.00001102,0.00001102,0.00001102,0.00001102,0.00000000
1566439200,1566442799,0.00001102,0.00001102,0.00001102,0.00001102,0.00000000
1566442800,1566446399,0.00001102,0.00001102,0.00001102,0.00001102,0.00000000
1566446400,1566449999,0.00001102,0.00001102,0.00001102,0.00001102,0.00000000
1566450000,1566453599,0.00001103,0.00001103,0.00001103,0.00001103,10268.00000000
1566453600,1566457199,0.00001103,0.00001103,0.00001103,0.00001103,0.00000000
1566457200,1566460799,0.00001116,0.00001141,0.00001116,0.00001141,383757.00000000
1566460800,1566464399,0.00001128,0.00001129,0.00001111,0.00001128,128552.00000000
1566464400,1566467999,0.00001129,0.00001129,0.00001120,0.00001121,35009.00000000
1566468000,1566471599,0.00001121,0.00001129,0.00001121,0.00001129,129557.00000000
1566471600,1566475199,0.00001129,0.00001129,0.00001129,0.00001129,0.00000000
1566475200,1566478799,0.00001129,0.00001133,0.00001129,0.00001133,92779.00000000
1566478800,1566482399,0.00001133,0.00001133,0.00001133,0.00001133,0.00000000
1566482400,1566485999,0.00001119,0.00001130,0.00001119,0.00001130,108769.00000000
1566486000,1566489599,0.00001120,0.00001120,0.00001110,0.00001113,97779.00000000
1566489600,1566493199,0.00001107,0.00001286,0.00001107,0.00001230,2162086.00000000
1566493200,1566496799,0.00001232,0.00001248,0.00001200,0.00001246,2385154.00000000
1566496800,1566500399,0.00001250,0.00001264,0.00001178,0.00001222,1007724.00000000
1566500400,1566503999,0.00001221,0.00001239,0.00001212,0.00001239,946233.00000000
1566504000,1566507599,0.00001230,0.00001236,0.00001214,0.00001234,47507.00000000
1566507600,1566511199,0.00001234,0.00001235,0.00001215,0.00001218,13926.00000000
1566511200,1566514799,0.00001220,0.00001220,0.00001209,0.00001209,76755.00000000
1566514800,1566518399,0.00001218,0.00001227,0.00001218,0.00001227,168099.00000000
1566518400,1566521999,0.00001227,0.00001227,0.00001226,0.00001226,70900.00000000
1566522000,1566525599,0.00001226,0.00001226,0.00001226,0.00001226,0.00000000
1566525600,1566529199,0.00001226,0.00001276,0.00001226,0.00001275,635302.00000000
1566529200,1566532799,0.00001275,0.00001276,0.00001243,0.00001243,480993.00000000
1566532800,1566536399,0.00001263,0.00001293,0.00001255,0.00001256,992186.00000000
1566536400,1566539999,0.00001270,0.00001270,0.00001256,0.00001256,43355.00000000
1566540000,1566543599,0.00001256,0.00001256,0.00001256,0.00001256,2227.00000000
1566543600,1566547199,0.00001256,0.00001256,0.00001255,0.00001255,37239.00000000
1566547200,1566550799,0.00001238,0.00001255,0.00001238,0.00001254,101478.00000000
1566550800,1566554399,0.00001253,0.00001282,0.00001253,0.00001265,330745.00000000
1566554400,1566557999,0.00001245,0.00001282,0.00001245,0.00001282,349652.00000000
1566558000,1566561599,0.00001282,0.00001292,0.00001259,0.00001292,25054.00000000
1566561600,1566565199,0.00001292,0.00001309,0.00001267,0.00001309,1854341.00000000
1566565200,1566568799,0.00001309,0.00001309,0.00001227,0.00001234,418787.00000000
1566568800,1566572399,0.00001233,0.00001252,0.00001201,0.00001232,367264.00000000
1566572400,1566575999,0.00001201,0.00001244,0.00001200,0.00001200,405470.00000000
1566576000,1566579599,0.00001205,0.00001205,0.00001205,0.00001205,28323.00000000
1566579600,1566583199,0.00001205,0.00001207,0.00001189,0.00001207,264764.00000000
1566583200,1566586799,0.00001189,0.00001200,0.00001185,0.00001185,380366.00000000
1566586800,1566590399,0.00001190,0.00001196,0.00001190,0.00001195,494867.00000000
1566590400,1566593999,0.00001193,0.00001222,0.00001193,0.00001222,455169.00000000
1566594000,1566597599,0.00001221,0.00001232,0.00001221,0.00001232,1392510.00000000
1566597600,1566601199,0.00001232,0.00001232,0.00001232,0.00001232,0.00000000
1566601200,1566604799,0.00001232,0.00001232,0.00001232,0.00001232,0.00000000
1566604800,1566608399,0.00001232,0.00001232,0.00001232,0.00001232,853.00000000
1566608400,1566611999,0.00001232,0.00001232,0.00001232,0.00001232,0.00000000
1566612000,1566615599,0.00001220,0.00001220,0.00001196,0.00001215,235169.00000000
1566615600,1566619199,0.00001215,0.00001215,0.00001215,0.00001215,0.00000000
1566619200,1566622799,0.00001215,0.00001215,0.00001215,0.00001215,0.00000000
1566622800,1566626399,0.00001215,0.00001215,0.00001215,0.00001215,0.00000000
1566626400,1566629999,0.00001230,0.00001250,0.00001230,0.00001250,282479.00000000
1566630000,1566633599,0.00001250,0.00001297,0.00001231,0.00001293,1740208.00000000
1566633600,1566637199,0.00001279,0.00001295,0.00001279,0.00001295,84006.00000000
1566637200,1566640799,0.00001294,0.00001300,0.00001238,0.00001267,1259782.00000000
1566640800,1566644399,0.00001267,0.00001279,0.00001267,0.00001279,41185.00000000
1566644400,1566647999,0.00001279,0.00001396,0.00001279,0.00001323,633118.00000000
1566648000,1566651599,0.00001320,0.00001351,0.00001315,0.00001351,759522.00000000
1566651600,1566655199,0.00001351,0.00001351,0.00001330,0.00001330,96552.00000000
1566655200,1566658799,0.00001329,0.00001331,0.00001329,0.00001331,74399.00000000
1566658800,1566662399,0.00001331,0.00001331,0.00001330,0.00001330,8075.00000000
1566662400,1566665999,0.00001340,0.00001351,0.00001315,0.00001351,5627.00000000
1566666000,1566669599,0.00001328,0.00001330,0.00001327,0.00001327,107912.00000000
1566669600,1566673199,0.00001321,0.00001346,0.00001312,0.00001346,25530.00000000
1566673200,1566676799,0.00001343,0.00001356,0.00001321,0.00001343,198394.00000000
1566676800,1566680399,0.00001346,0.00001346,0.00001316,0.00001316,114735.00000000
1566680400,1566683999,0.00001328,0.00001346,0.00001313,0.00001313,358009.00000000
1566684000,1566687599,0.00001338,0.00001357,0.00001312,0.00001357,670935.00000000
1566687600,1566691199,0.00001339,0.00001339,0.00001307,0.00001318,384046.00000000
1566691200,1566694799,0.00001332,0.00001347,0.00001332,0.00001347,166142.00000000
1566694800,1566698399,0.00001357,0.00001579,0.00001320,0.00001546,3546210.00000000
1566698400,1566701999,0.00001536,0.00001556,0.00001508,0.00001508,378170.00000000
1566702000,1566705599,0.00001506,0.00001506,0.00001451,0.00001462,777795.00000000
1566705600,1566709199,0.00001462,0.00001492,0.00001450,0.00001463,1330323.00000000
1566709200,1566712799,0.00001479,0.00001558,0.00001479,0.00001550,1267773.00000000
1566712800,1566716399,0.00001542,0.00001619,0.00001475,0.00001508,2283917.00000000
1566716400,1566719999,0.00001510,0.00001525,0.00001490,0.00001515,195979.00000000
1566720000,1566723599,0.00001506,0.00001510,0.00001456,0.00001497,452355.00000000
1566723600,1566727199,0.00001501,0.00001556,0.00001472,0.00001556,645212.00000000
1566727200,1566730799,0.00001536,0.00001558,0.00001409,0.00001540,3573924.00000000
1566730800,1566734399,0.00001551,0.00001556,0.00001526,0.00001526,436122.00000000
1566734400,1566737999,0.00001536,0.00001545,0.00001425,0.00001455,333781.00000000
1566738000,1566741599,0.00001455,0.00001479,0.00001438,0.00001438,320933.00000000
1566741600,1566745199,0.00001472,0.00001477,0.00001429,0.00001453,165749.00000000
1566745200,1566748799,0.00001458,0.00001519,0.00001458,0.00001506,1153083.00000000
1566748800,1566752399,0.00001497,0.00001506,0.00001486,0.00001486,57395.00000000
1566752400,1566755999,0.00001496,0.00001496,0.00001483,0.00001496,647777.00000000
1566756000,1566759599,0.00001505,0.00001505,0.00001505,0.00001505,195.00000000
1566759600,1566763199,0.00001462,0.00001502,0.00001386,0.00001449,665776.00000000
1566763200,1566766799,0.00001448,0.00001458,0.00001411,0.00001458,1209142.00000000
1566766800,1566770399,0.00001449,0.00001466,0.00001448,0.00001466,164487.00000000
1566770400,1566773999,0.00001462,0.00001475,0.00001451,0.00001451,135407.00000000
1566774000,1566777599,0.00001451,0.00001451,0.00001451,0.00001451,0.00000000
1566777600,1566781199,0.00001444,0.00001448,0.00001407,0.00001407,157322.00000000
1566781200,1566784799,0.00001430,0.00001431,0.00001403,0.00001409,206570.00000000
1566784800,1566788399,0.00001409,0.00001409,0.00001409,0.00001409,12679.00000000
1566788400,1566791999,0.00001409,0.00001409,0.00001388,0.00001408,143815.00000000
1566792000,1566795599,0.00001403,0.00001409,0.00001389,0.00001389,87864.00000000
1566795600,1566799199,0.00001417,0.00001488,0.00001371,0.00001478,2394922.00000000
1566799200,1566802799,0.00001478,0.00001539,0.00001476,0.00001520,561236.00000000
1566802800,1566806399,0.00001520,0.00001548,0.00001514,0.00001519,102974.00000000
1566806400,1566809999,0.00001508,0.00001508,0.00001508,0.00001508,13556.00000000
1566810000,1566813599,0.00001507,0.00001507,0.00001439,0.00001454,1307087.00000000
1566813600,1566817199,0.00001477,0.00001485,0.00001477,0.00001485,471530.00000000
1566817200,1566820799,0.00001482,0.00001755,0.00001482,0.00001649,3842841.00000000
1566820800,1566824399,0.00001649,0.00001666,0.00001575,0.00001616,871054.00000000
1566824400,1566827999,0.00001615,0.00002021,0.00001615,0.00001859,8127886.00000000
1566828000,1566831599,0.00001859,0.00001976,0.00001781,0.00001822,2689865.00000000
1566831600,1566835199,0.00001812,0.00001886,0.00001787,0.00001802,527031.00000000
1566835200,1566838799,0.00001792,0.00001834,0.00001792,0.00001822,292186.00000000
1566838800,1566842399,0.00001819,0.00001831,0.00001792,0.00001825,947676.00000000
1566842400,1566845999,0.00001812,0.00001841,0.00001770,0.00001841,430569.00000000
1566846000,1566849599,0.00001841,0.00001841,0.00001803,0.00001804,83762.00000000
1566849600,1566853199,0.00001803,0.00001803,0.00001682,0.00001723,1231883.00000000
1566853200,1566856799,0.00001723,0.00001752,0.00001685,0.00001706,472413.00000000
1566856800,1566860399,0.00001706,0.00001723,0.00001565,0.00001610,2068023.00000000
1566860400,1566863999,0.00001610,0.00001664,0.00001610,0.00001664,1019895.00000000
1566864000,1566867599,0.00001663,0.00001663,0.00001623,0.00001643,89093.00000000
1566867600,1566871199,0.00001644,0.00001644,0.00001591,0.00001591,321879.00000000
1566871200,1566874799,0.00001605,0.00001670,0.00001605,0.00001670,288705.00000000
1566874800,1566878399,0.00001654,0.00001684,0.00001642,0.00001670,216310.00000000
1566878400,1566881999,0.00001654,0.00001654,0.00001606,0.00001630,283679.00000000
1566882000,1566885599,0.00001630,0.00001650,0.00001630,0.00001650,34575.00000000
1566885600,1566889199,0.00001654,0.00001807,0.00001654,0.00001750,964508.00000000
1566889200,1566892799,0.00001752,0.00001753,0.00001709,0.00001743,231446.00000000
1566892800,1566896399,0.00001753,0.00001976,0.00001741,0.00001951,985720.00000000
1566896400,1566899999,0.00001964,0.00001972,0.00001792,0.00001910,4665496.00000000
1566900000,1566903599,0.00001904,0.00001920,0.00001822,0.00001822,671226.00000000
1566903600,1566907199,0.00001822,0.00001886,0.00001773,0.00001801,1688892.00000000
1566907200,1566910799,0.00001792,0.00001830,0.00001715,0.00001801,432263.00000000
1566910800,1566914399,0.00001785,0.00001792,0.00001682,0.00001723,1386261.00000000
1566914400,1566917999,0.00001724,0.00001743,0.00001684,0.00001684,221886.00000000
1566918000,1566921599,0.00001694,0.00001740,0.00001694,0.00001704,66709.00000000
1566921600,1566925199,0.00001704,0.00001707,0.00001661,0.00001687,1223744.00000000
1566925200,1566928799,0.00001674,0.00001710,0.00001660,0.00001703,115301.00000000
1566928800,1566932399,0.00001703,0.00001703,0.00001703,0.00001703,215.00000000
1566932400,1566935999,0.00001698,0.00001701,0.00001616,0.00001673,919061.00000000
1566936000,1566939599,0.00001658,0.00001670,0.00001629,0.00001644,49905.00000000
1566939600,1566943199,0.00001654,0.00001672,0.00001644,0.00001664,35991.00000000
1566943200,1566946799,0.00001645,0.00001659,0.00001620,0.00001624,342992.00000000
1566946800,1566950399,0.00001634,0.00001653,0.00001634,0.00001653,380040.00000000
1566950400,1566953999,0.00001653,0.00001653,0.00001635,0.00001636,315413.00000000
1566954000,1566957599,0.00001636,0.00001636,0.00001636,0.00001636,0.00000000
1566957600,1566961199,0.00001636,0.00001636,0.00001636,0.00001636,3990.00000000
1566961200,1566964799,0.00001636,0.00001636,0.00001617,0.00001617,854564.00000000
1566964800,1566968399,0.00001617,0.00001617,0.00001617,0.00001617,38712.00000000
1566968400,1566971999,0.00001633,0.00001633,0.00001530,0.00001574,1869032.00000000
1566972000,1566975599,0.00001574,0.00001583,0.00001566,0.00001566,42207.00000000
1566975600,1566979199,0.00001565,0.00001569,0.00001533,0.00001569,219838.00000000
1566979200,1566982799,0.00001566,0.00001575,0.00001556,0.00001575,89526.00000000
1566982800,1566986399,0.00001565,0.00001575,0.00001529,0.00001545,331480.00000000
1566986400,1566989999,0.00001544,0.00001604,0.00001543,0.00001585,1388237.00000000
1566990000,1566993599,0.00001586,0.00001662,0.00001577,0.00001587,591826.00000000
1566993600,1566997199,0.00001593,0.00001698,0.00001593,0.00001694,1602621.00000000
1566997200,1567000799,0.00001693,0.00001698,0.00001654,0.00001684,1287838.00000000
1567000800,1567004399,0.00001688,0.00001691,0.00001662,0.00001674,61469.00000000
1567004400,1567007999,0.00001674,0.00001674,0.00001674,0.00001674,0.00000000
1567008000,1567011599,0.00001664,0.00001673,0.00001649,0.00001649,50596.00000000
1567011600,1567015199,0.00001649,0.00001674,0.00001618,0.00001634,655279.00000000
1567015200,1567018799,0.00001634,0.00001695,0.00001557,0.00001576,1728023.00000000
1567018800,1567022399,0.00001595,0.00001600,0.00001571,0.00001585,53473.00000000
1567022400,1567025999,0.00001594,0.00001594,0.00001559,0.00001575,412937.00000000
1567026000,1567029599,0.00001565,0.00001565,0.00001504,0.00001546,633420.00000000
1567029600,1567033199,0.00001546,0.00001574,0.00001535,0.00001549,258414.00000000
1567033200,1567036799,0.00001549,0.00001549,0.00001549,0.00001549,11513.00000000
1567036800,1567040399,0.00001549,0.00001549,0.00001467,0.00001479,800393.00000000
1567040400,1567043999,0.00001497,0.00001516,0.00001490,0.00001516,135715.00000000
1567044000,1567047599,0.00001499,0.00001538,0.00001479,0.00001538,624923.00000000
1567047600,1567051199,0.00001526,0.00001526,0.00001479,0.00001500,198115.00000000
1567051200,1567054799,0.00001500,0.00001541,0.00001500,0.00001517,256799.00000000
1567054800,1567058399,0.00001517,0.00001517,0.00001517,0.00001517,0.00000000
1567058400,1567061999,0.00001517,0.00001517,0.00001515,0.00001515,19996.00000000
1567062000,1567065599,0.00001515,0.00001515,0.00001514,0.00001514,14613.00000000
1567065600,1567069199,0.00001506,0.00001517,0.00001502,0.00001507,26046.00000000
1567069200,1567072799,0.00001506,0.00001516,0.00001500,0.00001516,460697.00000000
1567072800,1567076399,0.00001516,0.00001516,0.00001318,0.00001440,5099701.00000000
1567076400,1567079999,0.00001442,0.00001455,0.00001435,0.00001455,222332.00000000
1567080000,1567083599,0.00001452,0.00001452,0.00001397,0.00001423,952824.00000000
1567083600,1567087199,0.00001426,0.00001426,0.00001425,0.00001425,4843.00000000
1567087200,1567090799,0.00001423,0.00001426,0.00001379,0.00001409,407126.00000000
1567090800,1567094399,0.00001409,0.00001448,0.00001409,0.00001447,443552.00000000
1567094400,1567097999,0.00001447,0.00001447,0.00001408,0.00001436,427510.00000000
1567098000,1567101599,0.00001438,0.00001454,0.00001418,0.00001451,501480.00000000
1567101600,1567105199,0.00001434,0.00001449,0.00001434,0.00001449,84605.00000000
1567105200,1567108799,0.00001422,0.00001449,0.00001420,0.00001449,71077.00000000
1567108800,1567112399,0.00001449,0.00001450,0.00001415,0.00001450,10927.00000000
1567112400,1567115999,0.00001450,0.00001450,0.00001450,0.00001450,0.00000000
1567116000,1567119599,0.00001450,0.00001450,0.00001450,0.00001450,0.00000000
1567119600,1567123199,0.00001450,0.00001450,0.00001450,0.00001450,0.00000000
1567123200,1567126799,0.00001450,0.00001450,0.00001450,0.00001450,0.00000000
1567126800,1567130399,0.00001450,0.00001450,0.00001450,0.00001450,0.00000000
1567130400,1567133999,0.00001422,0.00001422,0.00001422,0.00001422,11650.00000000
1567134000,1567137599,0.00001429,0.00001429,0.00001427,0.00001429,3504.00000000
1567137600,1567141199,0.00001418,0.00001429,0.00001395,0.00001403,202953.00000000
1567141200,1567144799,0.00001403,0.00001429,0.00001403,0.00001403,66761.00000000
1567144800,1567148399,0.00001403,0.00001430,0.00001381,0.00001398,155185.00000000
1567148400,1567151999,0.00001417,0.00001417,0.00001417,0.00001417,110257.00000000
1567152000,1567155599,0.00001389,0.00001417,0.00001389,0.00001417,70785.00000000
1567155600,1567159199,0.00001417,0.00001417,0.00001417,0.00001417,56128.00000000
1567159200,1567162799,0.00001418,0.00001426,0.00001418,0.00001426,1342.00000000
1567162800,1567166399,0.00001426,0.00001426,0.00001426,0.00001426,142101.00000000
1567166400,1567169999,0.00001427,0.00001450,0.00001427,0.00001450,318108.00000000
1567170000,1567173599,0.00001450,0.00001450,0.00001409,0.00001433,58864.00000000
1567173600,1567177199,0.00001433,0.00001433,0.00001398,0.00001402,201887.00000000
1567177200,1567180799,0.00001410,0.00001424,0.00001398,0.00001398,72737.00000000
1567180800,1567184399,0.00001399,0.00001399,0.00001399,0.00001399,9089.00000000
1567184400,1567187999,0.00001417,0.00001417,0.00001401,0.00001401,10547.00000000
1567188000,1567191599,0.00001400,0.00001420,0.00001398,0.00001420,746265.00000000
1567191600,1567195199,0.00001403,0.00001403,0.00001403,0.00001403,49945.00000000
1567195200,1567198799,0.00001402,0.00001402,0.00001357,0.00001396,635355.00000000
1567198800,1567202399,0.00001371,0.00001391,0.00001371,0.00001391,16352.00000000
1567202400,1567205999,0.00001396,0.00001396,0.00001395,0.00001396,8535.00000000
1567206000,1567209599,0.00001373,0.00001373,0.00001373,0.00001373,879.00000000
1567209600,1567213199,0.00001380,0.00001380,0.00001379,0.00001379,12904.00000000
1567213200,1567216799,0.00001380,0.00001380,0.00001379,0.00001379,10178.00000000
1567216800,1567220399,0.00001379,0.00001379,0.00001379,0.00001379,6106.00000000
1567220400,1567223999,0.00001380,0.00001389,0.00001380,0.00001389,39081.00000000
1567224000,1567227599,0.00001389,0.00001389,0.00001389,0.00001389,1216.00000000
1567227600,1567231199,0.00001389,0.00001389,0.00001388,0.00001389,162901.00000000
1567231200,1567234799,0.00001389,0.00001389,0.00001389,0.00001389,0.00000000
1567234800,1567238399,0.00001375,0.00001389,0.00001375,0.00001389,601097.00000000
1567238400,1567241999,0.00001395,0.00001395,0.00001395,0.00001395,11859.00000000
1567242000,1567245599,0.00001395,0.00001395,0.00001395,0.00001395,0.00000000
1567245600,1567249199,0.00001396,0.00001437,0.00001396,0.00001420,400811.00000000
1567249200,1567252799,0.00001420,0.00001436,0.00001420,0.00001436,1576.00000000
1567252800,1567256399,0.00001422,0.00001485,0.00001392,0.00001419,721855.00000000
1567256400,1567259999,0.00001417,0.00001423,0.00001417,0.00001423,52744.00000000
1567260000,1567263599,0.00001423,0.00001423,0.00001396,0.00001396,9676.00000000
1567263600,1567267199,0.00001396,0.00001396,0.00001396,0.00001396,63792.00000000
1567267200,1567270799,0.00001396,0.00001396,0.00001396,0.00001396,0.00000000
1567270800,1567274399,0.00001396,0.00001396,0.00001396,0.00001396,0.00000000
1567274400,1567277999,0.00001418,0.00001419,0.00001418,0.00001419,24611.00000000
1567278000,1567281599,0.00001419,0.00001419,0.00001419,0.00001419,2576.00000000
1567281600,1567285199,0.00001419,0.00001419,0.00001419,0.00001419,35302.00000000
1567285200,1567288799,0.00001409,0.00001419,0.00001393,0.00001394,575268.00000000
1567288800,1567292399,0.00001394,0.00001412,0.00001367,0.00001410,130436.00000000
1567292400,1567295999,0.00001411,0.00001411,0.00001411,0.00001411,2743.00000000
1567296000,1567299599,0.00001411,0.00001435,0.00001411,0.00001435,82876.00000000
1567299600,1567303199,0.00001435,0.00001456,0.00001435,0.00001456,486601.00000000
1567303200,1567306799,0.00001456,0.00001468,0.00001443,0.00001468,9005.00000000
1567306800,1567310399,0.00001468,0.00001478,0.00001449,0.00001477,12224.00000000
1567310400,1567313999,0.00001477,0.00001477,0.00001477,0.00001477,4000.00000000
1567314000,1567317599,0.00001477,0.00001477,0.00001437,0.00001453,35424.00000000
1567317600,1567321199,0.00001440,0.00001455,0.00001440,0.00001455,18154.00000000
1567321200,1567324799,0.00001455,0.00001455,0.00001455,0.00001455,0.00000000
1567324800,1567328399,0.00001454,0.00001479,0.00001454,0.00001479,482619.00000000
1567328400,1567331999,0.00001479,0.00001620,0.00001479,0.00001619,2063547.00000000
1567332000,1567335599,0.00001587,0.00001587,0.00001486,0.00001517,2126054.00000000
1567335600,1567339199,0.00001524,0.00001539,0.00001514,0.00001539,287710.00000000
1567339200,1567342799,0.00001546,0.00001582,0.00001515,0.00001576,233710.00000000
1567342800,1567346399,0.00001566,0.00001578,0.00001515,0.00001534,127793.00000000
1567346400,1567349999,0.00001544,0.00001573,0.00001544,0.00001573,75677.00000000
1567350000,1567353599,0.00001540,0.00001540,0.00001391,0.00001492,1479605.00000000
1567353600,1567357199,0.00001492,0.00001500,0.00001449,0.00001496,612185.00000000
1567357200,1567360799,0.00001490,0.00001490,0.00001458,0.00001458,55294.00000000
1567360800,1567364399,0.00001478,0.00001487,0.00001436,0.00001477,232040.00000000
1567364400,1567367999,0.00001439,0.00001474,0.00001425,0.00001425,109362.00000000
1567368000,1567371599,0.00001440,0.00001451,0.00001426,0.00001426,66784.00000000
1567371600,1567375199,0.00001450,0.00001450,0.00001447,0.00001448,74921.00000000
1567375200,1567378799,0.00001432,0.00001432,0.00001432,0.00001432,2122.00000000
1567378800,1567382399,0.00001431,0.00001442,0.00001426,0.00001442,17069.00000000
1567382400,1567385999,0.00001426,0.00001454,0.00001408,0.00001453,147268.00000000
1567386000,1567389599,0.00001436,0.00001436,0.00001436,0.00001436,4271.00000000
1567389600,1567393199,0.00001436,0.00001453,0.00001436,0.00001451,19275.00000000
1567393200,1567396799,0.00001451,0.00001478,0.00001451,0.00001478,119946.00000000
1567396800,1567400399,0.00001478,0.00001511,0.00001404,0.00001458,2197116.00000000
1567400400,1567403999,0.00001458,0.00001480,0.00001458,0.00001480,46137.00000000
1567404000,1567407599,0.00001481,0.00001511,0.00001458,0.00001458,100110.00000000
1567407600,1567411199,0.00001458,0.00001458,0.00001448,0.00001448,111908.00000000
1567411200,1567414799,0.00001481,0.00001481,0.00001481,0.00001481,4788.00000000
1567414800,1567418399,0.00001488,0.00001488,0.00001488,0.00001488,13897.00000000
1567418400,1567421999,0.00001470,0.00001470,0.00001470,0.00001470,2500.00000000
1567422000,1567425599,0.00001459,0.00001459,0.00001459,0.00001459,748.00000000
1567425600,1567429199,0.00001458,0.00001458,0.00001458,0.00001458,7495.00000000
1567429200,1567432799,0.00001458,0.00001458,0.00001415,0.00001430,1348760.00000000
1567432800,1567436399,0.00001446,0.00001446,0.00001418,0.00001444,335911.00000000
1567436400,1567439999,0.00001445,0.00001446,0.00001430,0.00001446,105539.00000000
1567440000,1567443599,0.00001446,0.00001446,0.00001427,0.00001446,278248.00000000
1567443600,1567447199,0.00001446,0.00001446,0.00001413,0.00001413,86137.00000000
1567447200,1567450799,0.00001413,0.00001413,0.00001413,0.00001413,0.00000000
1567450800,1567454399,0.00001411,0.00001411,0.00001376,0.00001388,191543.00000000
1567454400,1567457999,0.00001409,0.00001409,0.00001388,0.00001388,17479.00000000
1567458000,1567461599,0.00001401,0.00001403,0.00001370,0.00001374,541473.00000000
1567461600,1567465199,0.00001373,0.00001373,0.00001363,0.00001363,72930.00000000
1567465200,1567468799,0.00001363,0.00001363,0.00001363,0.00001363,0.00000000
1567468800,1567472399,0.00001363,0.00001363,0.00001363,0.00001363,0.00000000
1567472400,1567475999,0.00001363,0.00001363,0.00001352,0.00001363,142074.00000000
1567476000,1567479599,0.00001363,0.00001363,0.00001360,0.00001360,6198.00000000
1567479600,1567483199,0.00001360,0.00001360,0.00001360,0.00001360,0.00000000
1567483200,1567486799,0.00001356,0.00001357,0.00001334,0.00001356,1701522.00000000
1567486800,1567490399,0.00001355,0.00001356,0.00001350,0.00001354,28429.00000000
1567490400,1567493999,0.00001354,0.00001354,0.00001349,0.00001350,1904.00000000
1567494000,1567497599,0.00001348,0.00001356,0.00001348,0.00001356,1429.00000000
1567497600,1567501199,0.00001353,0.00001353,0.00001353,0.00001353,947.00000000
1567501200,1567504799,0.00001346,0.00001354,0.00001346,0.00001354,59036.00000000
1567504800,1567508399,0.00001352,0.00001352,0.00001352,0.00001352,2248.00000000
1567508400,1567511999,0.00001363,0.00001377,0.00001343,0.00001352,165965.00000000
1567512000,1567515599,0.00001376,0.00001377,0.00001348,0.00001377,794699.00000000
1567515600,1567519199,0.00001352,0.00001352,0.00001334,0.00001334,175995.00000000
1567519200,1567522799,0.00001334,0.00001334,0.00001334,0.00001334,0.00000000
1567522800,1567526399,0.00001336,0.00001336,0.00001336,0.00001336,4637.00000000
1567526400,1567529999,0.00001334,0.00001334,0.00001334,0.00001334,20900.00000000
1567530000,1567533599,0.00001334,0.00001363,0.00001317,0.00001338,149770.00000000
1567533600,1567537199,0.00001358,0.00001368,0.00001358,0.00001367,27876.00000000
1567537200,1567540799,0.00001368,0.00001368,0.00001368,0.00001368,735.00000000
1567540800,1567544399,0.00001368,0.00001368,0.00001337,0.00001368,94903.00000000
1567544400,1567547999,0.00001368,0.00001368,0.00001368,0.00001368,0.00000000
1567548000,1567551599,0.00001339,0.00001339,0.00001338,0.00001338,15762.00000000
1567551600,1567555199,0.00001351,0.00001390,0.00001351,0.00001390,227710.00000000
1567555200,1567558799,0.00001390,0.00001390,0.00001362,0.00001388,67091.00000000
1567558800,1567562399,0.00001388,0.00001388,0.00001388,0.00001388,0.00000000
1567562400,1567565999,0.00001388,0.00001388,0.00001388,0.00001388,0.00000000
1567566000,1567569599,0.00001388,0.00001388,0.00001388,0.00001388,0.00000000
1567569600,1567573199,0.00001388,0.00001388,0.00001388,0.00001388,0.00000000
1567573200,1567576799,0.00001388,0.00001388,0.00001388,0.00001388,0.00000000
1567576800,1567580399,0.00001361,0.00001361,0.00001361,0.00001361,9205.00000000
1567580400,1567583999,0.00001361,0.00001361,0.00001361,0.00001361,0.00000000
1567584000,1567587599,0.00001374,0.00001388,0.00001361,0.00001384,153454.00000000
1567587600,1567591199,0.00001387,0.00001387,0.00001387,0.00001387,1300.00000000
1567591200,1567594799,0.00001387,0.00001387,0.00001387,0.00001387,441.00000000
1567594800,1567598399,0.00001387,0.00001387,0.00001387,0.00001387,0.00000000
1567598400,1567601999,0.00001361,0.00001361,0.00001361,0.00001361,56093.00000000
1567602000,1567605599,0.00001361,0.00001361,0.00001361,0.00001361,0.00000000
1567605600,1567609199,0.00001362,0.00001362,0.00001362,0.00001362,464170.00000000
1567609200,1567612799,0.00001362,0.00001362,0.00001362,0.00001362,0.00000000
1567612800,1567616399,0.00001367,0.00001367,0.00001367,0.00001367,143350.00000000
1567616400,1567619999,0.00001382,0.00001447,0.00001382,0.00001402,356980.00000000
1567620000,1567623599,0.00001400,0.00001402,0.00001394,0.00001394,40350.00000000
1567623600,1567627199,0.00001401,0.00001402,0.00001401,0.00001402,11912.00000000
1567627200,1567630799,0.00001402,0.00001432,0.00001392,0.00001432,172435.00000000
1567630800,1567634399,0.00001432,0.00001432,0.00001413,0.00001414,70516.00000000
1567634400,1567637999,0.00001414,0.00001414,0.00001414,0.00001414,0.00000000
1567638000,1567641599,0.00001414,0.00001414,0.00001414,0.00001414,0.00000000
1567641600,1567645199,0.00001410,0.00001410,0.00001410,0.00001410,26191.00000000
1567645200,1567648799,0.00001411,0.00001439,0.00001411,0.00001439,4972.00000000
1567648800,1567652399,0.00001439,0.00001439,0.00001439,0.00001439,0.00000000
1567652400,1567655999,0.00001439,0.00001439,0.00001439,0.00001439,2084.00000000
1567656000,1567659599,0.00001416,0.00001416,0.00001401,0.00001414,118994.00000000
1567659600,1567663199,0.00001414,0.00001414,0.00001414,0.00001414,0.00000000
1567663200,1567666799,0.00001414,0.00001414,0.00001414,0.00001414,0.00000000
1567666800,1567670399,0.00001400,0.00001432,0.00001400,0.00001432,154399.00000000
1567670400,1567673999,0.00001432,0.00001465,0.00001432,0.00001465,366887.00000000
1567674000,1567677599,0.00001465,0.00001481,0.00001454,0.00001481,479227.00000000
1567677600,1567681199,0.00001481,0.00001500,0.00001478,0.00001499,76464.00000000
1567681200,1567684799,0.00001471,0.00001508,0.00001459,0.00001459,221567.00000000
1567684800,1567688399,0.00001459,0.00001459,0.00001459,0.00001459,0.00000000
1567688400,1567691999,0.00001460,0.00001460,0.00001459,0.00001459,3714.00000000
1567692000,1567695599,0.00001458,0.00001458,0.00001458,0.00001458,11718.00000000
1567695600,1567699199,0.00001458,0.00001458,0.00001458,0.00001458,0.00000000
1567699200,1567702799,0.00001471,0.00001472,0.00001448,0.00001448,41869.00000000
1567702800,1567706399,0.00001450,0.00001459,0.00001450,0.00001459,72427.00000000
1567706400,1567709999,0.00001448,0.00001448,0.00001426,0.00001426,63071.00000000
1567710000,1567713599,0.00001426,0.00001426,0.00001426,0.00001426,0.00000000
1567713600,1567717199,0.00001426,0.00001426,0.00001424,0.00001424,23658.00000000
1567717200,1567720799,0.00001424,0.00001424,0.00001424,0.00001424,0.00000000
1567720800,1567724399,0.00001424,0.00001424,0.00001424,0.00001424,0.00000000
1567724400,1567727999,0.00001424,0.00001424,0.00001424,0.00001424,0.00000000
1567728000,1567731599,0.00001424,0.00001424,0.00001424,0.00001424,0.00000000
1567731600,1567735199,0.00001424,0.00001424,0.00001424,0.00001424,0.00000000
1567735200,1567738799,0.00001424,0.00001424,0.00001424,0.00001424,1896.00000000
1567738800,1567742399,0.00001424,0.00001424,0.00001424,0.00001424,6764.00000000
1567742400,1567745999,0.00001424,0.00001424,0.00001424,0.00001424,0.00000000
1567746000,1567749599,0.00001424,0.00001424,0.00001424,0.00001424,0.00000000
1567749600,1567753199,0.00001424,0.00001424,0.00001424,0.00001424,0.00000000
1567753200,1567756799,0.00001418,0.00001418,0.00001418,0.00001418,1615.00000000
1567756800,1567760399,0.00001413,0.00001413,0.00001403,0.00001403,95501.00000000
1567760400,1567763999,0.00001403,0.00001403,0.00001403,0.00001403,0.00000000
1567764000,1567767599,0.00001405,0.00001411,0.00001384,0.00001411,148243.00000000
1567767600,1567771199,0.00001411,0.00001411,0.00001402,0.00001406,75342.00000000
1567771200,1567774799,0.00001411,0.00001411,0.00001383,0.00001383,43768.00000000
1567774800,1567778399,0.00001395,0.00001421,0.00001395,0.00001421,137014.00000000
1567778400,1567781999,0.00001421,0.00001421,0.00001380,0.00001380,155343.00000000
1567782000,1567785599,0.00001380,0.00001409,0.00001380,0.00001409,91756.00000000
1567785600,1567789199,0.00001409,0.00001409,0.00001409,0.00001409,0.00000000
1567789200,1567792799,0.00001405,0.00001443,0.00001405,0.00001421,428180.00000000
1567792800,1567796399,0.00001402,0.00001480,0.00001402,0.00001425,341276.00000000
1567796400,1567799999,0.00001417,0.00001437,0.00001403,0.00001437,43947.00000000
1567800000,1567803599,0.00001435,0.00001435,0.00001435,0.00001435,732.00000000
1567803600,1567807199,0.00001421,0.00001421,0.00001392,0.00001418,55782.00000000
1567807200,1567810799,0.00001417,0.00001418,0.00001417,0.00001418,11703.00000000
1567810800,1567814399,0.00001400,0.00001400,0.00001400,0.00001400,11856.00000000
1567814400,1567817999,0.00001400,0.00001400,0.00001400,0.00001400,0.00000000
1567818000,1567821599,0.00001418,0.00001418,0.00001418,0.00001418,465.00000000
1567821600,1567825199,0.00001418,0.00001418,0.00001418,0.00001418,0.00000000
1567825200,1567828799,0.00001418,0.00001418,0.00001418,0.00001418,0.00000000
1567828800,1567832399,0.00001402,0.00001402,0.00001401,0.00001401,11937.00000000
1567832400,1567835999,0.00001401,0.00001401,0.00001401,0.00001401,0.00000000
1567836000,1567839599,0.00001401,0.00001417,0.00001401,0.00001417,2976.00000000
1567839600,1567843199,0.00001417,0.00001417,0.00001417,0.00001417,0.00000000
1567843200,1567846799,0.00001417,0.00001417,0.00001417,0.00001417,776.00000000
1567846800,1567850399,0.00001417,0.00001417,0.00001417,0.00001417,250.00000000
1567850400,1567853999,0.00001417,0.00001417,0.00001417,0.00001417,0.00000000
1567854000,1567857599,0.00001400,0.00001400,0.00001396,0.00001396,2430.00000000
1567857600,1567861199,0.00001396,0.00001396,0.00001396,0.00001396,0.00000000
1567861200,1567864799,0.00001394,0.00001410,0.00001381,0.00001410,84939.00000000
1567864800,1567868399,0.00001410,0.00001538,0.00001385,0.00001509,724840.00000000
1567868400,1567871999,0.00001509,0.00001532,0.00001497,0.00001532,256820.00000000
1567872000,1567875599,0.00001532,0.00001550,0.00001515,0.00001530,239701.00000000
1567875600,1567879199,0.00001536,0.00001557,0.00001517,0.00001530,291407.00000000
1567879200,1567882799,0.00001530,0.00001545,0.00001469,0.00001504,602053.00000000
1567882800,1567886399,0.00001500,0.00001500,0.00001499,0.00001499,384402.00000000
1567886400,1567889999,0.00001499,0.00001500,0.00001460,0.00001500,1182458.00000000
1567890000,1567893599,0.00001490,0.00001500,0.00001464,0.00001500,221014.00000000
1567893600,1567897199,0.00001500,0.00001500,0.00001472,0.00001472,22438.00000000
1567897200,1567900799,0.00001499,0.00001499,0.00001499,0.00001499,212.00000000
1567900800,1567904399,0.00001499,0.00001540,0.00001499,0.00001518,185982.00000000
1567904400,1567907999,0.00001518,0.00001542,0.00001518,0.00001542,122839.00000000
1567908000,1567911599,0.00001542,0.00001542,0.00001521,0.00001542,17887.00000000
1567911600,1567915199,0.00001542,0.00001542,0.00001493,0.00001493,40663.00000000
1567915200,1567918799,0.00001497,0.00001514,0.00001490,0.00001512,219575.00000000
1567918800,1567922399,0.00001489,0.00001522,0.00001489,0.00001522,29260.00000000
1567922400,1567925999,0.00001522,0.00001522,0.00001490,0.00001520,163830.00000000
1567926000,1567929599,0.00001520,0.00001524,0.00001520,0.00001524,4040.00000000
1567929600,1567933199,0.00001538,0.00001538,0.00001491,0.00001491,262930.00000000
1567933200,1567936799,0.00001504,0.00001504,0.00001490,0.00001490,16154.00000000
1567936800,1567940399,0.00001490,0.00001490,0.00001490,0.00001490,0.00000000
1567940400,1567943999,0.00001500,0.00001500,0.00001404,0.00001435,1027868.00000000
1567944000,1567947599,0.00001454,0.00001454,0.00001418,0.00001449,8963.00000000
1567947600,1567951199,0.00001448,0.00001484,0.00001434,0.00001451,354100.00000000
1567951200,1567954799,0.00001451,0.00001475,0.00001451,0.00001475,3346.00000000
1567954800,1567958399,0.00001475,0.00001475,0.00001475,0.00001475,0.00000000
1567958400,1567961999,0.00001451,0.00001451,0.00001440,0.00001440,59575.00000000
1567962000,1567965599,0.00001441,0.00001465,0.00001432,0.00001465,46563.00000000
1567965600,1567969199,0.00001471,0.00001471,0.00001440,0.00001464,15097.00000000
1567969200,1567972799,0.00001464,0.00001464,0.00001464,0.00001464,203.00000000
1567972800,1567976399,0.00001464,0.00001464,0.00001464,0.00001464,0.00000000
1567976400,1567979999,0.00001436,0.00001464,0.00001436,0.00001464,4501.00000000
1567980000,1567983599,0.00001434,0.00001434,0.00001433,0.00001433,2063.00000000
1567983600,1567987199,0.00001433,0.00001433,0.00001433,0.00001433,0.00000000
1567987200,1567990799,0.00001433,0.00001470,0.00001433,0.00001470,31944.00000000
1567990800,1567994399,0.00001470,0.00001500,0.00001467,0.00001467,85009.00000000
1567994400,1567997999,0.00001469,0.00001469,0.00001469,0.00001469,700.00000000
1567998000,1568001599,0.00001460,0.00001471,0.00001460,0.00001470,62989.00000000
1568001600,1568005199,0.00001470,0.00001496,0.00001470,0.00001471,48289.00000000
1568005200,1568008799,0.00001471,0.00001471,0.00001471,0.00001471,0.00000000
1568008800,1568012399,0.00001471,0.00001471,0.00001471,0.00001471,0.00000000
1568012400,1568015999,0.00001496,0.00001496,0.00001496,0.00001496,747.00000000
1568016000,1568019599,0.00001496,0.00001496,0.00001496,0.00001496,0.00000000
1568019600,1568023199,0.00001488,0.00001491,0.00001466,0.00001466,319414.00000000
1568023200,1568026799,0.00001479,0.00001479,0.00001456,0.00001467,74927.00000000
1568026800,1568030399,0.00001467,0.00001467,0.00001467,0.00001467,19062.00000000
1568030400,1568033999,0.00001481,0.00001481,0.00001445,0.00001445,114789.00000000
1568034000,1568037599,0.00001478,0.00001494,0.00001463,0.00001463,56706.00000000
1568037600,1568041199,0.00001485,0.00001497,0.00001457,0.00001458,142702.00000000
1568041200,1568044799,0.00001458,0.00001458,0.00001458,0.00001458,0.00000000
1568044800,1568048399,0.00001487,0.00001522,0.00001487,0.00001522,177762.00000000
1568048400,1568051999,0.00001527,0.00001627,0.00001511,0.00001573,1384561.00000000
1568052000,1568055599,0.00001586,0.00001905,0.00001571,0.00001836,5968416.00000000
1568055600,1568059199,0.00001836,0.00001838,0.00001765,0.00001835,1194127.00000000
1568059200,1568062799,0.00001819,0.00002060,0.00001798,0.00001896,3464129.00000000
1568062800,1568066399,0.00001850,0.00001896,0.00001752,0.00001769,1242687.00000000
1568066400,1568069999,0.00001778,0.00001872,0.00001737,0.00001774,431300.00000000
1568070000,1568073599,0.00001735,0.00001773,0.00001660,0.00001694,723522.00000000
1568073600,1568077199,0.00001703,0.00001729,0.00001688,0.00001729,58110.00000000
1568077200,1568080799,0.00001729,0.00001825,0.00001688,0.00001803,1374473.00000000
1568080800,1568084399,0.00001824,0.00001865,0.00001752,0.00001791,1312863.00000000
1568084400,1568087999,0.00001812,0.00001863,0.00001802,0.00001851,59986.00000000
1568088000,1568091599,0.00001851,0.00001880,0.00001721,0.00001733,1737685.00000000
1568091600,1568095199,0.00001756,0.00001810,0.00001715,0.00001797,838207.00000000
1568095200,1568098799,0.00001809,0.00001814,0.00001798,0.00001798,96802.00000000
1568098800,1568102399,0.00001809,0.00001876,0.00001792,0.00001876,578871.00000000
1568102400,1568105999,0.00001852,0.00001876,0.00001814,0.00001814,87048.00000000
1568106000,1568109599,0.00001814,0.00001814,0.00001792,0.00001813,376463.00000000
1568109600,1568113199,0.00001814,0.00001820,0.00001724,0.00001751,1197603.00000000
1568113200,1568116799,0.00001745,0.00001745,0.00001675,0.00001679,2715516.00000000
1568116800,1568120399,0.00001695,0.00001711,0.00001601,0.00001677,3315312.00000000
1568120400,1568123999,0.00001695,0.00001718,0.00001695,0.00001718,775851.00000000
1568124000,1568127599,0.00001718,0.00001718,0.00001616,0.00001655,768611.00000000
1568127600,1568131199,0.00001655,0.00001712,0.00001647,0.00001704,488540.00000000
1568131200,1568134799,0.00001681,0.00001705,0.00001675,0.00001675,20769.00000000
1568134800,1568138399,0.00001675,0.00001726,0.00001667,0.00001712,377337.00000000
1568138400,1568141999,0.00001688,0.00001688,0.00001637,0.00001663,212986.00000000
1568142000,1568145599,0.00001635,0.00001664,0.00001620,0.00001638,309377.00000000
1568145600,1568149199,0.00001619,0.00001624,0.00001571,0.00001617,810910.00000000
1568149200,1568152799,0.00001589,0.00001607,0.00001588,0.00001607,32395.00000000
1568152800,1568156399,0.00001615,0.00001615,0.00001615,0.00001615,6005.00000000
1568156400,1568159999,0.00001614,0.00001628,0.00001614,0.00001628,291761.00000000
1568160000,1568163599,0.00001628,0.00001632,0.00001622,0.00001632,5500.00000000
1568163600,1568167199,0.00001632,0.00001632,0.00001623,0.00001632,6663.00000000
1568167200,1568170799,0.00001632,0.00001632,0.00001632,0.00001632,6767.00000000
1568170800,1568174399,0.00001632,0.00001632,0.00001632,0.00001632,1573.00000000
1568174400,1568177999,0.00001623,0.00001635,0.00001623,0.00001635,40610.00000000
1568178000,1568181599,0.00001635,0.00001635,0.00001617,0.00001620,8457.00000000
1568181600,1568185199,0.00001604,0.00001640,0.00001590,0.00001609,146611.00000000
1568185200,1568188799,0.00001609,0.00001644,0.00001580,0.00001644,165972.00000000
1568188800,1568192399,0.00001644,0.00001657,0.00001644,0.00001657,21556.00000000
1568192400,1568195999,0.00001635,0.00001635,0.00001610,0.00001631,76988.00000000
1568196000,1568199599,0.00001635,0.00001635,0.00001635,0.00001635,386.00000000
1568199600,1568203199,0.00001635,0.00001644,0.00001630,0.00001644,338875.00000000
1568203200,1568206799,0.00001644,0.00001644,0.00001644,0.00001644,3448.00000000
1568206800,1568210399,0.00001637,0.00001644,0.00001628,0.00001628,24564.00000000
1568210400,1568213999,0.00001621,0.00001652,0.00001573,0.00001573,403047.00000000
1568214000,1568217599,0.00001588,0.00001588,0.00001500,0.00001532,999977.00000000
1568217600,1568221199,0.00001529,0.00001547,0.00001483,0.00001542,927573.00000000
1568221200,1568224799,0.00001544,0.00001744,0.00001544,0.00001685,2451185.00000000
1568224800,1568228399,0.00001711,0.00001744,0.00001701,0.00001701,183312.00000000
1568228400,1568231999,0.00001697,0.00001700,0.00001650,0.00001664,74203.00000000
1568232000,1568235599,0.00001664,0.00001681,0.00001646,0.00001681,30959.00000000
1568235600,1568239199,0.00001681,0.00001681,0.00001617,0.00001619,239850.00000000
1568239200,1568242799,0.00001608,0.00001650,0.00001588,0.00001588,405684.00000000
1568242800,1568246399,0.00001588,0.00001600,0.00001585,0.00001585,32612.00000000
1568246400,1568249999,0.00001582,0.00001582,0.00001575,0.00001575,29946.00000000
1568250000,1568253599,0.00001577,0.00001577,0.00001564,0.00001564,211652.00000000
1568253600,1568257199,0.00001564,0.00001564,0.00001553,0.00001553,90928.00000000
1568257200,1568260799,0.00001553,0.00001581,0.00001542,0.00001546,166570.00000000
1568260800,1568264399,0.00001542,0.00001568,0.00001518,0.00001542,835132.00000000
1568264400,1568267999,0.00001542,0.00001549,0.00001509,0.00001509,149383.00000000
1568268000,1568271599,0.00001526,0.00001539,0.00001494,0.00001494,54450.00000000
1568271600,1568275199,0.00001498,0.00001498,0.00001498,0.00001498,10265.00000000
1568275200,1568278799,0.00001511,0.00001511,0.00001511,0.00001511,1586.00000000
1568278800,1568282399,0.00001510,0.00001553,0.00001510,0.00001520,313335.00000000
1568282400,1568285999,0.00001542,0.00001542,0.00001517,0.00001517,1938.00000000
1568286000,1568289599,0.00001533,0.00001552,0.00001530,0.00001546,992485.00000000
1568289600,1568293199,0.00001546,0.00001548,0.00001543,0.00001548,16762.00000000
1568293200,1568296799,0.00001532,0.00001532,0.00001532,0.00001532,47440.00000000
1568296800,1568300399,0.00001532,0.00001556,0.00001532,0.00001556,62767.00000000
1568300400,1568303999,0.00001557,0.00001586,0.00001547,0.00001548,278666.00000000
1568304000,1568307599,0.00001542,0.00001608,0.00001509,0.00001588,255739.00000000
1568307600,1568311199,0.00001573,0.00001573,0.00001573,0.00001573,1586.00000000
1568311200,1568314799,0.00001564,0.00001564,0.00001564,0.00001564,89357.00000000
1568314800,1568318399,0.00001564,0.00001587,0.00001564,0.00001587,3329.00000000
1568318400,1568321999,0.00001587,0.00001588,0.00001587,0.00001588,129508.00000000
1568322000,1568325599,0.00001588,0.00001588,0.00001588,0.00001588,0.00000000
1568325600,1568329199,0.00001588,0.00001615,0.00001520,0.00001520,918637.00000000
1568329200,1568332799,0.00001527,0.00001573,0.00001519,0.00001559,74489.00000000
1568332800,1568336399,0.00001542,0.00001542,0.00001537,0.00001537,5483.00000000
1568336400,1568339999,0.00001531,0.00001531,0.00001531,0.00001531,9355.00000000
1568340000,1568343599,0.00001531,0.00001531,0.00001520,0.00001520,48137.00000000
1568343600,1568347199,0.00001520,0.00001520,0.00001512,0.00001512,333614.00000000
1568347200,1568350799,0.00001512,0.00001512,0.00001512,0.00001512,0.00000000
1568350800,1568354399,0.00001512,0.00001512,0.00001512,0.00001512,0.00000000
1568354400,1568357999,0.00001542,0.00001585,0.00001469,0.00001500,889624.00000000
1568358000,1568361599,0.00001525,0.00001525,0.00001498,0.00001498,25895.00000000
1568361600,1568365199,0.00001502,0.00001571,0.00001502,0.00001557,353350.00000000
1568365200,1568368799,0.00001573,0.00001573,0.00001573,0.00001573,1224.00000000
1568368800,1568372399,0.00001573,0.00001631,0.00001573,0.00001631,673285.00000000
1568372400,1568375999,0.00001633,0.00001650,0.00001633,0.00001635,472592.00000000
1568376000,1568379599,0.00001650,0.00001688,0.00001594,0.00001594,685035.00000000
1568379600,1568383199,0.00001619,0.00001672,0.00001612,0.00001672,396206.00000000
1568383200,1568386799,0.00001677,0.00001733,0.00001667,0.00001733,240630.00000000
1568386800,1568390399,0.00001733,0.00001745,0.00001666,0.00001669,430045.00000000
1568390400,1568393999,0.00001695,0.00001705,0.00001681,0.00001681,11602.00000000
1568394000,1568397599,0.00001681,0.00001681,0.00001637,0.00001637,94105.00000000
1568397600,1568401199,0.00001635,0.00001667,0.00001623,0.00001632,424598.00000000
1568401200,1568404799,0.00001632,0.00001643,0.00001601,0.00001601,302291.00000000
1568404800,1568408399,0.00001601,0.00001601,0.00001601,0.00001601,0.00000000
1568408400,1568411999,0.00001601,0.00001601,0.00001601,0.00001601,0.00000000
1568412000,1568415599,0.00001601,0.00001601,0.00001601,0.00001601,0.00000000
1568415600,1568419199,0.00001610,0.00001610,0.00001610,0.00001610,622.00000000
1568419200,1568422799,0.00001610,0.00001610,0.00001610,0.00001610,3614.00000000
1568422800,1568426399,0.00001610,0.00001610,0.00001610,0.00001610,0.00000000
1568426400,1568429999,0.00001610,0.00001610,0.00001610,0.00001610,0.00000000
1568430000,1568433599,0.00001607,0.00001610,0.00001602,0.00001602,10914.00000000
1568433600,1568437199,0.00001610,0.00001610,0.00001610,0.00001610,57497.00000000
1568437200,1568440799,0.00001610,0.00001610,0.00001584,0.00001603,515130.00000000
1568440800,1568444399,0.00001604,0.00001613,0.00001604,0.00001613,63138.00000000
1568444400,1568447999,0.00001596,0.00001613,0.00001596,0.00001613,72600.00000000
1568448000,1568451599,0.00001613,0.00001613,0.00001613,0.00001613,0.00000000
1568451600,1568455199,0.00001613,0.00001613,0.00001613,0.00001613,0.00000000
1568455200,1568458799,0.00001600,0.00001645,0.00001590,0.00001630,508826.00000000
1568458800,1568462399,0.00001630,0.00001630,0.00001630,0.00001630,0.00000000
1568462400,1568465999,0.00001630,0.00001630,0.00001630,0.00001630,0.00000000
1568466000,1568469599,0.00001619,0.00001619,0.00001618,0.00001618,292982.00000000
1568469600,1568473199,0.00001621,0.00001768,0.00001617,0.00001617,1772938.00000000
1568473200,1568476799,0.00001611,0.00001611,0.00001610,0.00001610,109216.00000000
1568476800,1568480399,0.00001609,0.00001609,0.00001550,0.00001552,504841.00000000
1568480400,1568483999,0.00001551,0.00001552,0.00001515,0.00001515,182029.00000000
1568484000,1568487599,0.00001542,0.00001545,0.00001542,0.00001545,141600.00000000
1568487600,1568491199,0.00001553,0.00001576,0.00001553,0.00001558,80529.00000000
1568491200,1568494799,0.00001558,0.00001558,0.00001558,0.00001558,0.00000000
1568494800,1568498399,0.00001558,0.00001558,0.00001558,0.00001558,0.00000000
1568498400,1568501999,0.00001542,0.00001542,0.00001539,0.00001539,8038.00000000
1568502000,1568505599,0.00001532,0.00001532,0.00001532,0.00001532,1683.00000000
1568505600,1568509199,0.00001532,0.00001554,0.00001515,0.00001554,211858.00000000
1568509200,1568512799,0.00001547,0.00001547,0.00001547,0.00001547,646.00000000
1568512800,1568516399,0.00001548,0.00001548,0.00001523,0.00001524,43717.00000000
1568516400,1568519999,0.00001530,0.00001530,0.00001521,0.00001521,16000.00000000
1568520000,1568523599,0.00001542,0.00001557,0.00001513,0.00001557,858380.00000000
1568523600,1568527199,0.00001558,0.00001586,0.00001558,0.00001586,297643.00000000
1568527200,1568530799,0.00001586,0.00001586,0.00001586,0.00001586,0.00000000
1568530800,1568534399,0.00001586,0.00001586,0.00001586,0.00001586,0.00000000
1568534400,1568537999,0.00001586,0.00001610,0.00001579,0.00001579,101265.00000000
1568538000,1568541599,0.00001578,0.00001578,0.00001578,0.00001578,3582.00000000
1568541600,1568545199,0.00001578,0.00001579,0.00001578,0.00001579,88912.00000000
1568545200,1568548799,0.00001599,0.00001599,0.00001599,0.00001599,1000.00000000
1568548800,1568552399,0.00001599,0.00001599,0.00001599,0.00001599,0.00000000
1568552400,1568555999,0.00001578,0.00001578,0.00001570,0.00001570,187246.00000000
1568556000,1568559599,0.00001570,0.00001570,0.00001570,0.00001570,0.00000000
1568559600,1568563199,0.00001572,0.00001572,0.00001572,0.00001572,1000.00000000
1568563200,1568566799,0.00001565,0.00001565,0.00001552,0.00001552,730772.00000000
1568566800,1568570399,0.00001551,0.00001551,0.00001548,0.00001548,23712.00000000
1568570400,1568573999,0.00001548,0.00001548,0.00001548,0.00001548,0.00000000
1568574000,1568577599,0.00001548,0.00001548,0.00001518,0.00001539,66451.00000000
1568577600,1568581199,0.00001539,0.00001549,0.00001539,0.00001549,19184.00000000
1568581200,1568584799,0.00001526,0.00001534,0.00001511,0.00001534,252238.00000000
1568584800,1568588399,0.00001534,0.00001534,0.00001534,0.00001534,0.00000000
1568588400,1568591999,0.00001511,0.00001511,0.00001511,0.00001511,4156.00000000
1568592000,1568595599,0.00001510,0.00001529,0.00001469,0.00001469,406340.00000000
1568595600,1568599199,0.00001495,0.00001506,0.00001495,0.00001506,49933.00000000
1568599200,1568602799,0.00001505,0.00001505,0.00001490,0.00001490,106496.00000000
1568602800,1568606399,0.00001497,0.00001497,0.00001497,0.00001497,48748.00000000
1568606400,1568609999,0.00001497,0.00001497,0.00001497,0.00001497,0.00000000
1568610000,1568613599,0.00001480,0.00001497,0.00001480,0.00001497,46224.00000000
1568613600,1568617199,0.00001480,0.00001496,0.00001473,0.00001496,5070.00000000
1568617200,1568620799,0.00001496,0.00001496,0.00001489,0.00001489,11937.00000000
1568620800,1568624399,0.00001489,0.00001489,0.00001489,0.00001489,0.00000000
1568624400,1568627999,0.00001506,0.00001507,0.00001486,0.00001507,111756.00000000
1568628000,1568631599,0.00001488,0.00001488,0.00001486,0.00001486,66327.00000000
1568631600,1568635199,0.00001486,0.00001486,0.00001486,0.00001486,0.00000000
1568635200,1568638799,0.00001500,0.00001500,0.00001469,0.00001471,883859.00000000
1568638800,1568642399,0.00001483,0.00001483,0.00001434,0.00001465,303449.00000000
1568642400,1568645999,0.00001460,0.00001485,0.00001435,0.00001485,732763.00000000
1568646000,1568649599,0.00001485,0.00001485,0.00001459,0.00001464,19508.00000000
1568649600,1568653199,0.00001478,0.00001605,0.00001478,0.00001589,2931815.00000000
1568653200,1568656799,0.00001594,0.00001599,0.00001483,0.00001543,2233521.00000000
1568656800,1568660399,0.00001543,0.00001543,0.00001510,0.00001521,271211.00000000
1568660400,1568663999,0.00001515,0.00001525,0.00001515,0.00001525,432060.00000000
1568664000,1568667599,0.00001509,0.00001509,0.00001488,0.00001488,67441.00000000
1568667600,1568671199,0.00001488,0.00001505,0.00001488,0.00001504,78951.00000000
1568671200,1568674799,0.00001480,0.00001511,0.00001476,0.00001511,69161.00000000
1568674800,1568678399,0.00001511,0.00001511,0.00001511,0.00001511,0.00000000
1568678400,1568681999,0.00001496,0.00001496,0.00001480,0.00001480,3172.00000000
1568682000,1568685599,0.00001480,0.00001480,0.00001479,0.00001479,45224.00000000
1568685600,1568689199,0.00001496,0.00001496,0.00001496,0.00001496,9889.00000000
1568689200,1568692799,0.00001496,0.00001496,0.00001496,0.00001496,0.00000000
1568692800,1568696399,0.00001479,0.00001480,0.00001479,0.00001480,12048.00000000
1568696400,1568699999,0.00001496,0.00001496,0.00001479,0.00001479,18991.00000000
1568700000,1568703599,0.00001479,0.00001479,0.00001479,0.00001479,0.00000000
1568703600,1568707199,0.00001496,0.00001496,0.00001496,0.00001496,26450.00000000
1568707200,1568710799,0.00001496,0.00001496,0.00001496,0.00001496,0.00000000
1568710800,1568714399,0.00001496,0.00001496,0.00001488,0.00001488,100699.00000000
1568714400,1568717999,0.00001500,0.00001500,0.00001500,0.00001500,2800.00000000
1568718000,1568721599,0.00001489,0.00001520,0.00001488,0.00001520,295152.00000000
1568721600,1568725199,0.00001497,0.00001497,0.00001480,0.00001480,151595.00000000
1568725200,1568728799,0.00001496,0.00001550,0.00001478,0.00001540,663254.00000000
1568728800,1568732399,0.00001534,0.00001535,0.00001534,0.00001535,112255.00000000
1568732400,1568735999,0.00001535,0.00001552,0.00001512,0.00001545,187811.00000000
1568736000,1568739599,0.00001530,0.00001536,0.00001503,0.00001503,199328.00000000
1568739600,1568743199,0.00001503,0.00001540,0.00001503,0.00001506,56617.00000000
1568743200,1568746799,0.00001506,0.00001535,0.00001503,0.00001503,79836.00000000
1568746800,1568750399,0.00001525,0.00001536,0.00001513,0.00001534,20326.00000000
1568750400,1568753999,0.00001511,0.00001515,0.00001487,0.00001487,79613.00000000
1568754000,1568757599,0.00001480,0.00001554,0.00001449,0.00001539,869495.00000000
1568757600,1568761199,0.00001554,0.00001610,0.00001554,0.00001600,1433793.00000000
1568761200,1568764799,0.00001600,0.00001604,0.00001585,0.00001585,148692.00000000
1568764800,1568768399,0.00001600,0.00001662,0.00001600,0.00001639,252579.00000000
1568768400,1568771999,0.00001635,0.00001674,0.00001619,0.00001619,231543.00000000
1568772000,1568775599,0.00001619,0.00001619,0.00001585,0.00001593,246569.00000000
1568775600,1568779199,0.00001588,0.00001650,0.00001576,0.00001635,542540.00000000
1568779200,1568782799,0.00001632,0.00001632,0.00001575,0.00001575,326755.00000000
1568782800,1568786399,0.00001576,0.00001609,0.00001567,0.00001571,297147.00000000
1568786400,1568789999,0.00001588,0.00001610,0.00001588,0.00001588,116159.00000000
1568790000,1568793599,0.00001591,0.00001591,0.00001582,0.00001582,106071.00000000
1568793600,1568797199,0.00001603,0.00001603,0.00001567,0.00001588,52185.00000000
1568797200,1568800799,0.00001600,0.00001601,0.00001600,0.00001601,835.00000000
1568800800,1568804399,0.00001604,0.00001604,0.00001580,0.00001604,14445.00000000
1568804400,1568807999,0.00001607,0.00001619,0.00001604,0.00001604,131586.00000000
1568808000,1568811599,0.00001604,0.00001612,0.00001604,0.00001612,37354.00000000
1568811600,1568815199,0.00001612,0.00001612,0.00001576,0.00001576,40056.00000000
1568815200,1568818799,0.00001576,0.00001576,0.00001498,0.00001549,536974.00000000
1568818800,1568822399,0.00001576,0.00001588,0.00001543,0.00001588,206910.00000000
1568822400,1568825999,0.00001564,0.00001619,0.00001564,0.00001619,96288.00000000
1568826000,1568829599,0.00001621,0.00001674,0.00001616,0.00001617,2016476.00000000
1568829600,1568833199,0.00001614,0.00001641,0.00001595,0.00001641,135185.00000000
1568833200,1568836799,0.00001621,0.00001649,0.00001580,0.00001649,455295.00000000
1568836800,1568840399,0.00001633,0.00001648,0.00001619,0.00001629,46407.00000000
1568840400,1568843999,0.00001629,0.00001629,0.00001629,0.00001629,0.00000000
1568844000,1568847599,0.00001620,0.00001620,0.00001554,0.00001592,496067.00000000
1568847600,1568851199,0.00001590,0.00001590,0.00001537,0.00001587,153783.00000000
1568851200,1568854799,0.00001587,0.00001617,0.00001563,0.00001617,64702.00000000
1568854800,1568858399,0.00001617,0.00001617,0.00001617,0.00001617,29708.00000000
1568858400,1568861999,0.00001589,0.00001589,0.00001509,0.00001540,461434.00000000
1568862000,1568865599,0.00001542,0.00001564,0.00001475,0.00001509,1315271.00000000
1568865600,1568869199,0.00001509,0.00001509,0.00001466,0.00001497,237054.00000000
1568869200,1568872799,0.00001505,0.00001509,0.00001471,0.00001509,148092.00000000
1568872800,1568876399,0.00001511,0.00001520,0.00001511,0.00001511,112356.00000000
1568876400,1568879999,0.00001518,0.00001545,0.00001499,0.00001538,212524.00000000
1568880000,1568883599,0.00001545,0.00001586,0.00001531,0.00001565,521499.00000000
1568883600,1568887199,0.00001566,0.00001566,0.00001510,0.00001551,459670.00000000
1568887200,1568890799,0.00001551,0.00001576,0.00001551,0.00001576,403243.00000000
1568890800,1568894399,0.00001566,0.00001576,0.00001563,0.00001576,173431.00000000
1568894400,1568897999,0.00001586,0.00001587,0.00001586,0.00001587,66672.00000000
1568898000,1568901599,0.00001588,0.00001597,0.00001574,0.00001596,55653.00000000
1568901600,1568905199,0.00001596,0.00001617,0.00001578,0.00001616,321696.00000000
1568905200,1568908799,0.00001616,0.00001663,0.00001616,0.00001635,909774.00000000
1568908800,1568912399,0.00001620,0.00001620,0.00001570,0.00001588,372991.00000000
1568912400,1568915999,0.00001588,0.00001588,0.00001588,0.00001588,0.00000000
1568916000,1568919599,0.00001588,0.00001604,0.00001544,0.00001604,757473.00000000
1568919600,1568923199,0.00001604,0.00001607,0.00001600,0.00001600,3695.00000000
1568923200,1568926799,0.00001600,0.00001622,0.00001534,0.00001601,472689.00000000
1568926800,1568930399,0.00001586,0.00001586,0.00001586,0.00001586,6621.00000000
1568930400,1568933999,0.00001586,0.00001586,0.00001586,0.00001586,0.00000000
1568934000,1568937599,0.00001573,0.00001573,0.00001573,0.00001573,1586.00000000
1568937600,1568941199,0.00001562,0.00001562,0.00001557,0.00001557,20456.00000000
1568941200,1568944799,0.00001557,0.00001557,0.00001557,0.00001557,0.00000000
1568944800,1568948399,0.00001562,0.00001562,0.00001562,0.00001562,18243.00000000
1568948400,1568951999,0.00001561,0.00001618,0.00001542,0.00001602,521377.00000000
1568952000,1568955599,0.00001602,0.00001602,0.00001602,0.00001602,0.00000000
1568955600,1568959199,0.00001604,0.00001618,0.00001604,0.00001606,45937.00000000
1568959200,1568962799,0.00001605,0.00001607,0.00001603,0.00001605,46000.00000000
1568962800,1568966399,0.00001607,0.00001607,0.00001603,0.00001606,14840.00000000
1568966400,1568969999,0.00001606,0.00001606,0.00001576,0.00001603,901281.00000000
1568970000,1568973599,0.00001603,0.00001604,0.00001603,0.00001604,1565.00000000
1568973600,1568977199,0.00001604,0.00001606,0.00001604,0.00001606,219.00000000
1568977200,1568980799,0.00001606,0.00001606,0.00001573,0.00001573,161606.00000000
1568980800,1568984399,0.00001579,0.00001604,0.00001574,0.00001574,402102.00000000
1568984400,1568987999,0.00001601,0.00001604,0.00001564,0.00001564,201513.00000000
1568988000,1568991599,0.00001564,0.00001588,0.00001529,0.00001529,271216.00000000
1568991600,1568995199,0.00001536,0.00001573,0.00001529,0.00001573,90916.00000000
1568995200,1568998799,0.00001568,0.00001573,0.00001541,0.00001573,84994.00000000
1568998800,1569002399,0.00001573,0.00001573,0.00001573,0.00001573,236.00000000
1569002400,1569005999,0.00001558,0.00001567,0.00001544,0.00001544,14438.00000000
1569006000,1569009599,0.00001544,0.00001563,0.00001544,0.00001563,28755.00000000
1569009600,1569013199,0.00001568,0.00001568,0.00001568,0.00001568,397.00000000
1569013200,1569016799,0.00001570,0.00001619,0.00001570,0.00001617,607178.00000000
1569016800,1569020399,0.00001629,0.00001689,0.00001629,0.00001689,1672229.00000000
1569020400,1569023999,0.00001695,0.00001696,0.00001681,0.00001681,20229.00000000
1569024000,1569027599,0.00001693,0.00001693,0.00001650,0.00001658,112489.00000000
1569027600,1569031199,0.00001658,0.00001658,0.00001604,0.00001604,98052.00000000
1569031200,1569034799,0.00001619,0.00001635,0.00001615,0.00001635,90030.00000000
1569034800,1569038399,0.00001631,0.00001639,0.00001619,0.00001635,64096.00000000
1569038400,1569041999,0.00001638,0.00001638,0.00001618,0.00001625,601636.00000000
1569042000,1569045599,0.00001641,0.00001641,0.00001618,0.00001632,7241.00000000
1569045600,1569049199,0.00001604,0.00001624,0.00001604,0.00001624,7559.00000000
1569049200,1569052799,0.00001624,0.00001624,0.00001624,0.00001624,0.00000000
1569052800,1569056399,0.00001606,0.00001606,0.00001586,0.00001586,113758.00000000
1569056400,1569059999,0.00001595,0.00001607,0.00001595,0.00001607,17228.00000000
1569060000,1569063599,0.00001626,0.00001643,0.00001626,0.00001643,75378.00000000
1569063600,1569067199,0.00001642,0.00001644,0.00001642,0.00001644,453.00000000
1569067200,1569070799,0.00001646,0.00001648,0.00001616,0.00001616,73260.00000000
1569070800,1569074399,0.00001616,0.00001616,0.00001616,0.00001616,666.00000000
1569074400,1569077999,0.00001629,0.00001629,0.00001618,0.00001629,1597.00000000
1569078000,1569081599,0.00001629,0.00001629,0.00001629,0.00001629,0.00000000
1569081600,1569085199,0.00001629,0.00001830,0.00001629,0.00001770,2552096.00000000
1569085200,1569088799,0.00001770,0.00001774,0.00001713,0.00001713,164225.00000000
1569088800,1569092399,0.00001711,0.00001779,0.00001711,0.00001779,105980.00000000
1569092400,1569095999,0.00001779,0.00001802,0.00001734,0.00001734,192607.00000000
1569096000,1569099599,0.00001744,0.00001870,0.00001744,0.00001804,2850245.00000000
1569099600,1569103199,0.00001780,0.00001819,0.00001738,0.00001738,958404.00000000
1569103200,1569106799,0.00001759,0.00001807,0.00001738,0.00001761,983527.00000000
1569106800,1569110399,0.00001768,0.00001779,0.00001725,0.00001779,688118.00000000
1569110400,1569113999,0.00001781,0.00001791,0.00001781,0.00001788,1155.00000000
1569114000,1569117599,0.00001791,0.00001792,0.00001776,0.00001792,127117.00000000
1569117600,1569121199,0.00001759,0.00001759,0.00001759,0.00001759,50000.00000000
1569121200,1569124799,0.00001752,0.00001778,0.00001752,0.00001778,4512.00000000
1569124800,1569128399,0.00001791,0.00001791,0.00001791,0.00001791,15000.00000000
1569128400,1569131999,0.00001762,0.00001763,0.00001738,0.00001738,166221.00000000
1569132000,1569135599,0.00001762,0.00001763,0.00001728,0.00001756,306292.00000000
1569135600,1569139199,0.00001729,0.00001796,0.00001683,0.00001705,822563.00000000
1569139200,1569142799,0.00001722,0.00001777,0.00001682,0.00001777,593915.00000000
1569142800,1569146399,0.00001773,0.00001777,0.00001773,0.00001773,335926.00000000
1569146400,1569149999,0.00001773,0.00001773,0.00001773,0.00001773,106677.00000000
1569150000,1569153599,0.00001781,0.00001796,0.00001756,0.00001758,455918.00000000
1569153600,1569157199,0.00001782,0.00001909,0.00001782,0.00001852,1237228.00000000
1569157200,1569160799,0.00001884,0.00001886,0.00001807,0.00001807,831192.00000000
1569160800,1569164399,0.00001829,0.00001829,0.00001791,0.00001797,324154.00000000
1569164400,1569167999,0.00001822,0.00001823,0.00001793,0.00001800,647363.00000000
1569168000,1569171599,0.00001827,0.00001830,0.00001782,0.00001816,70731.00000000
1569171600,1569175199,0.00001816,0.00001816,0.00001816,0.00001816,0.00000000
1569175200,1569178799,0.00001798,0.00001798,0.00001750,0.00001750,300186.00000000
1569178800,1569182399,0.00001763,0.00001787,0.00001750,0.00001750,61140.00000000
1569182400,1569185999,0.00001750,0.00001750,0.00001725,0.00001737,285108.00000000
1569186000,1569189599,0.00001714,0.00001714,0.00001648,0.00001707,661580.00000000
1569189600,1569193199,0.00001683,0.00001683,0.00001667,0.00001667,247334.00000000
1569193200,1569196799,0.00001660,0.00001663,0.00001638,0.00001663,170967.00000000
1569196800,1569200399,0.00001660,0.00001686,0.00001660,0.00001686,23654.00000000
1569200400,1569203999,0.00001689,0.00001689,0.00001689,0.00001689,594.00000000
1569204000,1569207599,0.00001689,0.00001689,0.00001689,0.00001689,2322.00000000
1569207600,1569211199,0.00001689,0.00001689,0.00001689,0.00001689,537.00000000
1569211200,1569214799,0.00001682,0.00001682,0.00001682,0.00001682,387.00000000
1569214800,1569218399,0.00001666,0.00001681,0.00001666,0.00001681,1124122.00000000
1569218400,1569221999,0.00001682,0.00001682,0.00001664,0.00001664,25587.00000000
1569222000,1569225599,0.00001664,0.00001664,0.00001664,0.00001664,0.00000000
1569225600,1569229199,0.00001663,0.00001663,0.00001663,0.00001663,195.00000000
1569229200,1569232799,0.00001663,0.00001663,0.00001652,0.00001652,3064.00000000
1569232800,1569236399,0.00001654,0.00001712,0.00001654,0.00001712,2130665.00000000
1569236400,1569239999,0.00001714,0.00001714,0.00001709,0.00001709,275249.00000000
1569240000,1569243599,0.00001709,0.00001709,0.00001709,0.00001709,3916.00000000
1569243600,1569247199,0.00001709,0.00001714,0.00001685,0.00001714,457750.00000000
1569247200,1569250799,0.00001688,0.00001688,0.00001680,0.00001680,54728.00000000
1569250800,1569254399,0.00001680,0.00001681,0.00001680,0.00001681,8921.00000000
1569254400,1569257999,0.00001681,0.00001711,0.00001681,0.00001711,55467.00000000
1569258000,1569261599,0.00001692,0.00001718,0.00001692,0.00001718,6580.00000000
1569261600,1569265199,0.00001696,0.00001696,0.00001696,0.00001696,28971.00000000
1569265200,1569268799,0.00001696,0.00001696,0.00001693,0.00001693,19295.00000000
1569268800,1569272399,0.00001693,0.00001693,0.00001693,0.00001693,0.00000000
1569272400,1569275999,0.00001714,0.00001718,0.00001677,0.00001677,92697.00000000
1569276000,1569279599,0.00001677,0.00001677,0.00001677,0.00001677,0.00000000
1569279600,1569283199,0.00001677,0.00001677,0.00001677,0.00001677,0.00000000
1569283200,1569286799,0.00001671,0.00001671,0.00001540,0.00001592,1955288.00000000
1569286800,1569290399,0.00001592,0.00001594,0.00001513,0.00001513,360103.00000000
1569290400,1569293999,0.00001548,0.00001571,0.00001541,0.00001571,63689.00000000
1569294000,1569297599,0.00001547,0.00001550,0.00001528,0.00001529,11536.00000000
1569297600,1569301199,0.00001547,0.00001547,0.00001515,0.00001537,76423.00000000
1569301200,1569304799,0.00001516,0.00001540,0.00001515,0.00001540,28397.00000000
1569304800,1569308399,0.00001517,0.00001549,0.00001517,0.00001549,64790.00000000
1569308400,1569311999,0.00001549,0.00001580,0.00001549,0.00001576,275745.00000000
1569312000,1569315599,0.00001573,0.00001609,0.00001573,0.00001609,886288.00000000
1569315600,1569319199,0.00001614,0.00001617,0.00001601,0.00001602,385633.00000000
1569319200,1569322799,0.00001595,0.00001626,0.00001595,0.00001600,99689.00000000
1569322800,1569326399,0.00001597,0.00001597,0.00001561,0.00001581,416328.00000000
1569326400,1569329999,0.00001594,0.00001594,0.00001580,0.00001580,85407.00000000
1569330000,1569333599,0.00001591,0.00001591,0.00001574,0.00001589,58167.00000000
1569333600,1569337199,0.00001584,0.00001584,0.00001584,0.00001584,2741.00000000
1569337200,1569340799,0.00001582,0.00001648,0.00001534,0.00001538,2634271.00000000
1569340800,1569344399,0.00001561,0.00001561,0.00001561,0.00001561,800.00000000
1569344400,1569347999,0.00001557,0.00001572,0.00001551,0.00001551,32815.00000000
1569348000,1569351599,0.00001570,0.00001570,0.00001179,0.00001438,14351072.00000000
1569351600,1569355199,0.00001415,0.00001432,0.00001385,0.00001402,3153576.00000000
1569355200,1569358799,0.00001402,0.00001417,0.00001375,0.00001410,820049.00000000
1569358800,1569362399,0.00001414,0.00001432,0.00001400,0.00001431,123054.00000000
1569362400,1569365999,0.00001431,0.00001431,0.00001426,0.00001431,99422.00000000
1569366000,1569369599,0.00001422,0.00001448,0.00001412,0.00001414,567084.00000000
1569369600,1569373199,0.00001440,0.00001448,0.00001423,0.00001434,370490.00000000
1569373200,1569376799,0.00001430,0.00001430,0.00001421,0.00001421,446867.00000000
1569376800,1569380399,0.00001417,0.00001417,0.00001392,0.00001405,123364.00000000
1569380400,1569383999,0.00001419,0.00001426,0.00001401,0.00001401,19149.00000000
1569384000,1569387599,0.00001405,0.00001416,0.00001389,0.00001416,142586.00000000
1569387600,1569391199,0.00001405,0.00001423,0.00001405,0.00001423,177440.00000000
1569391200,1569394799,0.00001405,0.00001425,0.00001397,0.00001404,360923.00000000
1569394800,1569398399,0.00001404,0.00001404,0.00001404,0.00001404,0.00000000
1569398400,1569401999,0.00001409,0.00001409,0.00001400,0.00001400,40989.00000000
1569402000,1569405599,0.00001400,0.00001402,0.00001389,0.00001402,88319.00000000
1569405600,1569409199,0.00001391,0.00001419,0.00001391,0.00001419,62568.00000000
1569409200,1569412799,0.00001419,0.00001419,0.00001419,0.00001419,0.00000000
1569412800,1569416399,0.00001418,0.00001422,0.00001390,0.00001390,116779.00000000
1569416400,1569419999,0.00001410,0.00001419,0.00001409,0.00001419,20024.00000000
1569420000,1569423599,0.00001409,0.00001415,0.00001409,0.00001415,7796.00000000
1569423600,1569427199,0.00001399,0.00001413,0.00001389,0.00001413,125641.00000000
1569427200,1569430799,0.00001412,0.00001412,0.00001412,0.00001412,1041.00000000
1569430800,1569434399,0.00001412,0.00001419,0.00001412,0.00001419,103653.00000000
1569434400,1569437999,0.00001422,0.00001451,0.00001370,0.00001451,665785.00000000
1569438000,1569441599,0.00001437,0.00001517,0.00001436,0.00001485,950828.00000000
1569441600,1569445199,0.00001483,0.00001483,0.00001455,0.00001455,1224692.00000000
1569445200,1569448799,0.00001457,0.00001493,0.00001457,0.00001463,2200541.00000000
1569448800,1569452399,0.00001461,0.00001482,0.00001461,0.00001464,23427.00000000
1569452400,1569455999,0.00001470,0.00001483,0.00001470,0.00001483,2143.00000000
1569456000,1569459599,0.00001484,0.00001495,0.00001484,0.00001485,395769.00000000
1569459600,1569463199,0.00001483,0.00001497,0.00001478,0.00001497,8562.00000000
1569463200,1569466799,0.00001497,0.00001503,0.00001492,0.00001503,134496.00000000
1569466800,1569470399,0.00001503,0.00001503,0.00001487,0.00001487,15758.00000000
1569470400,1569473999,0.00001503,0.00001503,0.00001503,0.00001503,235.00000000
1569474000,1569477599,0.00001503,0.00001503,0.00001503,0.00001503,0.00000000
1569477600,1569481199,0.00001503,0.00001503,0.00001503,0.00001503,5500.00000000
1569481200,1569484799,0.00001503,0.00001504,0.00001503,0.00001504,15034.00000000
1569484800,1569488399,0.00001509,0.00001509,0.00001504,0.00001507,71462.00000000
1569488400,1569491999,0.00001504,0.00001531,0.00001497,0.00001531,142885.00000000
1569492000,1569495599,0.00001531,0.00001593,0.00001525,0.00001526,619108.00000000
1569495600,1569499199,0.00001525,0.00001526,0.00001525,0.00001525,57756.00000000
1569499200,1569502799,0.00001525,0.00001525,0.00001525,0.00001525,2175.00000000
1569502800,1569506399,0.00001525,0.00001525,0.00001466,0.00001486,794868.00000000
1569506400,1569509999,0.00001472,0.00001486,0.00001399,0.00001448,923781.00000000
1569510000,1569513599,0.00001428,0.00001452,0.00001347,0.00001350,264219.00000000
1569513600,1569517199,0.00001351,0.00001420,0.00001306,0.00001388,1422858.00000000
1569517200,1569520799,0.00001384,0.00001384,0.00001338,0.00001346,113016.00000000
1569520800,1569524399,0.00001354,0.00001357,0.00001354,0.00001357,20395.00000000
1569524400,1569527999,0.00001359,0.00001375,0.00001359,0.00001374,1283372.00000000
1569528000,1569531599,0.00001351,0.00001400,0.00001351,0.00001400,142927.00000000
1569531600,1569535199,0.00001400,0.00001400,0.00001400,0.00001400,1619.00000000
1569535200,1569538799,0.00001400,0.00001406,0.00001400,0.00001406,18103.00000000
1569538800,1569542399,0.00001374,0.00001400,0.00001374,0.00001400,65271.00000000
1569542400,1569545999,0.00001373,0.00001373,0.00001351,0.00001358,679792.00000000
1569546000,1569549599,0.00001352,0.00001352,0.00001346,0.00001346,258781.00000000
1569549600,1569553199,0.00001356,0.00001361,0.00001333,0.00001333,63700.00000000
1569553200,1569556799,0.00001338,0.00001367,0.00001338,0.00001367,32907.00000000
1569556800,1569560399,0.00001371,0.00001371,0.00001371,0.00001371,15746.00000000
1569560400,1569563999,0.00001371,0.00001372,0.00001371,0.00001372,28352.00000000
1569564000,1569567599,0.00001371,0.00001371,0.00001371,0.00001371,463.00000000
1569567600,1569571199,0.00001372,0.00001372,0.00001372,0.00001372,15187.00000000
1569571200,1569574799,0.00001372,0.00001372,0.00001372,0.00001372,0.00000000
1569574800,1569578399,0.00001372,0.00001372,0.00001372,0.00001372,0.00000000
1569578400,1569581999,0.00001372,0.00001372,0.00001358,0.00001366,165269.00000000
1569582000,1569585599,0.00001370,0.00001377,0.00001350,0.00001354,197399.00000000
1569585600,1569589199,0.00001350,0.00001359,0.00001342,0.00001350,183162.00000000
1569589200,1569592799,0.00001354,0.00001391,0.00001354,0.00001391,131960.00000000
1569592800,1569596399,0.00001387,0.00001410,0.00001386,0.00001405,638785.00000000
1569596400,1569599999,0.00001406,0.00001429,0.00001406,0.00001411,112576.00000000
1569600000,1569603599,0.00001410,0.00001410,0.00001410,0.00001410,4941.00000000
1569603600,1569607199,0.00001402,0.00001402,0.00001390,0.00001395,8065.00000000
1569607200,1569610799,0.00001394,0.00001430,0.00001394,0.00001408,21397.00000000
1569610800,1569614399,0.00001408,0.00001413,0.00001408,0.00001410,472116.00000000
1569614400,1569617999,0.00001410,0.00001410,0.00001410,0.00001410,0.00000000
1569618000,1569621599,0.00001408,0.00001408,0.00001372,0.00001377,49224.00000000
1569621600,1569625199,0.00001382,0.00001420,0.00001382,0.00001408,155543.00000000
1569625200,1569628799,0.00001407,0.00001407,0.00001394,0.00001394,84951.00000000
1569628800,1569632399,0.00001394,0.00001394,0.00001394,0.00001394,0.00000000
1569632400,1569635999,0.00001394,0.00001394,0.00001394,0.00001394,0.00000000
1569636000,1569639599,0.00001394,0.00001394,0.00001394,0.00001394,0.00000000
1569639600,1569643199,0.00001394,0.00001394,0.00001394,0.00001394,36802.00000000
1569643200,1569646799,0.00001394,0.00001394,0.00001394,0.00001394,0.00000000
1569646800,1569650399,0.00001394,0.00001394,0.00001394,0.00001394,0.00000000
1569650400,1569653999,0.00001394,0.00001394,0.00001394,0.00001394,0.00000000
1569654000,1569657599,0.00001402,0.00001403,0.00001400,0.00001400,60141.00000000
1569657600,1569661199,0.00001400,0.00001430,0.00001398,0.00001430,460206.00000000
1569661200,1569664799,0.00001430,0.00001430,0.00001430,0.00001430,7404.00000000
1569664800,1569668399,0.00001432,0.00001453,0.00001378,0.00001402,531043.00000000
1569668400,1569671999,0.00001402,0.00001430,0.00001402,0.00001430,223468.00000000
1569672000,1569675599,0.00001414,0.00001429,0.00001390,0.00001429,58417.00000000
1569675600,1569679199,0.00001415,0.00001425,0.00001397,0.00001397,31892.00000000
1569679200,1569682799,0.00001402,0.00001422,0.00001402,0.00001422,5215.00000000
1569682800,1569686399,0.00001422,0.00001444,0.00001422,0.00001422,38849.00000000
1569686400,1569689999,0.00001414,0.00001427,0.00001382,0.00001414,648181.00000000
1569690000,1569693599,0.00001408,0.00001408,0.00001382,0.00001390,26732.00000000
1569693600,1569697199,0.00001386,0.00001414,0.00001386,0.00001409,195496.00000000
1569697200,1569700799,0.00001415,0.00001415,0.00001415,0.00001415,263.00000000
1569700800,1569704399,0.00001415,0.00001421,0.00001396,0.00001410,70190.00000000
1569704400,1569707999,0.00001403,0.00001413,0.00001393,0.00001393,470509.00000000
1569708000,1569711599,0.00001393,0.00001426,0.00001389,0.00001415,168372.00000000
1569711600,1569715199,0.00001410,0.00001430,0.00001368,0.00001429,556892.00000000
1569715200,1569718799,0.00001429,0.00001430,0.00001429,0.00001430,2509.00000000
1569718800,1569722399,0.00001430,0.00001430,0.00001430,0.00001430,1817.00000000
1569722400,1569725999,0.00001430,0.00001430,0.00001430,0.00001430,680.00000000
1569726000,1569729599,0.00001423,0.00001425,0.00001420,0.00001425,95374.00000000
1569729600,1569733199,0.00001430,0.00001430,0.00001430,0.00001430,1510.00000000
1569733200,1569736799,0.00001430,0.00001430,0.00001410,0.00001419,74462.00000000
1569736800,1569740399,0.00001424,0.00001430,0.00001424,0.00001430,1719.00000000
1569740400,1569743999,0.00001430,0.00001450,0.00001430,0.00001445,410484.00000000
1569744000,1569747599,0.00001442,0.00001446,0.00001411,0.00001422,152736.00000000
1569747600,1569751199,0.00001421,0.00001434,0.00001400,0.00001434,238288.00000000
1569751200,1569754799,0.00001436,0.00001436,0.00001432,0.00001432,14905.00000000
1569754800,1569758399,0.00001428,0.00001428,0.00001428,0.00001428,86067.00000000
1569758400,1569761999,0.00001428,0.00001428,0.00001428,0.00001428,51636.00000000
1569762000,1569765599,0.00001408,0.00001408,0.00001373,0.00001380,1381619.00000000
1569765600,1569769199,0.00001377,0.00001377,0.00001356,0.00001356,4530362.00000000
1569769200,1569772799,0.00001355,0.00001363,0.00001355,0.00001363,1946.00000000
1569772800,1569776399,0.00001359,0.00001359,0.00001357,0.00001358,11294.00000000
1569776400,1569779999,0.00001357,0.00001357,0.00001357,0.00001357,50723.00000000
1569780000,1569783599,0.00001358,0.00001358,0.00001355,0.00001355,940846.00000000
1569783600,1569787199,0.00001355,0.00001378,0.00001355,0.00001378,290379.00000000
1569787200,1569790799,0.00001375,0.00001377,0.00001375,0.00001377,10196.00000000
1569790800,1569794399,0.00001377,0.00001377,0.00001377,0.00001377,0.00000000
1569794400,1569797999,0.00001377,0.00001395,0.00001371,0.00001390,1268864.00000000
1569798000,1569801599,0.00001391,0.00001402,0.00001391,0.00001402,130993.00000000
1569801600,1569805199,0.00001404,0.00001407,0.00001404,0.00001407,14500.00000000
1569805200,1569808799,0.00001407,0.00001438,0.00001401,0.00001437,988647.00000000
1569808800,1569812399,0.00001437,0.00001437,0.00001402,0.00001402,214990.00000000
1569812400,1569815999,0.00001410,0.00001410,0.00001400,0.00001407,271777.00000000
1569816000,1569819599,0.00001399,0.00001399,0.00001396,0.00001396,7720.00000000
1569819600,1569823199,0.00001396,0.00001396,0.00001396,0.00001396,2074.00000000
1569823200,1569826799,0.00001405,0.00001410,0.00001378,0.00001399,432970.00000000
1569826800,1569830399,0.00001387,0.00001387,0.00001387,0.00001387,21717.00000000
1569830400,1569833999,0.00001394,0.00001394,0.00001394,0.00001394,1796.00000000
1569834000,1569837599,0.00001384,0.00001384,0.00001366,0.00001366,731551.00000000
1569837600,1569841199,0.00001373,0.00001373,0.00001365,0.00001365,210025.00000000
1569841200,1569844799,0.00001365,0.00001365,0.00001365,0.00001365,0.00000000
1569844800,1569848399,0.00001365,0.00001365,0.00001365,0.00001365,1633.00000000
1569848400,1569851999,0.00001365,0.00001418,0.00001365,0.00001418,1297305.00000000
1569852000,1569855599,0.00001410,0.00001460,0.00001410,0.00001449,1031486.00000000
1569855600,1569859199,0.00001457,0.00001533,0.00001457,0.00001486,928786.00000000
1569859200,1569862799,0.00001478,0.00001511,0.00001464,0.00001472,134304.00000000
1569862800,1569866399,0.00001478,0.00001488,0.00001474,0.00001488,40545.00000000
1569866400,1569869999,0.00001488,0.00001509,0.00001466,0.00001466,622765.00000000
1569870000,1569873599,0.00001466,0.00001466,0.00001466,0.00001466,23971.00000000
1569873600,1569877199,0.00001466,0.00001467,0.00001421,0.00001429,631588.00000000
1569877200,1569880799,0.00001434,0.00001437,0.00001434,0.00001437,1937.00000000
1569880800,1569884399,0.00001445,0.00001456,0.00001445,0.00001456,87763.00000000
1569884400,1569887999,0.00001456,0.00001456,0.00001456,0.00001456,0.00000000
1569888000,1569891599,0.00001435,0.00001435,0.00001428,0.00001435,71320.00000000
1569891600,1569895199,0.00001425,0.00001425,0.00001425,0.00001425,1937.00000000
1569895200,1569898799,0.00001423,0.00001426,0.00001421,0.00001426,104371.00000000
1569898800,1569902399,0.00001429,0.00001434,0.00001421,0.00001434,806475.00000000
1569902400,1569905999,0.00001434,0.00001441,0.00001434,0.00001441,59444.00000000
1569906000,1569909599,0.00001441,0.00001441,0.00001441,0.00001441,422.00000000
1569909600,1569913199,0.00001426,0.00001434,0.00001423,0.00001434,7432.00000000
1569913200,1569916799,0.00001434,0.00001434,0.00001434,0.00001434,20.00000000
1569916800,1569920399,0.00001434,0.00001434,0.00001434,0.00001434,0.00000000
1569920400,1569923999,0.00001439,0.00001444,0.00001438,0.00001444,97339.00000000
1569924000,1569927599,0.00001440,0.00001440,0.00001437,0.00001437,734.00000000
1569927600,1569931199,0.00001444,0.00001444,0.00001428,0.00001443,487885.00000000
1569931200,1569934799,0.00001442,0.00001442,0.00001381,0.00001388,711732.00000000
1569934800,1569938399,0.00001382,0.00001382,0.00001382,0.00001382,43120.00000000
1569938400,1569941999,0.00001383,0.00001401,0.00001364,0.00001367,680098.00000000
1569942000,1569945599,0.00001367,0.00001414,0.00001367,0.00001414,1100143.00000000
1569945600,1569949199,0.00001414,0.00001436,0.00001410,0.00001420,1529683.00000000
1569949200,1569952799,0.00001421,0.00001440,0.00001419,0.00001419,94642.00000000
1569952800,1569956399,0.00001416,0.00001442,0.00001406,0.00001406,49643.00000000
1569956400,1569959999,0.00001411,0.00001442,0.00001411,0.00001442,7057.00000000
1569960000,1569963599,0.00001442,0.00001456,0.00001442,0.00001456,426638.00000000
1569963600,1569967199,0.00001455,0.00001455,0.00001455,0.00001455,722.00000000
1569967200,1569970799,0.00001448,0.00001448,0.00001422,0.00001422,161115.00000000
1569970800,1569974399,0.00001420,0.00001420,0.00001412,0.00001412,33234.00000000
1569974400,1569977999,0.00001417,0.00001432,0.00001400,0.00001400,168554.00000000
1569978000,1569981599,0.00001400,0.00001404,0.00001400,0.00001404,4256.00000000
1569981600,1569985199,0.00001404,0.00001404,0.00001404,0.00001404,0.00000000
1569985200,1569988799,0.00001400,0.00001400,0.00001400,0.00001400,6477.00000000
1569988800,1569992399,0.00001400,0.00001400,0.00001400,0.00001400,5888.00000000
1569992400,1569995999,0.00001400,0.00001414,0.00001400,0.00001414,6211.00000000
1569996000,1569999599,0.00001414,0.00001414,0.00001414,0.00001414,0.00000000
1569999600,1570003199,0.00001414,0.00001419,0.00001414,0.00001419,13292.00000000
1570003200,1570006799,0.00001412,0.00001412,0.00001400,0.00001400,36330.00000000
1570006800,1570010399,0.00001400,0.00001400,0.00001400,0.00001400,0.00000000
1570010400,1570013999,0.00001400,0.00001400,0.00001400,0.00001400,5712.00000000
1570014000,1570017599,0.00001399,0.00001439,0.00001395,0.00001395,464147.00000000
1570017600,1570021199,0.00001396,0.00001399,0.00001395,0.00001399,11597.00000000
1570021200,1570024799,0.00001399,0.00001399,0.00001399,0.00001399,0.00000000
1570024800,1570028399,0.00001396,0.00001427,0.00001396,0.00001411,58133.00000000
1570028400,1570031999,0.00001417,0.00001430,0.00001400,0.00001404,166756.00000000
1570032000,1570035599,0.00001402,0.00001422,0.00001384,0.00001388,347369.00000000
1570035600,1570039199,0.00001407,0.00001407,0.00001406,0.00001407,13983.00000000
1570039200,1570042799,0.00001407,0.00001407,0.00001393,0.00001407,68204.00000000
1570042800,1570046399,0.00001411,0.00001416,0.00001411,0.00001416,12166.00000000
1570046400,1570049999,0.00001411,0.00001411,0.00001403,0.00001403,25436.00000000
1570050000,1570053599,0.00001407,0.00001409,0.00001394,0.00001394,32704.00000000
1570053600,1570057199,0.00001398,0.00001398,0.00001398,0.00001398,811.00000000
1570057200,1570060799,0.00001394,0.00001394,0.00001391,0.00001391,63018.00000000
1570060800,1570064399,0.00001391,0.00001391,0.00001391,0.00001391,0.00000000
1570064400,1570067999,0.00001395,0.00001395,0.00001395,0.00001395,872.00000000
1570068000,1570071599,0.00001395,0.00001395,0.00001395,0.00001395,0.00000000
1570071600,1570075199,0.00001391,0.00001391,0.00001391,0.00001391,30000.00000000
1570075200,1570078799,0.00001391,0.00001391,0.00001391,0.00001391,0.00000000
1570078800,1570082399,0.00001399,0.00001417,0.00001399,0.00001411,323770.00000000
1570082400,1570085999,0.00001413,0.00001413,0.00001413,0.00001413,761.00000000
1570086000,1570089599,0.00001414,0.00001414,0.00001414,0.00001414,3559.00000000
1570089600,1570093199,0.00001416,0.00001419,0.00001410,0.00001412,16694.00000000
1570093200,1570096799,0.00001415,0.00001415,0.00001415,0.00001415,786.00000000
1570096800,1570100399,0.00001417,0.00001417,0.00001415,0.00001415,2187.00000000
1570100400,1570103999,0.00001415,0.00001415,0.00001415,0.00001415,0.00000000
1570104000,1570107599,0.00001415,0.00001415,0.00001415,0.00001415,0.00000000
1570107600,1570111199,0.00001411,0.00001411,0.00001407,0.00001407,24765.00000000
1570111200,1570114799,0.00001400,0.00001427,0.00001400,0.00001417,107940.00000000
1570114800,1570118399,0.00001406,0.00001406,0.00001389,0.00001391,128696.00000000
1570118400,1570121999,0.00001394,0.00001412,0.00001388,0.00001412,56833.00000000
1570122000,1570125599,0.00001414,0.00001414,0.00001412,0.00001414,55931.00000000
1570125600,1570129199,0.00001420,0.00001420,0.00001420,0.00001420,1135.00000000
1570129200,1570132799,0.00001420,0.00001427,0.00001414,0.00001414,14637.00000000
1570132800,1570136399,0.00001412,0.00001412,0.00001412,0.00001412,12180.00000000
1570136400,1570139999,0.00001410,0.00001410,0.00001410,0.00001410,787.00000000
1570140000,1570143599,0.00001412,0.00001414,0.00001412,0.00001414,21746.00000000
1570143600,1570147199,0.00001416,0.00001416,0.00001415,0.00001415,21700.00000000
1570147200,1570150799,0.00001404,0.00001404,0.00001404,0.00001404,8802.00000000
1570150800,1570154399,0.00001399,0.00001399,0.00001381,0.00001386,208811.00000000
1570154400,1570157999,0.00001395,0.00001409,0.00001395,0.00001409,28800.00000000
1570158000,1570161599,0.00001411,0.00001415,0.00001411,0.00001415,57981.00000000
1570161600,1570165199,0.00001416,0.00001416,0.00001416,0.00001416,1826.00000000
1570165200,1570168799,0.00001416,0.00001416,0.00001416,0.00001416,0.00000000
1570168800,1570172399,0.00001413,0.00001420,0.00001389,0.00001389,110461.00000000
1570172400,1570175999,0.00001400,0.00001423,0.00001398,0.00001398,64192.00000000
1570176000,1570179599,0.00001408,0.00001409,0.00001408,0.00001409,6400.00000000
1570179600,1570183199,0.00001409,0.00001409,0.00001409,0.00001409,0.00000000
1570183200,1570186799,0.00001409,0.00001409,0.00001409,0.00001409,0.00000000
1570186800,1570190399,0.00001413,0.00001414,0.00001413,0.00001414,3959.00000000
1570190400,1570193999,0.00001406,0.00001428,0.00001393,0.00001428,207983.00000000
1570194000,1570197599,0.00001428,0.00001428,0.00001428,0.00001428,0.00000000
1570197600,1570201199,0.00001428,0.00001428,0.00001428,0.00001428,44641.00000000
1570201200,1570204799,0.00001428,0.00001428,0.00001428,0.00001428,0.00000000
1570204800,1570208399,0.00001428,0.00001428,0.00001428,0.00001428,84347.00000000
1570208400,1570211999,0.00001428,0.00001529,0.00001428,0.00001524,1389512.00000000
1570212000,1570215599,0.00001511,0.00001533,0.00001468,0.00001471,107996.00000000
1570215600,1570219199,0.00001474,0.00001474,0.00001474,0.00001474,2292.00000000
1570219200,1570222799,0.00001470,0.00001473,0.00001470,0.00001473,24866.00000000
1570222800,1570226399,0.00001472,0.00001501,0.00001453,0.00001473,253858.00000000
1570226400,1570229999,0.00001481,0.00001499,0.00001476,0.00001499,161227.00000000
1570230000,1570233599,0.00001499,0.00001499,0.00001482,0.00001497,131239.00000000
1570233600,1570237199,0.00001497,0.00001499,0.00001483,0.00001499,137172.00000000
1570237200,1570240799,0.00001499,0.00001499,0.00001499,0.00001499,0.00000000
1570240800,1570244399,0.00001484,0.00001494,0.00001470,0.00001494,241095.00000000
1570244400,1570247999,0.00001494,0.00001494,0.00001471,0.00001480,38538.00000000
1570248000,1570251599,0.00001476,0.00001479,0.00001467,0.00001474,51604.00000000
1570251600,1570255199,0.00001466,0.00001466,0.00001466,0.00001466,3410.00000000
1570255200,1570258799,0.00001466,0.00001466,0.00001466,0.00001466,8596.00000000
1570258800,1570262399,0.00001467,0.00001484,0.00001467,0.00001476,23595.00000000
1570262400,1570265999,0.00001476,0.00001476,0.00001463,0.00001463,68559.00000000
1570266000,1570269599,0.00001463,0.00001489,0.00001463,0.00001489,37543.00000000
1570269600,1570273199,0.00001494,0.00001494,0.00001494,0.00001494,248.00000000
1570273200,1570276799,0.00001489,0.00001598,0.00001489,0.00001563,3350766.00000000
1570276800,1570280399,0.00001563,0.00001576,0.00001542,0.00001570,199837.00000000
1570280400,1570283999,0.00001570,0.00001570,0.00001512,0.00001512,88075.00000000
1570284000,1570287599,0.00001514,0.00001521,0.00001514,0.00001520,181091.00000000
1570287600,1570291199,0.00001516,0.00001516,0.00001491,0.00001511,149495.00000000
1570291200,1570294799,0.00001511,0.00001511,0.00001469,0.00001482,391925.00000000
1570294800,1570298399,0.00001492,0.00001497,0.00001492,0.00001497,39295.00000000
1570298400,1570301999,0.00001485,0.00001497,0.00001485,0.00001497,12200.00000000
1570302000,1570305599,0.00001497,0.00001497,0.00001497,0.00001497,0.00000000
1570305600,1570309199,0.00001497,0.00001497,0.00001497,0.00001497,0.00000000
1570309200,1570312799,0.00001498,0.00001529,0.00001498,0.00001529,86305.00000000
1570312800,1570316399,0.00001529,0.00001529,0.00001529,0.00001529,2238.00000000
1570316400,1570319999,0.00001523,0.00001523,0.00001501,0.00001501,6014.00000000
1570320000,1570323599,0.00001501,0.00001501,0.00001501,0.00001501,0.00000000
1570323600,1570327199,0.00001501,0.00001501,0.00001501,0.00001501,0.00000000
1570327200,1570330799,0.00001519,0.00001525,0.00001516,0.00001516,47129.00000000
1570330800,1570334399,0.00001511,0.00001524,0.00001486,0.00001524,126462.00000000
1570334400,1570337999,0.00001524,0.00001524,0.00001524,0.00001524,0.00000000
1570338000,1570341599,0.00001524,0.00001524,0.00001524,0.00001524,0.00000000
1570341600,1570345199,0.00001521,0.00001524,0.00001482,0.00001482,57539.00000000
1570345200,1570348799,0.00001496,0.00001550,0.00001496,0.00001518,193342.00000000
1570348800,1570352399,0.00001518,0.00001522,0.00001506,0.00001506,81647.00000000
1570352400,1570355999,0.00001522,0.00001522,0.00001494,0.00001495,57196.00000000
1570356000,1570359599,0.00001498,0.00001509,0.00001484,0.00001484,51207.00000000
1570359600,1570363199,0.00001492,0.00001492,0.00001486,0.00001486,24767.00000000
1570363200,1570366799,0.00001509,0.00001509,0.00001495,0.00001496,9961.00000000
1570366800,1570370399,0.00001498,0.00001504,0.00001498,0.00001504,45286.00000000
1570370400,1570373999,0.00001509,0.00001514,0.00001509,0.00001514,6300.00000000
1570374000,1570377599,0.00001507,0.00001509,0.00001504,0.00001505,59424.00000000
1570377600,1570381199,0.00001514,0.00001520,0.00001514,0.00001520,10000.00000000
1570381200,1570384799,0.00001520,0.00001533,0.00001520,0.00001521,44795.00000000
1570384800,1570388399,0.00001518,0.00001518,0.00001516,0.00001516,17873.00000000
1570388400,1570391999,0.00001521,0.00001524,0.00001512,0.00001523,35944.00000000
1570392000,1570395599,0.00001512,0.00001512,0.00001512,0.00001512,33030.00000000
1570395600,1570399199,0.00001512,0.00001520,0.00001511,0.00001520,98029.00000000
1570399200,1570402799,0.00001520,0.00001520,0.00001520,0.00001520,1385.00000000
1570402800,1570406399,0.00001522,0.00001524,0.00001522,0.00001524,6300.00000000
1570406400,1570409999,0.00001529,0.00001540,0.00001529,0.00001536,83296.00000000
1570410000,1570413599,0.00001536,0.00001536,0.00001536,0.00001536,0.00000000
1570413600,1570417199,0.00001536,0.00001536,0.00001536,0.00001536,0.00000000
1570417200,1570420799,0.00001536,0.00001544,0.00001536,0.00001544,62024.00000000
1570420800,1570424399,0.00001545,0.00001547,0.00001532,0.00001547,13184.00000000
1570424400,1570427999,0.00001547,0.00001547,0.00001536,0.00001536,203745.00000000
1570428000,1570431599,0.00001539,0.00001543,0.00001539,0.00001543,213726.00000000
1570431600,1570435199,0.00001544,0.00001561,0.00001544,0.00001561,42780.00000000
1570435200,1570438799,0.00001561,0.00001561,0.00001561,0.00001561,4264.00000000
1570438800,1570442399,0.00001561,0.00001561,0.00001561,0.00001561,0.00000000
1570442400,1570445999,0.00001546,0.00001546,0.00001506,0.00001506,2157891.00000000
1570446000,1570449599,0.00001528,0.00001528,0.00001501,0.00001514,53622.00000000
1570449600,1570453199,0.00001514,0.00001514,0.00001514,0.00001514,469.00000000
1570453200,1570456799,0.00001514,0.00001514,0.00001514,0.00001514,0.00000000
1570456800,1570460399,0.00001514,0.00001514,0.00001514,0.00001514,2914.00000000
1570460400,1570463999,0.00001514,0.00001514,0.00001470,0.00001470,277548.00000000
1570464000,1570467599,0.00001484,0.00001484,0.00001474,0.00001474,157271.00000000
1570467600,1570471199,0.00001473,0.00001473,0.00001463,0.00001463,44730.00000000
1570471200,1570474799,0.00001472,0.00001475,0.00001472,0.00001475,11463.00000000
1570474800,1570478399,0.00001464,0.00001474,0.00001446,0.00001474,56801.00000000
1570478400,1570481999,0.00001474,0.00001474,0.00001474,0.00001474,0.00000000
1570482000,1570485599,0.00001474,0.00001474,0.00001474,0.00001474,0.00000000
1570485600,1570489199,0.00001474,0.00001499,0.00001468,0.00001469,146693.00000000
1570489200,1570492799,0.00001469,0.00001469,0.00001469,0.00001469,0.00000000
1570492800,1570496399,0.00001468,0.00001468,0.00001468,0.00001468,2000.00000000
1570496400,1570499999,0.00001468,0.00001473,0.00001457,0.00001472,24693.00000000
1570500000,1570503599,0.00001472,0.00001472,0.00001472,0.00001472,0.00000000
1570503600,1570507199,0.00001472,0.00001472,0.00001472,0.00001472,0.00000000
1570507200,1570510799,0.00001472,0.00001472,0.00001472,0.00001472,0.00000000
1570510800,1570514399,0.00001472,0.00001472,0.00001472,0.00001472,0.00000000
1570514400,1570517999,0.00001472,0.00001472,0.00001472,0.00001472,0.00000000
1570518000,1570521599,0.00001458,0.00001458,0.00001454,0.00001454,18606.00000000
1570521600,1570525199,0.00001451,0.00001493,0.00001447,0.00001449,446016.00000000
1570525200,1570528799,0.00001454,0.00001514,0.00001454,0.00001496,1120708.00000000
1570528800,1570532399,0.00001496,0.00001555,0.00001496,0.00001517,699653.00000000
1570532400,1570535999,0.00001531,0.00001561,0.00001531,0.00001561,148739.00000000
1570536000,1570539599,0.00001558,0.00001599,0.00001537,0.00001550,989826.00000000
1570539600,1570543199,0.00001551,0.00001559,0.00001547,0.00001559,38461.00000000
1570543200,1570546799,0.00001559,0.00001563,0.00001552,0.00001563,32285.00000000
1570546800,1570550399,0.00001559,0.00001564,0.00001559,0.00001559,33351.00000000
1570550400,1570553999,0.00001551,0.00001551,0.00001550,0.00001550,37740.00000000
1570554000,1570557599,0.00001554,0.00001565,0.00001546,0.00001551,89282.00000000
1570557600,1570561199,0.00001552,0.00001553,0.00001552,0.00001553,29681.00000000
1570561200,1570564799,0.00001553,0.00001554,0.00001553,0.00001554,4094.00000000
1570564800,1570568399,0.00001559,0.00001559,0.00001559,0.00001559,3400.00000000
1570568400,1570571999,0.00001556,0.00001556,0.00001556,0.00001556,1000.00000000
1570572000,1570575599,0.00001562,0.00001564,0.00001562,0.00001564,6917.00000000
1570575600,1570579199,0.00001569,0.00001588,0.00001566,0.00001585,76892.00000000
1570579200,1570582799,0.00001585,0.00001585,0.00001576,0.00001579,18243.00000000
1570582800,1570586399,0.00001579,0.00001579,0.00001579,0.00001579,0.00000000
1570586400,1570589999,0.00001579,0.00001579,0.00001579,0.00001579,1802.00000000
1570590000,1570593599,0.00001579,0.00001582,0.00001576,0.00001582,5800.00000000
1570593600,1570597199,0.00001584,0.00001590,0.00001563,0.00001563,70761.00000000
1570597200,1570600799,0.00001577,0.00001584,0.00001576,0.00001584,17000.00000000
1570600800,1570604399,0.00001589,0.00001589,0.00001583,0.00001583,196934.00000000
1570604400,1570607999,0.00001576,0.00001576,0.00001576,0.00001576,6556.00000000
1570608000,1570611599,0.00001584,0.00001599,0.00001581,0.00001599,230637.00000000
1570611600,1570615199,0.00001580,0.00001580,0.00001574,0.00001574,6329.00000000
1570615200,1570618799,0.00001573,0.00001573,0.00001573,0.00001573,8000.00000000
1570618800,1570622399,0.00001571,0.00001571,0.00001569,0.00001569,5334.00000000
1570622400,1570625999,0.00001570,0.00001572,0.00001570,0.00001571,28399.00000000
1570626000,1570629599,0.00001566,0.00001566,0.00001537,0.00001537,44896.00000000
1570629600,1570633199,0.00001531,0.00001531,0.00001451,0.00001458,470827.00000000
1570633200,1570636799,0.00001462,0.00001509,0.00001433,0.00001461,670223.00000000
1570636800,1570640399,0.00001460,0.00001460,0.00001451,0.00001459,72125.00000000
1570640400,1570643999,0.00001463,0.00001464,0.00001463,0.00001464,6300.00000000
1570644000,1570647599,0.00001464,0.00001464,0.00001431,0.00001457,125685.00000000
1570647600,1570651199,0.00001458,0.00001458,0.00001457,0.00001457,50516.00000000
1570651200,1570654799,0.00001458,0.00001469,0.00001440,0.00001440,103044.00000000
1570654800,1570658399,0.00001440,0.00001440,0.00001431,0.00001433,63368.00000000
1570658400,1570661999,0.00001436,0.00001436,0.00001433,0.00001433,32850.00000000
1570662000,1570665599,0.00001431,0.00001431,0.00001416,0.00001430,196172.00000000
1570665600,1570669199,0.00001430,0.00001479,0.00001430,0.00001479,137807.00000000
1570669200,1570672799,0.00001479,0.00001479,0.00001479,0.00001479,0.00000000
1570672800,1570676399,0.00001478,0.00001479,0.00001456,0.00001456,24109.00000000
1570676400,1570679999,0.00001456,0.00001456,0.00001451,0.00001451,4930.00000000
1570680000,1570683599,0.00001448,0.00001450,0.00001448,0.00001450,8177.00000000
1570683600,1570687199,0.00001449,0.00001452,0.00001434,0.00001439,105041.00000000
1570687200,1570690799,0.00001433,0.00001433,0.00001429,0.00001429,15280.00000000
1570690800,1570694399,0.00001434,0.00001436,0.00001431,0.00001436,138262.00000000
1570694400,1570697999,0.00001430,0.00001441,0.00001406,0.00001426,310397.00000000
1570698000,1570701599,0.00001422,0.00001433,0.00001422,0.00001426,112292.00000000
1570701600,1570705199,0.00001437,0.00001460,0.00001436,0.00001440,87688.00000000
1570705200,1570708799,0.00001439,0.00001440,0.00001429,0.00001440,292868.00000000
1570708800,1570712399,0.00001444,0.00001444,0.00001444,0.00001444,2980.00000000
1570712400,1570715999,0.00001440,0.00001493,0.00001440,0.00001470,184126.00000000
1570716000,1570719599,0.00001460,0.00001460,0.00001460,0.00001460,6842.00000000
1570719600,1570723199,0.00001451,0.00001451,0.00001435,0.00001435,417711.00000000
1570723200,1570726799,0.00001437,0.00001437,0.00001408,0.00001429,224822.00000000
1570726800,1570730399,0.00001434,0.00001439,0.00001434,0.00001439,3607.00000000
1570730400,1570733999,0.00001439,0.00001439,0.00001439,0.00001439,710.00000000
1570734000,1570737599,0.00001439,0.00001439,0.00001439,0.00001439,194.00000000
1570737600,1570741199,0.00001439,0.00001439,0.00001424,0.00001437,9528.00000000
1570741200,1570744799,0.00001437,0.00001439,0.00001437,0.00001439,28868.00000000
1570744800,1570748399,0.00001439,0.00001439,0.00001439,0.00001439,0.00000000
1570748400,1570751999,0.00001431,0.00001431,0.00001428,0.00001428,1411.00000000
1570752000,1570755599,0.00001428,0.00001428,0.00001428,0.00001428,0.00000000
1570755600,1570759199,0.00001439,0.00001439,0.00001431,0.00001432,30702.00000000
1570759200,1570762799,0.00001429,0.00001492,0.00001427,0.00001453,1817721.00000000
1570762800,1570766399,0.00001453,0.00001453,0.00001453,0.00001453,0.00000000
1570766400,1570769999,0.00001451,0.00001451,0.00001402,0.00001402,94450.00000000
1570770000,1570773599,0.00001415,0.00001429,0.00001415,0.00001429,14700.00000000
1570773600,1570777199,0.00001429,0.00001429,0.00001429,0.00001429,0.00000000
1570777200,1570780799,0.00001430,0.00001430,0.00001430,0.00001430,5401.00000000
1570780800,1570784399,0.00001432,0.00001440,0.00001432,0.00001438,69290.00000000
1570784400,1570787999,0.00001442,0.00001446,0.00001442,0.00001446,9000.00000000
1570788000,1570791599,0.00001447,0.00001449,0.00001447,0.00001449,30679.00000000
1570791600,1570795199,0.00001450,0.00001451,0.00001450,0.00001451,9935.00000000
1570795200,1570798799,0.00001449,0.00001453,0.00001448,0.00001451,64758.00000000
1570798800,1570802399,0.00001451,0.00001453,0.00001445,0.00001445,88196.00000000
1570802400,1570805999,0.00001445,0.00001445,0.00001445,0.00001445,14572.00000000
1570806000,1570809599,0.00001453,0.00001453,0.00001453,0.00001453,225.00000000
1570809600,1570813199,0.00001444,0.00001480,0.00001444,0.00001480,471386.00000000
1570813200,1570816799,0.00001480,0.00001480,0.00001480,0.00001480,0.00000000
1570816800,1570820399,0.00001480,0.00001480,0.00001480,0.00001480,4392.00000000
1570820400,1570823999,0.00001476,0.00001476,0.00001476,0.00001476,973.00000000
1570824000,1570827599,0.00001476,0.00001476,0.00001462,0.00001475,184459.00000000
1570827600,1570831199,0.00001475,0.00001480,0.00001473,0.00001473,25768.00000000
1570831200,1570834799,0.00001473,0.00001515,0.00001436,0.00001470,2315251.00000000
1570834800,1570838399,0.00001470,0.00001470,0.00001464,0.00001464,188974.00000000
1570838400,1570841999,0.00001461,0.00001466,0.00001458,0.00001466,33149.00000000
1570842000,1570845599,0.00001456,0.00001456,0.00001440,0.00001442,382706.00000000
1570845600,1570849199,0.00001453,0.00001453,0.00001446,0.00001446,3485.00000000
1570849200,1570852799,0.00001454,0.00001460,0.00001454,0.00001460,22581.00000000
1570852800,1570856399,0.00001453,0.00001453,0.00001451,0.00001451,20000.00000000
1570856400,1570859999,0.00001462,0.00001464,0.00001451,0.00001464,77744.00000000
1570860000,1570863599,0.00001464,0.00001464,0.00001464,0.00001464,0.00000000
1570863600,1570867199,0.00001464,0.00001464,0.00001464,0.00001464,0.00000000
1570867200,1570870799,0.00001459,0.00001459,0.00001459,0.00001459,49385.00000000
1570870800,1570874399,0.00001462,0.00001462,0.00001456,0.00001456,14058.00000000
1570874400,1570877999,0.00001462,0.00001556,0.00001462,0.00001496,731585.00000000
1570878000,1570881599,0.00001496,0.00001496,0.00001495,0.00001495,24355.00000000
1570881600,1570885199,0.00001507,0.00001507,0.00001507,0.00001507,4315.00000000
1570885200,1570888799,0.00001507,0.00001509,0.00001506,0.00001509,30907.00000000
1570888800,1570892399,0.00001509,0.00001509,0.00001509,0.00001509,0.00000000
1570892400,1570895999,0.00001504,0.00001509,0.00001504,0.00001509,131881.00000000
1570896000,1570899599,0.00001502,0.00001502,0.00001502,0.00001502,30149.00000000
1570899600,1570903199,0.00001507,0.00001509,0.00001501,0.00001509,9625.00000000
1570903200,1570906799,0.00001509,0.00001519,0.00001508,0.00001519,129720.00000000
1570906800,1570910399,0.00001520,0.00001540,0.00001520,0.00001525,181034.00000000
1570910400,1570913999,0.00001535,0.00001539,0.00001532,0.00001532,197739.00000000
1570914000,1570917599,0.00001536,0.00001577,0.00001536,0.00001546,152433.00000000
1570917600,1570921199,0.00001541,0.00001541,0.00001541,0.00001541,2462.00000000
1570921200,1570924799,0.00001541,0.00001541,0.00001541,0.00001541,0.00000000
1570924800,1570928399,0.00001543,0.00001544,0.00001543,0.00001544,3177.00000000
1570928400,1570931999,0.00001544,0.00001544,0.00001544,0.00001544,0.00000000
1570932000,1570935599,0.00001541,0.00001541,0.00001525,0.00001525,61332.00000000
1570935600,1570939199,0.00001527,0.00001527,0.00001527,0.00001527,1586.00000000
1570939200,1570942799,0.00001527,0.00001529,0.00001527,0.00001529,26100.00000000
1570942800,1570946399,0.00001527,0.00001539,0.00001527,0.00001539,11939.00000000
1570946400,1570949999,0.00001539,0.00001539,0.00001539,0.00001539,0.00000000
1570950000,1570953599,0.00001539,0.00001539,0.00001539,0.00001539,0.00000000
1570953600,1570957199,0.00001539,0.00001539,0.00001539,0.00001539,0.00000000
1570957200,1570960799,0.00001539,0.00001539,0.00001539,0.00001539,336.00000000
1570960800,1570964399,0.00001544,0.00001544,0.00001544,0.00001544,681.00000000
1570964400,1570967999,0.00001544,0.00001549,0.00001544,0.00001549,6370.00000000
1570968000,1570971599,0.00001537,0.00001549,0.00001493,0.00001508,298378.00000000
1570971600,1570975199,0.00001503,0.00001503,0.00001420,0.00001449,542941.00000000
1570975200,1570978799,0.00001449,0.00001475,0.00001444,0.00001444,176985.00000000
1570978800,1570982399,0.00001445,0.00001453,0.00001444,0.00001453,6721.00000000
1570982400,1570985999,0.00001451,0.00001451,0.00001450,0.00001451,14814.00000000
1570986000,1570989599,0.00001453,0.00001479,0.00001452,0.00001479,120866.00000000
1570989600,1570993199,0.00001456,0.00001469,0.00001450,0.00001469,35324.00000000
1570993200,1570996799,0.00001450,0.00001450,0.00001444,0.00001444,51738.00000000
1570996800,1571000399,0.00001444,0.00001444,0.00001444,0.00001444,0.00000000
1571000400,1571003999,0.00001444,0.00001444,0.00001444,0.00001444,0.00000000
1571004000,1571007599,0.00001447,0.00001447,0.00001447,0.00001447,21898.00000000
1571007600,1571011199,0.00001448,0.00001449,0.00001444,0.00001449,55478.00000000
1571011200,1571014799,0.00001444,0.00001444,0.00001418,0.00001418,73045.00000000
1571014800,1571018399,0.00001432,0.00001433,0.00001422,0.00001429,84845.00000000
1571018400,1571021999,0.00001429,0.00001455,0.00001429,0.00001431,52321.00000000
1571022000,1571025599,0.00001431,0.00001448,0.00001431,0.00001436,182288.00000000
1571025600,1571029199,0.00001447,0.00001454,0.00001447,0.00001454,83549.00000000
1571029200,1571032799,0.00001454,0.00001454,0.00001454,0.00001454,0.00000000
1571032800,1571036399,0.00001458,0.00001462,0.00001458,0.00001462,331262.00000000
1571036400,1571039999,0.00001462,0.00001465,0.00001462,0.00001465,7550.00000000
1571040000,1571043599,0.00001465,0.00001493,0.00001465,0.00001481,1373300.00000000
1571043600,1571047199,0.00001481,0.00001481,0.00001430,0.00001436,173879.00000000
1571047200,1571050799,0.00001436,0.00001439,0.00001432,0.00001439,117688.00000000
1571050800,1571054399,0.00001442,0.00001465,0.00001442,0.00001452,53274.00000000
1571054400,1571057999,0.00001451,0.00001451,0.00001447,0.00001447,23277.00000000
1571058000,1571061599,0.00001449,0.00001449,0.00001449,0.00001449,7207.00000000
1571061600,1571065199,0.00001447,0.00001447,0.00001447,0.00001447,785.00000000
1571065200,1571068799,0.00001458,0.00001458,0.00001458,0.00001458,1240.00000000
1571068800,1571072399,0.00001459,0.00001482,0.00001423,0.00001456,918997.00000000
1571072400,1571075999,0.00001434,0.00001445,0.00001424,0.00001437,143907.00000000
1571076000,1571079599,0.00001423,0.00001444,0.00001418,0.00001433,84478.00000000
1571079600,1571083199,0.00001439,0.00001440,0.00001439,0.00001440,20155.00000000
1571083200,1571086799,0.00001440,0.00001440,0.00001440,0.00001440,0.00000000
1571086800,1571090399,0.00001448,0.00001448,0.00001448,0.00001448,6925.00000000
1571090400,1571093999,0.00001448,0.00001448,0.00001448,0.00001448,0.00000000
1571094000,1571097599,0.00001448,0.00001448,0.00001448,0.00001448,0.00000000
1571097600,1571101199,0.00001448,0.00001448,0.00001448,0.00001448,0.00000000
1571101200,1571104799,0.00001448,0.00001448,0.00001448,0.00001448,0.00000000
1571104800,1571108399,0.00001448,0.00001448,0.00001448,0.00001448,0.00000000
1571108400,1571111999,0.00001448,0.00001491,0.00001448,0.00001472,981359.00000000
1571112000,1571115599,0.00001478,0.00001499,0.00001478,0.00001499,119926.00000000
1571115600,1571119199,0.00001499,0.00001499,0.00001499,0.00001499,0.00000000
1571119200,1571122799,0.00001499,0.00001499,0.00001499,0.00001499,1100.00000000
1571122800,1571126399,0.00001497,0.00001499,0.00001483,0.00001485,59465.00000000
1571126400,1571129999,0.00001496,0.00001496,0.00001482,0.00001483,141440.00000000
1571130000,1571133599,0.00001484,0.00001502,0.00001483,0.00001502,116912.00000000
1571133600,1571137199,0.00001502,0.00001502,0.00001502,0.00001502,0.00000000
1571137200,1571140799,0.00001502,0.00001502,0.00001502,0.00001502,0.00000000
1571140800,1571144399,0.00001492,0.00001496,0.00001488,0.00001496,51165.00000000
1571144400,1571147999,0.00001495,0.00001495,0.00001495,0.00001495,6750.00000000
1571148000,1571151599,0.00001496,0.00001502,0.00001496,0.00001502,18922.00000000
1571151600,1571155199,0.00001488,0.00001488,0.00001485,0.00001485,11999.00000000
1571155200,1571158799,0.00001485,0.00001494,0.00001485,0.00001494,8637.00000000
1571158800,1571162399,0.00001499,0.00001503,0.00001499,0.00001503,5988.00000000
1571162400,1571165999,0.00001503,0.00001503,0.00001503,0.00001503,0.00000000
1571166000,1571169599,0.00001493,0.00001493,0.00001454,0.00001480,496302.00000000
1571169600,1571173199,0.00001482,0.00001487,0.00001482,0.00001487,58581.00000000
1571173200,1571176799,0.00001487,0.00001487,0.00001487,0.00001487,10875.00000000
1571176800,1571180399,0.00001487,0.00001487,0.00001487,0.00001487,70833.00000000
1571180400,1571183999,0.00001487,0.00001487,0.00001487,0.00001487,0.00000000
1571184000,1571187599,0.00001487,0.00001487,0.00001487,0.00001487,29004.00000000
1571187600,1571191199,0.00001487,0.00001487,0.00001487,0.00001487,0.00000000
1571191200,1571194799,0.00001487,0.00001487,0.00001487,0.00001487,0.00000000
1571194800,1571198399,0.00001487,0.00001487,0.00001487,0.00001487,0.00000000
1571198400,1571201999,0.00001487,0.00001487,0.00001487,0.00001487,0.00000000
1571202000,1571205599,0.00001476,0.00001487,0.00001471,0.00001487,12161.00000000
1571205600,1571209199,0.00001471,0.00001471,0.00001471,0.00001471,1267.00000000
1571209200,1571212799,0.00001466,0.00001466,0.00001457,0.00001457,322229.00000000
1571212800,1571216399,0.00001456,0.00001456,0.00001455,0.00001455,141057.00000000
1571216400,1571219999,0.00001452,0.00001460,0.00001434,0.00001442,138610.00000000
1571220000,1571223599,0.00001442,0.00001459,0.00001441,0.00001441,110269.00000000
1571223600,1571227199,0.00001441,0.00001441,0.00001441,0.00001441,0.00000000
1571227200,1571230799,0.00001453,0.00001473,0.00001453,0.00001466,114193.00000000
1571230800,1571234399,0.00001466,0.00001466,0.00001466,0.00001466,0.00000000
1571234400,1571237999,0.00001466,0.00001466,0.00001466,0.00001466,0.00000000
1571238000,1571241599,0.00001466,0.00001466,0.00001466,0.00001466,0.00000000
1571241600,1571245199,0.00001465,0.00001465,0.00001444,0.00001445,172454.00000000
1571245200,1571248799,0.00001454,0.00001454,0.00001454,0.00001454,20909.00000000
1571248800,1571252399,0.00001455,0.00001455,0.00001455,0.00001455,2700.00000000
1571252400,1571255999,0.00001452,0.00001453,0.00001449,0.00001453,17734.00000000
1571256000,1571259599,0.00001454,0.00001454,0.00001454,0.00001454,3600.00000000
1571259600,1571263199,0.00001455,0.00001469,0.00001455,0.00001468,633569.00000000
1571263200,1571266799,0.00001469,0.00001469,0.00001469,0.00001469,459.00000000
1571266800,1571270399,0.00001469,0.00001469,0.00001469,0.00001469,0.00000000
1571270400,1571273999,0.00001469,0.00001469,0.00001469,0.00001469,214.00000000
1571274000,1571277599,0.00001469,0.00001485,0.00001469,0.00001485,43015.00000000
1571277600,1571281199,0.00001485,0.00001489,0.00001485,0.00001489,72515.00000000
1571281200,1571284799,0.00001489,0.00001489,0.00001489,0.00001489,1198.00000000
1571284800,1571288399,0.00001489,0.00001489,0.00001489,0.00001489,0.00000000
1571288400,1571291999,0.00001489,0.00001489,0.00001489,0.00001489,0.00000000
1571292000,1571295599,0.00001485,0.00001485,0.00001478,0.00001478,1387.00000000
1571295600,1571299199,0.00001479,0.00001479,0.00001479,0.00001479,2420.00000000
1571299200,1571302799,0.00001465,0.00001465,0.00001463,0.00001463,70690.00000000
1571302800,1571306399,0.00001463,0.00001463,0.00001463,0.00001463,0.00000000
1571306400,1571309999,0.00001469,0.00001470,0.00001469,0.00001470,60410.00000000
1571310000,1571313599,0.00001473,0.00001474,0.00001469,0.00001469,13153.00000000
1571313600,1571317199,0.00001469,0.00001469,0.00001469,0.00001469,0.00000000
1571317200,1571320799,0.00001469,0.00001469,0.00001460,0.00001460,29062.00000000
1571320800,1571324399,0.00001460,0.00001460,0.00001460,0.00001460,1000.00000000
1571324400,1571327999,0.00001460,0.00001460,0.00001460,0.00001460,1000.00000000
1571328000,1571331599,0.00001460,0.00001460,0.00001460,0.00001460,0.00000000
1571331600,1571335199,0.00001460,0.00001460,0.00001460,0.00001460,0.00000000
1571335200,1571338799,0.00001455,0.00001455,0.00001450,0.00001450,123300.00000000
1571338800,1571342399,0.00001450,0.00001450,0.00001450,0.00001450,10203.00000000
1571342400,1571345999,0.00001450,0.00001450,0.00001449,0.00001449,357215.00000000
1571346000,1571349599,0.00001449,0.00001449,0.00001449,0.00001449,0.00000000
1571349600,1571353199,0.00001449,0.00001449,0.00001449,0.00001449,0.00000000
1571353200,1571356799,0.00001449,0.00001449,0.00001449,0.00001449,0.00000000
1571356800,1571360399,0.00001449,0.00001449,0.00001449,0.00001449,0.00000000
1571360400,1571363999,0.00001449,0.00001449,0.00001449,0.00001449,0.00000000
1571364000,1571367599,0.00001449,0.00001449,0.00001449,0.00001449,0.00000000
1571367600,1571371199,0.00001455,0.00001455,0.00001455,0.00001455,1407.00000000
1571371200,1571374799,0.00001454,0.00001454,0.00001454,0.00001454,1409.00000000
1571374800,1571378399,0.00001449,0.00001449,0.00001411,0.00001428,844216.00000000
1571378400,1571381999,0.00001428,0.00001428,0.00001428,0.00001428,0.00000000
1571382000,1571385599,0.00001429,0.00001430,0.00001409,0.00001429,109669.00000000
1571385600,1571389199,0.00001430,0.00001456,0.00001430,0.00001456,71913.00000000
1571389200,1571392799,0.00001456,0.00001479,0.00001446,0.00001470,190596.00000000
1571392800,1571396399,0.00001457,0.00001457,0.00001452,0.00001452,10753.00000000
1571396400,1571399999,0.00001452,0.00001452,0.00001425,0.00001425,109311.00000000
1571400000,1571403599,0.00001445,0.00001445,0.00001445,0.00001445,674.00000000
1571403600,1571407199,0.00001445,0.00001480,0.00001445,0.00001480,102577.00000000
1571407200,1571410799,0.00001466,0.00001466,0.00001460,0.00001460,648823.00000000
1571410800,1571414399,0.00001457,0.00001457,0.00001453,0.00001453,7457.00000000
1571414400,1571417999,0.00001453,0.00001453,0.00001453,0.00001453,0.00000000
1571418000,1571421599,0.00001453,0.00001453,0.00001453,0.00001453,0.00000000
1571421600,1571425199,0.00001453,0.00001453,0.00001453,0.00001453,0.00000000
1571425200,1571428799,0.00001453,0.00001453,0.00001453,0.00001453,0.00000000
1571428800,1571432399,0.00001453,0.00001453,0.00001453,0.00001453,0.00000000
1571432400,1571435999,0.00001453,0.00001453,0.00001453,0.00001453,0.00000000
1571436000,1571439599,0.00001453,0.00001453,0.00001453,0.00001453,0.00000000
1571439600,1571443199,0.00001453,0.00001453,0.00001453,0.00001453,0.00000000
1571443200,1571446799,0.00001453,0.00001453,0.00001453,0.00001453,0.00000000
1571446800,1571450399,0.00001451,0.00001451,0.00001451,0.00001451,3494.00000000
1571450400,1571453999,0.00001451,0.00001451,0.00001451,0.00001451,0.00000000
1571454000,1571457599,0.00001451,0.00001451,0.00001451,0.00001451,0.00000000
1571457600,1571461199,0.00001451,0.00001451,0.00001451,0.00001451,0.00000000
1571461200,1571464799,0.00001469,0.00001474,0.00001469,0.00001474,3522.00000000
1571464800,1571468399,0.00001469,0.00001469,0.00001469,0.00001469,1021.00000000
1571468400,1571471999,0.00001469,0.00001469,0.00001469,0.00001469,0.00000000
1571472000,1571475599,0.00001469,0.00001469,0.00001469,0.00001469,1819.00000000
1571475600,1571479199,0.00001469,0.00001469,0.00001469,0.00001469,0.00000000
1571479200,1571482799,0.00001474,0.00001474,0.00001458,0.00001458,14654.00000000
1571482800,1571486399,0.00001464,0.00001467,0.00001461,0.00001467,63848.00000000
1571486400,1571489999,0.00001468,0.00001468,0.00001466,0.00001467,70864.00000000
1571490000,1571493599,0.00001467,0.00001467,0.00001467,0.00001467,0.00000000
1571493600,1571497199,0.00001467,0.00001467,0.00001467,0.00001467,0.00000000
1571497200,1571500799,0.00001467,0.00001467,0.00001467,0.00001467,1329.00000000
1571500800,1571504399,0.00001467,0.00001474,0.00001467,0.00001474,18862.00000000
1571504400,1571507999,0.00001474,0.00001474,0.00001474,0.00001474,0.00000000
1571508000,1571511599,0.00001477,0.00001478,0.00001477,0.00001478,5274.00000000
1571511600,1571515199,0.00001472,0.00001472,0.00001453,0.00001453,126900.00000000
1571515200,1571518799,0.00001454,0.00001454,0.00001449,0.00001449,128850.00000000
1571518800,1571522399,0.00001449,0.00001449,0.00001449,0.00001449,0.00000000
1571522400,1571525999,0.00001449,0.00001449,0.00001449,0.00001449,0.00000000
1571526000,1571529599,0.00001459,0.00001459,0.00001459,0.00001459,31594.00000000
1571529600,1571533199,0.00001459,0.00001459,0.00001459,0.00001459,0.00000000
1571533200,1571536799,0.00001459,0.00001459,0.00001459,0.00001459,0.00000000
1571536800,1571540399,0.00001459,0.00001459,0.00001459,0.00001459,0.00000000
1571540400,1571543999,0.00001454,0.00001454,0.00001445,0.00001445,28655.00000000
1571544000,1571547599,0.00001454,0.00001454,0.00001454,0.00001454,1376.00000000
1571547600,1571551199,0.00001454,0.00001454,0.00001421,0.00001421,304856.00000000
1571551200,1571554799,0.00001421,0.00001429,0.00001366,0.00001378,809813.00000000
1571554800,1571558399,0.00001380,0.00001407,0.00001376,0.00001399,268370.00000000
1571558400,1571561999,0.00001390,0.00001407,0.00001373,0.00001399,1424644.00000000
1571562000,1571565599,0.00001390,0.00001390,0.00001367,0.00001387,984793.00000000
1571565600,1571569199,0.00001376,0.00001389,0.00001376,0.00001389,36323.00000000
1571569200,1571572799,0.00001389,0.00001394,0.00001376,0.00001376,138282.00000000
1571572800,1571576399,0.00001387,0.00001387,0.00001376,0.00001376,98685.00000000
1571576400,1571579999,0.00001383,0.00001383,0.00001370,0.00001370,41133.00000000
1571580000,1571583599,0.00001370,0.00001370,0.00001342,0.00001355,436781.00000000
1571583600,1571587199,0.00001359,0.00001364,0.00001355,0.00001359,11091.00000000
1571587200,1571590799,0.00001359,0.00001364,0.00001355,0.00001359,200881.00000000
1571590800,1571594399,0.00001359,0.00001383,0.00001359,0.00001364,1705625.00000000
1571594400,1571597999,0.00001366,0.00001384,0.00001366,0.00001384,192997.00000000
1571598000,1571601599,0.00001385,0.00001385,0.00001385,0.00001385,9250.00000000
1571601600,1571605199,0.00001385,0.00001385,0.00001385,0.00001385,0.00000000
1571605200,1571608799,0.00001381,0.00001385,0.00001381,0.00001385,12198.00000000
1571608800,1571612399,0.00001389,0.00001400,0.00001389,0.00001400,29840.00000000
1571612400,1571615999,0.00001400,0.00001400,0.00001400,0.00001400,0.00000000
1571616000,1571619599,0.00001387,0.00001387,0.00001382,0.00001385,18032.00000000
1571619600,1571623199,0.00001382,0.00001434,0.00001382,0.00001434,2339227.00000000
1571623200,1571626799,0.00001426,0.00001426,0.00001426,0.00001426,2378.00000000
1571626800,1571630399,0.00001426,0.00001426,0.00001426,0.00001426,1222.00000000
1571630400,1571633999,0.00001424,0.00001438,0.00001424,0.00001436,119663.00000000
1571634000,1571637599,0.00001435,0.00001438,0.00001409,0.00001438,3367736.00000000
1571637600,1571641199,0.00001432,0.00001437,0.00001430,0.00001430,165515.00000000
1571641200,1571644799,0.00001429,0.00001436,0.00001415,0.00001415,150858.00000000
1571644800,1571648399,0.00001419,0.00001419,0.00001416,0.00001416,189124.00000000
1571648400,1571651999,0.00001416,0.00001416,0.00001416,0.00001416,34831.00000000
1571652000,1571655599,0.00001416,0.00001416,0.00001416,0.00001416,3667.00000000
1571655600,1571659199,0.00001416,0.00001416,0.00001416,0.00001416,0.00000000
1571659200,1571662799,0.00001424,0.00001424,0.00001424,0.00001424,162063.00000000
1571662800,1571666399,0.00001424,0.00001425,0.00001416,0.00001416,54406.00000000
1571666400,1571669999,0.00001425,0.00001434,0.00001425,0.00001434,69859.00000000
1571670000,1571673599,0.00001434,0.00001434,0.00001434,0.00001434,705.00000000
1571673600,1571677199,0.00001434,0.00001434,0.00001434,0.00001434,0.00000000
1571677200,1571680799,0.00001433,0.00001434,0.00001430,0.00001434,110654.00000000
1571680800,1571684399,0.00001433,0.00001433,0.00001424,0.00001424,175825.00000000
1571684400,1571687999,0.00001421,0.00001423,0.00001416,0.00001423,51550.00000000
1571688000,1571691599,0.00001417,0.00001417,0.00001417,0.00001417,19687.00000000
1571691600,1571695199,0.00001423,0.00001423,0.00001423,0.00001423,23027.00000000
1571695200,1571698799,0.00001416,0.00001423,0.00001416,0.00001423,29124.00000000
1571698800,1571702399,0.00001423,0.00001423,0.00001423,0.00001423,0.00000000
1571702400,1571705999,0.00001423,0.00001423,0.00001423,0.00001423,0.00000000
1571706000,1571709599,0.00001423,0.00001423,0.00001423,0.00001423,0.00000000
1571709600,1571713199,0.00001423,0.00001423,0.00001423,0.00001423,0.00000000
1571713200,1571716799,0.00001423,0.00001423,0.00001423,0.00001423,0.00000000
1571716800,1571720399,0.00001423,0.00001423,0.00001423,0.00001423,0.00000000
1571720400,1571723999,0.00001423,0.00001423,0.00001308,0.00001377,2015307.00000000
1571724000,1571727599,0.00001377,0.00001377,0.00001268,0.00001334,1291321.00000000
1571727600,1571731199,0.00001336,0.00001373,0.00001317,0.00001334,365410.00000000
1571731200,1571734799,0.00001323,0.00001357,0.00001323,0.00001357,90719.00000000
1571734800,1571738399,0.00001354,0.00001354,0.00001354,0.00001354,3900.00000000
1571738400,1571741999,0.00001352,0.00001357,0.00001351,0.00001357,69417.00000000
1571742000,1571745599,0.00001357,0.00001358,0.00001357,0.00001358,59162.00000000
1571745600,1571749199,0.00001342,0.00001364,0.00001336,0.00001346,78742.00000000
1571749200,1571752799,0.00001346,0.00001346,0.00001341,0.00001341,18065.00000000
1571752800,1571756399,0.00001354,0.00001364,0.00001354,0.00001364,147756.00000000
1571756400,1571759999,0.00001364,0.00001364,0.00001364,0.00001364,17844.00000000
1571760000,1571763599,0.00001364,0.00001364,0.00001364,0.00001364,6939.00000000
1571763600,1571767199,0.00001351,0.00001351,0.00001350,0.00001350,289992.00000000
1571767200,1571770799,0.00001346,0.00001361,0.00001339,0.00001355,85346.00000000
1571770800,1571774399,0.00001355,0.00001355,0.00001335,0.00001348,116247.00000000
1571774400,1571777999,0.00001335,0.00001339,0.00001311,0.00001339,820356.00000000
1571778000,1571781599,0.00001339,0.00001344,0.00001339,0.00001344,70366.00000000
1571781600,1571785199,0.00001344,0.00001344,0.00001344,0.00001344,0.00000000
1571785200,1571788799,0.00001341,0.00001341,0.00001341,0.00001341,3900.00000000
1571788800,1571792399,0.00001341,0.00001341,0.00001341,0.00001341,0.00000000
1571792400,1571795999,0.00001341,0.00001341,0.00001341,0.00001341,0.00000000
1571796000,1571799599,0.00001336,0.00001336,0.00001331,0.00001331,7407.00000000
1571799600,1571803199,0.00001343,0.00001350,0.00001341,0.00001346,152103.00000000
1571803200,1571806799,0.00001346,0.00001346,0.00001346,0.00001346,0.00000000
1571806800,1571810399,0.00001346,0.00001346,0.00001346,0.00001346,5349.00000000
1571810400,1571813999,0.00001346,0.00001346,0.00001332,0.00001332,23725.00000000
1571814000,1571817599,0.00001331,0.00001342,0.00001327,0.00001342,62481.00000000
1571817600,1571821199,0.00001328,0.00001328,0.00001323,0.00001323,91551.00000000
1571821200,1571824799,0.00001323,0.00001323,0.00001323,0.00001323,0.00000000
1571824800,1571828399,0.00001321,0.00001324,0.00001319,0.00001324,15301.00000000
1571828400,1571831999,0.00001325,0.00001329,0.00001309,0.00001329,101935.00000000
1571832000,1571835599,0.00001329,0.00001329,0.00001307,0.00001307,323462.00000000
1571835600,1571839199,0.00001307,0.00001307,0.00001300,0.00001300,448245.00000000
1571839200,1571842799,0.00001300,0.00001311,0.00001300,0.00001311,111154.00000000
1571842800,1571846399,0.00001312,0.00001318,0.00001312,0.00001318,8607.00000000
1571846400,1571849999,0.00001318,0.00001318,0.00001318,0.00001318,229129.00000000
1571850000,1571853599,0.00001301,0.00001317,0.00001299,0.00001306,1266385.00000000
1571853600,1571857199,0.00001309,0.00001315,0.00001309,0.00001315,23375.00000000
1571857200,1571860799,0.00001298,0.00001298,0.00001297,0.00001297,38895.00000000
1571860800,1571864399,0.00001299,0.00001299,0.00001299,0.00001299,3000.00000000
1571864400,1571867999,0.00001299,0.00001299,0.00001299,0.00001299,1200.00000000
1571868000,1571871599,0.00001299,0.00001299,0.00001299,0.00001299,3260.00000000
1571871600,1571875199,0.00001299,0.00001299,0.00001286,0.00001286,80630.00000000
1571875200,1571878799,0.00001286,0.00001335,0.00001285,0.00001293,291130.00000000
1571878800,1571882399,0.00001285,0.00001285,0.00001284,0.00001284,26926.00000000
1571882400,1571885999,0.00001283,0.00001283,0.00001280,0.00001280,64813.00000000
1571886000,1571889599,0.00001280,0.00001280,0.00001280,0.00001280,1000.00000000
1571889600,1571893199,0.00001280,0.00001280,0.00001280,0.00001280,0.00000000
1571893200,1571896799,0.00001280,0.00001280,0.00001280,0.00001280,0.00000000
1571896800,1571900399,0.00001280,0.00001294,0.00001275,0.00001294,530492.00000000
1571900400,1571903999,0.00001277,0.00001294,0.00001255,0.00001258,736052.00000000
1571904000,1571907599,0.00001262,0.00001272,0.00001256,0.00001256,351975.00000000
1571907600,1571911199,0.00001256,0.00001256,0.00001256,0.00001256,0.00000000
1571911200,1571914799,0.00001256,0.00001256,0.00001256,0.00001256,1017.00000000
1571914800,1571918399,0.00001258,0.00001258,0.00001258,0.00001258,795.00000000
1571918400,1571921999,0.00001258,0.00001259,0.00001241,0.00001241,244450.00000000
1571922000,1571925599,0.00001253,0.00001268,0.00001253,0.00001268,17619.00000000
1571925600,1571929199,0.00001248,0.00001254,0.00001238,0.00001254,207213.00000000
1571929200,1571932799,0.00001254,0.00001279,0.00001254,0.00001279,117811.00000000
1571932800,1571936399,0.00001262,0.00001262,0.00001257,0.00001257,8744.00000000
1571936400,1571939999,0.00001273,0.00001364,0.00001273,0.00001290,1113799.00000000
1571940000,1571943599,0.00001290,0.00001307,0.00001279,0.00001290,431551.00000000
1571943600,1571947199,0.00001290,0.00001290,0.00001290,0.00001290,0.00000000
1571947200,1571950799,0.00001290,0.00001290,0.00001290,0.00001290,0.00000000
1571950800,1571954399,0.00001296,0.00001296,0.00001295,0.00001295,3290.00000000
1571954400,1571957999,0.00001295,0.00001295,0.00001295,0.00001295,0.00000000
1571958000,1571961599,0.00001304,0.00001305,0.00001304,0.00001305,92794.00000000
1571961600,1571965199,0.00001307,0.00001311,0.00001307,0.00001311,16772.00000000
1571965200,1571968799,0.00001306,0.00001306,0.00001306,0.00001306,5994.00000000
1571968800,1571972399,0.00001302,0.00001302,0.00001287,0.00001287,41247.00000000
1571972400,1571975999,0.00001286,0.00001286,0.00001286,0.00001286,15866.00000000
1571976000,1571979599,0.00001282,0.00001302,0.00001273,0.00001302,54354.00000000
1571979600,1571983199,0.00001286,0.00001302,0.00001286,0.00001302,64361.00000000
1571983200,1571986799,0.00001303,0.00001338,0.00001291,0.00001291,1111342.00000000
1571986800,1571990399,0.00001305,0.00001305,0.00001286,0.00001286,21299.00000000
1571990400,1571993999,0.00001298,0.00001298,0.00001298,0.00001298,245.00000000
1571994000,1571997599,0.00001286,0.00001297,0.00001270,0.00001291,1142609.00000000
1571997600,1572001199,0.00001289,0.00001294,0.00001288,0.00001294,191633.00000000
1572001200,1572004799,0.00001292,0.00001292,0.00001281,0.00001281,8665.00000000
1572004800,1572008399,0.00001284,0.00001302,0.00001284,0.00001302,430097.00000000
1572008400,1572011999,0.00001302,0.00001302,0.00001302,0.00001302,0.00000000
1572012000,1572015599,0.00001302,0.00001302,0.00001302,0.00001302,0.00000000
1572015600,1572019199,0.00001302,0.00001332,0.00001302,0.00001304,566588.00000000
1572019200,1572022799,0.00001307,0.00001307,0.00001284,0.00001284,1075590.00000000
1572022800,1572026399,0.00001284,0.00001284,0.00001228,0.00001233,872705.00000000
1572026400,1572029999,0.00001234,0.00001234,0.00001234,0.00001234,8127.00000000
1572030000,1572033599,0.00001245,0.00001245,0.00001245,0.00001245,61547.00000000
1572033600,1572037199,0.00001245,0.00001245,0.00001221,0.00001229,685330.00000000
1572037200,1572040799,0.00001222,0.00001229,0.00001222,0.00001229,6279.00000000
1572040800,1572044399,0.00001229,0.00001240,0.00001222,0.00001240,115173.00000000
1572044400,1572047999,0.00001222,0.00001223,0.00001222,0.00001223,82513.00000000
1572048000,1572051599,0.00001223,0.00001242,0.00001223,0.00001242,270211.00000000
1572051600,1572055199,0.00001244,0.00001266,0.00001221,0.00001249,295396.00000000
1572055200,1572058799,0.00001243,0.00001243,0.00001221,0.00001230,219746.00000000
1572058800,1572062399,0.00001231,0.00001231,0.00001230,0.00001230,15873.00000000
1572062400,1572065999,0.00001231,0.00001241,0.00001231,0.00001241,1007973.00000000
1572066000,1572069599,0.00001241,0.00001241,0.00001241,0.00001241,49025.00000000
1572069600,1572073199,0.00001241,0.00001241,0.00001241,0.00001241,10000.00000000
1572073200,1572076799,0.00001241,0.00001241,0.00001241,0.00001241,0.00000000
1572076800,1572080399,0.00001241,0.00001251,0.00001241,0.00001251,133604.00000000
1572080400,1572083999,0.00001251,0.00001337,0.00001251,0.00001302,755606.00000000
1572084000,1572087599,0.00001299,0.00001299,0.00001296,0.00001296,20123.00000000
1572087600,1572091199,0.00001295,0.00001295,0.00001291,0.00001291,16608.00000000
1572091200,1572094799,0.00001291,0.00001291,0.00001291,0.00001291,0.00000000
1572094800,1572098399,0.00001291,0.00001291,0.00001291,0.00001291,0.00000000
1572098400,1572101999,0.00001291,0.00001291,0.00001291,0.00001291,6980.00000000
1572102000,1572105599,0.00001291,0.00001294,0.00001274,0.00001294,300943.00000000
1572105600,1572109199,0.00001294,0.00001304,0.00001294,0.00001302,440855.00000000
1572109200,1572112799,0.00001302,0.00001302,0.00001302,0.00001302,0.00000000
1572112800,1572116399,0.00001304,0.00001308,0.00001301,0.00001308,127914.00000000
1572116400,1572119999,0.00001307,0.00001307,0.00001307,0.00001307,250056.00000000
1572120000,1572123599,0.00001307,0.00001307,0.00001307,0.00001307,0.00000000
1572123600,1572127199,0.00001307,0.00001310,0.00001307,0.00001310,33333.00000000
1572127200,1572130799,0.00001310,0.00001310,0.00001310,0.00001310,0.00000000
1572130800,1572134399,0.00001310,0.00001310,0.00001310,0.00001310,0.00000000
1572134400,1572137999,0.00001310,0.00001310,0.00001310,0.00001310,35007.00000000
1572138000,1572141599,0.00001312,0.00001312,0.00001312,0.00001312,805.00000000
1572141600,1572145199,0.00001312,0.00001312,0.00001312,0.00001312,0.00000000
1572145200,1572148799,0.00001310,0.00001310,0.00001310,0.00001310,6222.00000000
1572148800,1572152399,0.00001311,0.00001311,0.00001311,0.00001311,35459.00000000
1572152400,1572155999,0.00001311,0.00001344,0.00001308,0.00001344,399348.00000000
1572156000,1572159599,0.00001331,0.00001331,0.00001326,0.00001326,239765.00000000
1572159600,1572163199,0.00001341,0.00001345,0.00001341,0.00001345,64813.00000000
1572163200,1572166799,0.00001345,0.00001345,0.00001310,0.00001340,344943.00000000
1572166800,1572170399,0.00001319,0.00001319,0.00001318,0.00001318,4203.00000000
1572170400,1572173999,0.00001311,0.00001311,0.00001307,0.00001310,206810.00000000
1572174000,1572177599,0.00001306,0.00001306,0.00001276,0.00001295,406415.00000000
1572177600,1572181199,0.00001295,0.00001295,0.00001295,0.00001295,0.00000000
1572181200,1572184799,0.00001295,0.00001295,0.00001291,0.00001291,12015.00000000
1572184800,1572188399,0.00001303,0.00001309,0.00001289,0.00001289,1829599.00000000
1572188400,1572191999,0.00001299,0.00001340,0.00001299,0.00001340,148425.00000000
1572192000,1572195599,0.00001321,0.00001340,0.00001304,0.00001305,337179.00000000
1572195600,1572199199,0.00001309,0.00001309,0.00001303,0.00001303,2677.00000000
1572199200,1572202799,0.00001322,0.00001322,0.00001301,0.00001305,137959.00000000
1572202800,1572206399,0.00001305,0.00001309,0.00001305,0.00001309,62296.00000000
1572206400,1572209999,0.00001306,0.00001306,0.00001306,0.00001306,4200.00000000
1572210000,1572213599,0.00001305,0.00001305,0.00001276,0.00001299,323156.00000000
1572213600,1572217199,0.00001296,0.00001309,0.00001283,0.00001299,566808.00000000
1572217200,1572220799,0.00001299,0.00001304,0.00001299,0.00001304,5479.00000000
1572220800,1572224399,0.00001304,0.00001323,0.00001304,0.00001316,646899.00000000
1572224400,1572227999,0.00001316,0.00001333,0.00001316,0.00001321,229853.00000000
1572228000,1572231599,0.00001333,0.00001338,0.00001333,0.00001338,112409.00000000
1572231600,1572235199,0.00001324,0.00001362,0.00001321,0.00001357,751340.00000000
1572235200,1572238799,0.00001356,0.00001365,0.00001341,0.00001348,558347.00000000
1572238800,1572242399,0.00001349,0.00001385,0.00001338,0.00001360,610910.00000000
1572242400,1572245999,0.00001361,0.00001361,0.00001336,0.00001336,118243.00000000
1572246000,1572249599,0.00001339,0.00001349,0.00001339,0.00001349,11798.00000000
1572249600,1572253199,0.00001349,0.00001349,0.00001349,0.00001349,0.00000000
1572253200,1572256799,0.00001354,0.00001354,0.00001350,0.00001350,62162.00000000
1572256800,1572260399,0.00001348,0.00001348,0.00001335,0.00001335,133735.00000000
1572260400,1572263999,0.00001341,0.00001341,0.00001330,0.00001330,38077.00000000
1572264000,1572267599,0.00001330,0.00001376,0.00001330,0.00001355,675270.00000000
1572267600,1572271199,0.00001352,0.00001352,0.00001347,0.00001347,53485.00000000
1572271200,1572274799,0.00001346,0.00001346,0.00001312,0.00001344,266539.00000000
1572274800,1572278399,0.00001343,0.00001344,0.00001343,0.00001344,5518.00000000
1572278400,1572281999,0.00001344,0.00001345,0.00001331,0.00001331,32181.00000000
1572282000,1572285599,0.00001335,0.00001335,0.00001335,0.00001335,751.00000000
1572285600,1572289199,0.00001335,0.00001335,0.00001335,0.00001335,0.00000000
1572289200,1572292799,0.00001326,0.00001339,0.00001319,0.00001319,511574.00000000
1572292800,1572296399,0.00001319,0.00001319,0.00001319,0.00001319,1774.00000000
1572296400,1572299999,0.00001319,0.00001319,0.00001319,0.00001319,0.00000000
1572300000,1572303599,0.00001327,0.00001338,0.00001327,0.00001338,191761.00000000
1572303600,1572307199,0.00001344,0.00001345,0.00001331,0.00001331,33961.00000000
1572307200,1572310799,0.00001336,0.00001336,0.00001336,0.00001336,4200.00000000
1572310800,1572314399,0.00001336,0.00001336,0.00001336,0.00001336,0.00000000
1572314400,1572317999,0.00001336,0.00001336,0.00001336,0.00001336,0.00000000
1572318000,1572321599,0.00001335,0.00001335,0.00001313,0.00001313,51849.00000000
1572321600,1572325199,0.00001318,0.00001323,0.00001304,0.00001311,132907.00000000
1572325200,1572328799,0.00001311,0.00001314,0.00001284,0.00001313,121340.00000000
1572328800,1572332399,0.00001314,0.00001320,0.00001314,0.00001320,161186.00000000
1572332400,1572335999,0.00001320,0.00001320,0.00001320,0.00001320,0.00000000
1572336000,1572339599,0.00001320,0.00001320,0.00001320,0.00001320,0.00000000
1572339600,1572343199,0.00001320,0.00001320,0.00001303,0.00001303,135838.00000000
1572343200,1572346799,0.00001291,0.00001291,0.00001285,0.00001285,11235.00000000
1572346800,1572350399,0.00001292,0.00001293,0.00001292,0.00001293,9451.00000000
1572350400,1572353999,0.00001294,0.00001311,0.00001281,0.00001281,627382.00000000
1572354000,1572357599,0.00001289,0.00001310,0.00001283,0.00001299,116122.00000000
1572357600,1572361199,0.00001292,0.00001292,0.00001292,0.00001292,35504.00000000
1572361200,1572364799,0.00001293,0.00001296,0.00001293,0.00001296,11733.00000000
1572364800,1572368399,0.00001295,0.00001299,0.00001295,0.00001299,69882.00000000
1572368400,1572371999,0.00001305,0.00001306,0.00001297,0.00001297,46754.00000000
1572372000,1572375599,0.00001297,0.00001297,0.00001297,0.00001297,5367.00000000
1572375600,1572379199,0.00001295,0.00001295,0.00001277,0.00001280,21084.00000000
1572379200,1572382799,0.00001273,0.00001274,0.00001251,0.00001274,416993.00000000
1572382800,1572386399,0.00001254,0.00001254,0.00001254,0.00001254,1090.00000000
1572386400,1572389999,0.00001270,0.00001334,0.00001241,0.00001245,545801.00000000
1572390000,1572393599,0.00001245,0.00001273,0.00001245,0.00001273,532237.00000000
1572393600,1572397199,0.00001261,0.00001266,0.00001251,0.00001251,220197.00000000
1572397200,1572400799,0.00001251,0.00001251,0.00001251,0.00001251,0.00000000
1572400800,1572404399,0.00001270,0.00001272,0.00001261,0.00001270,124540.00000000
1572404400,1572407999,0.00001274,0.00001276,0.00001270,0.00001270,130143.00000000
1572408000,1572411599,0.00001269,0.00001269,0.00001266,0.00001266,5200.00000000
1572411600,1572415199,0.00001266,0.00001269,0.00001260,0.00001260,90540.00000000
1572415200,1572418799,0.00001267,0.00001270,0.00001267,0.00001270,32118.00000000
1572418800,1572422399,0.00001274,0.00001279,0.00001270,0.00001270,45009.00000000
1572422400,1572425999,0.00001278,0.00001282,0.00001278,0.00001282,13000.00000000
1572426000,1572429599,0.00001282,0.00001284,0.00001282,0.00001284,26766.00000000
1572429600,1572433199,0.00001285,0.00001299,0.00001285,0.00001287,254729.00000000
1572433200,1572436799,0.00001287,0.00001287,0.00001287,0.00001287,0.00000000
1572436800,1572440399,0.00001294,0.00001294,0.00001287,0.00001292,52653.00000000
1572440400,1572443999,0.00001304,0.00001304,0.00001296,0.00001296,42976.00000000
1572444000,1572447599,0.00001304,0.00001304,0.00001304,0.00001304,285.00000000
1572447600,1572451199,0.00001302,0.00001302,0.00001302,0.00001302,8017.00000000
1572451200,1572454799,0.00001304,0.00001324,0.00001304,0.00001304,46285.00000000
1572454800,1572458399,0.00001303,0.00001303,0.00001303,0.00001303,6764.00000000
1572458400,1572461999,0.00001303,0.00001303,0.00001303,0.00001303,0.00000000
1572462000,1572465599,0.00001301,0.00001301,0.00001300,0.00001300,15294.00000000
1572465600,1572469199,0.00001301,0.00001301,0.00001301,0.00001301,1153.00000000
1572469200,1572472799,0.00001301,0.00001301,0.00001301,0.00001301,777.00000000
1572472800,1572476399,0.00001301,0.00001301,0.00001301,0.00001301,0.00000000
1572476400,1572479999,0.00001296,0.00001296,0.00001296,0.00001296,1039.00000000
1572480000,1572483599,0.00001296,0.00001296,0.00001294,0.00001294,33385.00000000
1572483600,1572487199,0.00001291,0.00001291,0.00001291,0.00001291,4100.00000000
1572487200,1572490799,0.00001291,0.00001291,0.00001291,0.00001291,3636.00000000
1572490800,1572494399,0.00001287,0.00001287,0.00001287,0.00001287,11877.00000000
1572494400,1572497999,0.00001287,0.00001287,0.00001287,0.00001287,0.00000000
1572498000,1572501599,0.00001287,0.00001287,0.00001287,0.00001287,0.00000000
1572501600,1572505199,0.00001287,0.00001291,0.00001287,0.00001291,151936.00000000
1572505200,1572508799,0.00001291,0.00001291,0.00001291,0.00001291,0.00000000
1572508800,1572512399,0.00001300,0.00001300,0.00001298,0.00001299,72493.00000000
1572512400,1572515999,0.00001298,0.00001298,0.00001298,0.00001298,5000.00000000
1572516000,1572519599,0.00001298,0.00001300,0.00001255,0.00001275,307088.00000000
1572519600,1572523199,0.00001280,0.00001289,0.00001280,0.00001289,1613231.00000000
1572523200,1572526799,0.00001273,0.00001273,0.00001265,0.00001265,47817.00000000
1572526800,1572530399,0.00001265,0.00001271,0.00001259,0.00001271,185705.00000000
1572530400,1572533999,0.00001274,0.00001274,0.00001274,0.00001274,275.00000000
1572534000,1572537599,0.00001274,0.00001293,0.00001274,0.00001293,86832.00000000
1572537600,1572541199,0.00001293,0.00001293,0.00001293,0.00001293,0.00000000
1572541200,1572544799,0.00001275,0.00001275,0.00001258,0.00001268,61261.00000000
1572544800,1572548399,0.00001268,0.00001268,0.00001268,0.00001268,19814.00000000
1572548400,1572551999,0.00001267,0.00001268,0.00001267,0.00001268,864.00000000
1572552000,1572555599,0.00001268,0.00001270,0.00001268,0.00001270,50011.00000000
1572555600,1572559199,0.00001270,0.00001270,0.00001270,0.00001270,0.00000000
1572559200,1572562799,0.00001270,0.00001270,0.00001270,0.00001270,0.00000000
1572562800,1572566399,0.00001270,0.00001270,0.00001260,0.00001260,98974.00000000
1572566400,1572569999,0.00001260,0.00001260,0.00001260,0.00001260,0.00000000
1572570000,1572573599,0.00001260,0.00001260,0.00001260,0.00001260,0.00000000
1572573600,1572577199,0.00001273,0.00001273,0.00001273,0.00001273,1200.00000000
1572577200,1572580799,0.00001273,0.00001273,0.00001273,0.00001273,0.00000000
1572580800,1572584399,0.00001273,0.00001273,0.00001273,0.00001273,0.00000000
1572584400,1572587999,0.00001273,0.00001273,0.00001273,0.00001273,0.00000000
1572588000,1572591599,0.00001272,0.00001272,0.00001272,0.00001272,25003.00000000
1572591600,1572595199,0.00001272,0.00001272,0.00001272,0.00001272,0.00000000
1572595200,1572598799,0.00001272,0.00001272,0.00001272,0.00001272,0.00000000
1572598800,1572602399,0.00001274,0.00001274,0.00001274,0.00001274,1205.00000000
1572602400,1572605999,0.00001274,0.00001274,0.00001260,0.00001260,22428.00000000
1572606000,1572609599,0.00001278,0.00001278,0.00001278,0.00001278,11841.00000000
1572609600,1572613199,0.00001279,0.00001279,0.00001279,0.00001279,8248.00000000
1572613200,1572616799,0.00001284,0.00001284,0.00001284,0.00001284,7593.00000000
1572616800,1572620399,0.00001286,0.00001286,0.00001286,0.00001286,8386.00000000
1572620400,1572623999,0.00001286,0.00001290,0.00001286,0.00001290,29738.00000000
1572624000,1572627599,0.00001294,0.00001294,0.00001286,0.00001294,32686.00000000
1572627600,1572631199,0.00001297,0.00001299,0.00001297,0.00001299,14011.00000000
1572631200,1572634799,0.00001286,0.00001298,0.00001276,0.00001276,45120.00000000
1572634800,1572638399,0.00001272,0.00001291,0.00001271,0.00001290,49264.00000000
1572638400,1572641999,0.00001274,0.00001274,0.00001274,0.00001274,4100.00000000
1572642000,1572645599,0.00001274,0.00001274,0.00001274,0.00001274,0.00000000
1572645600,1572649199,0.00001271,0.00001271,0.00001271,0.00001271,4400.00000000
1572649200,1572652799,0.00001267,0.00001267,0.00001264,0.00001264,6768.00000000
1572652800,1572656399,0.00001264,0.00001264,0.00001261,0.00001261,2601.00000000
1572656400,1572659999,0.00001268,0.00001268,0.00001266,0.00001266,65656.00000000
1572660000,1572663599,0.00001273,0.00001279,0.00001273,0.00001279,5600.00000000
1572663600,1572667199,0.00001266,0.00001284,0.00001266,0.00001284,64600.00000000
1572667200,1572670799,0.00001287,0.00001289,0.00001287,0.00001289,19352.00000000
1572670800,1572674399,0.00001289,0.00001289,0.00001289,0.00001289,0.00000000
1572674400,1572677999,0.00001289,0.00001289,0.00001289,0.00001289,0.00000000
1572678000,1572681599,0.00001289,0.00001289,0.00001286,0.00001288,9252.00000000
1572681600,1572685199,0.00001288,0.00001288,0.00001288,0.00001288,0.00000000
1572685200,1572688799,0.00001288,0.00001288,0.00001288,0.00001288,0.00000000
1572688800,1572692399,0.00001289,0.00001292,0.00001289,0.00001292,7253.00000000
1572692400,1572695999,0.00001292,0.00001299,0.00001292,0.00001293,47148.00000000
1572696000,1572699599,0.00001293,0.00001299,0.00001293,0.00001293,19522.00000000
1572699600,1572703199,0.00001291,0.00001291,0.00001282,0.00001282,211310.00000000
1572703200,1572706799,0.00001297,0.00001297,0.00001297,0.00001297,2542.00000000
1572706800,1572710399,0.00001297,0.00001299,0.00001297,0.00001299,1159.00000000
1572710400,1572713999,0.00001290,0.00001290,0.00001290,0.00001290,20677.00000000
1572714000,1572717599,0.00001290,0.00001290,0.00001290,0.00001290,4725.00000000
1572717600,1572721199,0.00001290,0.00001290,0.00001290,0.00001290,0.00000000
1572721200,1572724799,0.00001290,0.00001290,0.00001290,0.00001290,4725.00000000
1572724800,1572728399,0.00001290,0.00001290,0.00001290,0.00001290,99907.00000000
1572728400,1572731999,0.00001290,0.00001290,0.00001284,0.00001285,195788.00000000
1572732000,1572735599,0.00001285,0.00001285,0.00001285,0.00001285,0.00000000
1572735600,1572739199,0.00001285,0.00001285,0.00001285,0.00001285,0.00000000
1572739200,1572742799,0.00001285,0.00001285,0.00001285,0.00001285,0.00000000
1572742800,1572746399,0.00001285,0.00001285,0.00001285,0.00001285,0.00000000
1572746400,1572749999,0.00001285,0.00001285,0.00001285,0.00001285,4747.00000000
1572750000,1572753599,0.00001285,0.00001285,0.00001285,0.00001285,4213.00000000
1572753600,1572757199,0.00001286,0.00001286,0.00001281,0.00001281,10040.00000000
1572757200,1572760799,0.00001288,0.00001294,0.00001288,0.00001294,110758.00000000
1572760800,1572764399,0.00001294,0.00001294,0.00001294,0.00001294,0.00000000
1572764400,1572767999,0.00001294,0.00001294,0.00001294,0.00001294,0.00000000
1572768000,1572771599,0.00001294,0.00001294,0.00001294,0.00001294,29723.00000000
1572771600,1572775199,0.00001286,0.00001286,0.00001286,0.00001286,4400.00000000
1572775200,1572778799,0.00001281,0.00001281,0.00001272,0.00001272,120000.00000000
1572778800,1572782399,0.00001272,0.00001272,0.00001272,0.00001272,0.00000000
1572782400,1572785999,0.00001272,0.00001272,0.00001272,0.00001272,0.00000000
1572786000,1572789599,0.00001284,0.00001284,0.00001284,0.00001284,151341.00000000
1572789600,1572793199,0.00001284,0.00001284,0.00001284,0.00001284,0.00000000
1572793200,1572796799,0.00001285,0.00001299,0.00001285,0.00001299,78276.00000000
1572796800,1572800399,0.00001299,0.00001299,0.00001299,0.00001299,0.00000000
1572800400,1572803999,0.00001291,0.00001291,0.00001291,0.00001291,4400.00000000
1572804000,1572807599,0.00001286,0.00001286,0.00001275,0.00001275,71534.00000000
1572807600,1572811199,0.00001284,0.00001287,0.00001284,0.00001287,11107.00000000
1572811200,1572814799,0.00001293,0.00001293,0.00001271,0.00001271,33857.00000000
1572814800,1572818399,0.00001271,0.00001271,0.00001271,0.00001271,0.00000000
1572818400,1572821999,0.00001271,0.00001271,0.00001271,0.00001271,0.00000000
1572822000,1572825599,0.00001285,0.00001285,0.00001285,0.00001285,3300.00000000
1572825600,1572829199,0.00001289,0.00001289,0.00001289,0.00001289,1551.00000000
1572829200,1572832799,0.00001289,0.00001289,0.00001289,0.00001289,0.00000000
1572832800,1572836399,0.00001289,0.00001289,0.00001289,0.00001289,0.00000000
1572836400,1572839999,0.00001289,0.00001289,0.00001289,0.00001289,0.00000000
1572840000,1572843599,0.00001289,0.00001289,0.00001289,0.00001289,0.00000000
1572843600,1572847199,0.00001289,0.00001289,0.00001289,0.00001289,0.00000000
1572847200,1572850799,0.00001282,0.00001282,0.00001264,0.00001265,159061.00000000
1572850800,1572854399,0.00001270,0.00001270,0.00001270,0.00001270,15748.00000000
1572854400,1572857999,0.00001277,0.00001288,0.00001270,0.00001288,93586.00000000
1572858000,1572861599,0.00001288,0.00001319,0.00001288,0.00001307,613904.00000000
1572861600,1572865199,0.00001308,0.00001313,0.00001304,0.00001313,327742.00000000
1572865200,1572868799,0.00001306,0.00001310,0.00001301,0.00001301,726381.00000000
1572868800,1572872399,0.00001301,0.00001310,0.00001295,0.00001296,103545.00000000
1572872400,1572875999,0.00001294,0.00001294,0.00001276,0.00001281,56658.00000000
1572876000,1572879599,0.00001282,0.00001284,0.00001278,0.00001278,80419.00000000
1572879600,1572883199,0.00001278,0.00001304,0.00001278,0.00001304,53712.00000000
1572883200,1572886799,0.00001304,0.00001304,0.00001291,0.00001291,9879.00000000
1572886800,1572890399,0.00001286,0.00001286,0.00001278,0.00001278,12914.00000000
1572890400,1572893999,0.00001278,0.00001278,0.00001278,0.00001278,0.00000000
1572894000,1572897599,0.00001288,0.00001303,0.00001287,0.00001287,145703.00000000
1572897600,1572901199,0.00001290,0.00001293,0.00001281,0.00001281,65936.00000000
1572901200,1572904799,0.00001281,0.00001281,0.00001281,0.00001281,0.00000000
1572904800,1572908399,0.00001281,0.00001281,0.00001265,0.00001265,501891.00000000
1572908400,1572911999,0.00001265,0.00001265,0.00001265,0.00001265,1218.00000000
1572912000,1572915599,0.00001277,0.00001296,0.00001277,0.00001296,19500.00000000
1572915600,1572919199,0.00001296,0.00001296,0.00001296,0.00001296,0.00000000
1572919200,1572922799,0.00001296,0.00001296,0.00001296,0.00001296,0.00000000
1572922800,1572926399,0.00001276,0.00001276,0.00001274,0.00001274,40000.00000000
1572926400,1572929999,0.00001269,0.00001269,0.00001268,0.00001268,5036.00000000
1572930000,1572933599,0.00001262,0.00001264,0.00001260,0.00001264,89143.00000000
1572933600,1572937199,0.00001264,0.00001264,0.00001264,0.00001264,18276.00000000
1572937200,1572940799,0.00001264,0.00001299,0.00001264,0.00001299,445894.00000000
1572940800,1572944399,0.00001303,0.00001389,0.00001300,0.00001381,2856409.00000000
1572944400,1572947999,0.00001376,0.00001379,0.00001322,0.00001322,311991.00000000
1572948000,1572951599,0.00001322,0.00001322,0.00001308,0.00001312,419434.00000000
1572951600,1572955199,0.00001313,0.00001333,0.00001296,0.00001306,257568.00000000
1572955200,1572958799,0.00001318,0.00001328,0.00001318,0.00001328,213440.00000000
1572958800,1572962399,0.00001316,0.00001328,0.00001308,0.00001328,143394.00000000
1572962400,1572965999,0.00001329,0.00001345,0.00001329,0.00001345,63994.00000000
1572966000,1572969599,0.00001331,0.00001331,0.00001327,0.00001327,20306.00000000
1572969600,1572973199,0.00001326,0.00001339,0.00001311,0.00001339,120051.00000000
1572973200,1572976799,0.00001321,0.00001340,0.00001311,0.00001315,284220.00000000
1572976800,1572980399,0.00001331,0.00001334,0.00001324,0.00001324,44655.00000000
1572980400,1572983999,0.00001324,0.00001339,0.00001323,0.00001326,308190.00000000
1572984000,1572987599,0.00001326,0.00001326,0.00001321,0.00001321,1869.00000000
1572987600,1572991199,0.00001321,0.00001321,0.00001321,0.00001321,2992.00000000
1572991200,1572994799,0.00001320,0.00001344,0.00001320,0.00001331,202673.00000000
1572994800,1572998399,0.00001340,0.00001344,0.00001322,0.00001322,290091.00000000
1572998400,1573001999,0.00001322,0.00001322,0.00001322,0.00001322,0.00000000
1573002000,1573005599,0.00001322,0.00001322,0.00001322,0.00001322,0.00000000
1573005600,1573009199,0.00001339,0.00001339,0.00001339,0.00001339,4100.00000000
1573009200,1573012799,0.00001333,0.00001333,0.00001333,0.00001333,1128.00000000
1573012800,1573016399,0.00001333,0.00001333,0.00001333,0.00001333,277553.00000000
1573016400,1573019999,0.00001332,0.00001332,0.00001322,0.00001322,322287.00000000
1573020000,1573023599,0.00001341,0.00001350,0.00001294,0.00001294,1611892.00000000
1573023600,1573027199,0.00001293,0.00001304,0.00001288,0.00001304,29454.00000000
1573027200,1573030799,0.00001300,0.00001304,0.00001300,0.00001304,2696.00000000
1573030800,1573034399,0.00001304,0.00001304,0.00001304,0.00001304,0.00000000
1573034400,1573037999,0.00001308,0.00001311,0.00001308,0.00001311,65058.00000000
1573038000,1573041599,0.00001314,0.00001319,0.00001288,0.00001288,456857.00000000
1573041600,1573045199,0.00001289,0.00001289,0.00001288,0.00001288,17760.00000000
1573045200,1573048799,0.00001291,0.00001291,0.00001285,0.00001285,17760.00000000
1573048800,1573052399,0.00001285,0.00001291,0.00001237,0.00001288,879481.00000000
1573052400,1573055999,0.00001287,0.00001287,0.00001284,0.00001284,142547.00000000
1573056000,1573059599,0.00001285,0.00001295,0.00001285,0.00001295,125427.00000000
1573059600,1573063199,0.00001278,0.00001295,0.00001278,0.00001295,13360.00000000
1573063200,1573066799,0.00001295,0.00001295,0.00001295,0.00001295,0.00000000
1573066800,1573070399,0.00001295,0.00001295,0.00001295,0.00001295,0.00000000
1573070400,1573073999,0.00001295,0.00001295,0.00001295,0.00001295,0.00000000
1573074000,1573077599,0.00001294,0.00001336,0.00001294,0.00001316,1463255.00000000
1573077600,1573081199,0.00001311,0.00001324,0.00001308,0.00001316,96144.00000000
1573081200,1573084799,0.00001324,0.00001324,0.00001314,0.00001314,51292.00000000
1573084800,1573088399,0.00001311,0.00001334,0.00001297,0.00001334,71317.00000000
1573088400,1573091999,0.00001334,0.00001334,0.00001334,0.00001334,530.00000000
1573092000,1573095599,0.00001334,0.00001334,0.00001334,0.00001334,898.00000000
1573095600,1573099199,0.00001334,0.00001334,0.00001334,0.00001334,0.00000000
1573099200,1573102799,0.00001321,0.00001450,0.00001321,0.00001440,2941049.00000000
1573102800,1573106399,0.00001422,0.00001450,0.00001405,0.00001405,144218.00000000
1573106400,1573109999,0.00001405,0.00001416,0.00001396,0.00001396,94354.00000000
1573110000,1573113599,0.00001391,0.00001400,0.00001312,0.00001313,934755.00000000
1573113600,1573117199,0.00001346,0.00001370,0.00001346,0.00001370,87951.00000000
1573117200,1573120799,0.00001355,0.00001355,0.00001349,0.00001351,50280.00000000
1573120800,1573124399,0.00001351,0.00001351,0.00001351,0.00001351,0.00000000
1573124400,1573127999,0.00001348,0.00001348,0.00001348,0.00001348,484.00000000
1573128000,1573131599,0.00001330,0.00001330,0.00001329,0.00001329,27133.00000000
1573131600,1573135199,0.00001327,0.00001345,0.00001327,0.00001345,27029.00000000
1573135200,1573138799,0.00001345,0.00001345,0.00001343,0.00001345,62166.00000000
1573138800,1573142399,0.00001345,0.00001345,0.00001345,0.00001345,2558.00000000
1573142400,1573145999,0.00001343,0.00001362,0.00001327,0.00001362,1131268.00000000
1573146000,1573149599,0.00001362,0.00001362,0.00001345,0.00001345,46344.00000000
1573149600,1573153199,0.00001350,0.00001350,0.00001350,0.00001350,937.00000000
1573153200,1573156799,0.00001350,0.00001350,0.00001350,0.00001350,226.00000000
1573156800,1573160399,0.00001350,0.00001350,0.00001350,0.00001350,211.00000000
1573160400,1573163999,0.00001350,0.00001350,0.00001350,0.00001350,232.00000000
1573164000,1573167599,0.00001350,0.00001412,0.00001339,0.00001376,2757852.00000000
1573167600,1573171199,0.00001375,0.00001375,0.00001328,0.00001361,874826.00000000
1573171200,1573174799,0.00001340,0.00001340,0.00001340,0.00001340,2818.00000000
1573174800,1573178399,0.00001340,0.00001340,0.00001340,0.00001340,0.00000000
1573178400,1573181999,0.00001340,0.00001340,0.00001340,0.00001340,0.00000000
1573182000,1573185599,0.00001340,0.00001340,0.00001340,0.00001340,0.00000000
1573185600,1573189199,0.00001340,0.00001340,0.00001340,0.00001340,0.00000000
1573189200,1573192799,0.00001353,0.00001353,0.00001353,0.00001353,4459.00000000
1573192800,1573196399,0.00001349,0.00001350,0.00001346,0.00001346,16252.00000000
1573196400,1573199999,0.00001346,0.00001346,0.00001346,0.00001346,0.00000000
1573200000,1573203599,0.00001346,0.00001346,0.00001342,0.00001342,63344.00000000
1573203600,1573207199,0.00001330,0.00001331,0.00001323,0.00001323,249300.00000000
1573207200,1573210799,0.00001323,0.00001324,0.00001316,0.00001324,381486.00000000
1573210800,1573214399,0.00001324,0.00001324,0.00001324,0.00001324,21499.00000000
1573214400,1573217999,0.00001324,0.00001329,0.00001321,0.00001321,287717.00000000
1573218000,1573221599,0.00001314,0.00001329,0.00001297,0.00001297,394314.00000000
1573221600,1573225199,0.00001297,0.00001297,0.00001291,0.00001291,42287.00000000
1573225200,1573228799,0.00001291,0.00001294,0.00001291,0.00001294,2688.00000000
1573228800,1573232399,0.00001290,0.00001290,0.00001286,0.00001286,12257.00000000
1573232400,1573235999,0.00001288,0.00001288,0.00001288,0.00001288,855.00000000
1573236000,1573239599,0.00001286,0.00001286,0.00001280,0.00001280,24730.00000000
1573239600,1573243199,0.00001280,0.00001280,0.00001280,0.00001280,40000.00000000
1573243200,1573246799,0.00001280,0.00001280,0.00001280,0.00001280,0.00000000
1573246800,1573250399,0.00001280,0.00001280,0.00001280,0.00001280,0.00000000
1573250400,1573253999,0.00001289,0.00001298,0.00001289,0.00001298,134037.00000000
1573254000,1573257599,0.00001295,0.00001298,0.00001255,0.00001261,652233.00000000
1573257600,1573261199,0.00001261,0.00001285,0.00001258,0.00001285,89870.00000000
1573261200,1573264799,0.00001285,0.00001285,0.00001285,0.00001285,0.00000000
1573264800,1573268399,0.00001284,0.00001284,0.00001254,0.00001254,9557.00000000
1573268400,1573271999,0.00001272,0.00001280,0.00001253,0.00001280,367336.00000000
1573272000,1573275599,0.00001280,0.00001280,0.00001280,0.00001280,0.00000000
1573275600,1573279199,0.00001260,0.00001291,0.00001255,0.00001291,54820.00000000
1573279200,1573282799,0.00001288,0.00001298,0.00001287,0.00001298,258581.00000000
1573282800,1573286399,0.00001298,0.00001298,0.00001298,0.00001298,154325.00000000
1573286400,1573289999,0.00001285,0.00001380,0.00001274,0.00001343,1739034.00000000
1573290000,1573293599,0.00001343,0.00001344,0.00001334,0.00001334,761775.00000000
1573293600,1573297199,0.00001331,0.00001344,0.00001331,0.00001344,341740.00000000
1573297200,1573300799,0.00001331,0.00001331,0.00001326,0.00001326,8800.00000000
1573300800,1573304399,0.00001327,0.00001327,0.00001306,0.00001306,536020.00000000
1573304400,1573307999,0.00001309,0.00001324,0.00001306,0.00001306,39679.00000000
1573308000,1573311599,0.00001319,0.00001331,0.00001319,0.00001331,340494.00000000
1573311600,1573315199,0.00001320,0.00001320,0.00001320,0.00001320,1000.00000000
1573315200,1573318799,0.00001320,0.00001325,0.00001311,0.00001311,8689.00000000
1573318800,1573322399,0.00001311,0.00001311,0.00001311,0.00001311,0.00000000
1573322400,1573325999,0.00001311,0.00001311,0.00001311,0.00001311,8418.00000000
1573326000,1573329599,0.00001306,0.00001306,0.00001303,0.00001303,15984.00000000
1573329600,1573333199,0.00001303,0.00001303,0.00001302,0.00001302,5072.00000000
1573333200,1573336799,0.00001302,0.00001302,0.00001302,0.00001302,5216.00000000
1573336800,1573340399,0.00001308,0.00001310,0.00001306,0.00001306,24755.00000000
1573340400,1573343999,0.00001302,0.00001302,0.00001301,0.00001301,4359.00000000
1573344000,1573347599,0.00001309,0.00001317,0.00001309,0.00001317,371792.00000000
1573347600,1573351199,0.00001312,0.00001312,0.00001312,0.00001312,127816.00000000
1573351200,1573354799,0.00001317,0.00001317,0.00001317,0.00001317,3300.00000000
1573354800,1573358399,0.00001311,0.00001311,0.00001291,0.00001311,151953.00000000
1573358400,1573361999,0.00001314,0.00001323,0.00001314,0.00001323,118775.00000000
1573362000,1573365599,0.00001311,0.00001311,0.00001306,0.00001306,13399.00000000
1573365600,1573369199,0.00001306,0.00001306,0.00001306,0.00001306,0.00000000
1573369200,1573372799,0.00001306,0.00001306,0.00001306,0.00001306,0.00000000
1573372800,1573376399,0.00001301,0.00001301,0.00001264,0.00001265,638283.00000000
1573376400,1573379999,0.00001265,0.00001284,0.00001264,0.00001269,169856.00000000
1573380000,1573383599,0.00001262,0.00001279,0.00001233,0.00001279,514163.00000000
1573383600,1573387199,0.00001278,0.00001278,0.00001276,0.00001277,32417.00000000
1573387200,1573390799,0.00001279,0.00001289,0.00001272,0.00001273,44998.00000000
1573390800,1573394399,0.00001289,0.00001289,0.00001271,0.00001271,9261.00000000
1573394400,1573397999,0.00001285,0.00001285,0.00001285,0.00001285,255.00000000
1573398000,1573401599,0.00001285,0.00001285,0.00001270,0.00001270,17983.00000000
1573401600,1573405199,0.00001278,0.00001287,0.00001242,0.00001248,309838.00000000
1573405200,1573408799,0.00001263,0.00001266,0.00001263,0.00001266,15510.00000000
1573408800,1573412399,0.00001266,0.00001266,0.00001266,0.00001266,0.00000000
1573412400,1573415999,0.00001256,0.00001275,0.00001222,0.00001274,299981.00000000
1573416000,1573419599,0.00001255,0.00001263,0.00001244,0.00001263,34184.00000000
1573419600,1573423199,0.00001264,0.00001282,0.00001264,0.00001279,202855.00000000
1573423200,1573426799,0.00001259,0.00001291,0.00001251,0.00001286,178655.00000000
1573426800,1573430399,0.00001290,0.00001300,0.00001281,0.00001300,329781.00000000
1573430400,1573433999,0.00001300,0.00001327,0.00001280,0.00001299,308869.00000000
1573434000,1573437599,0.00001299,0.00001299,0.00001299,0.00001299,0.00000000
1573437600,1573441199,0.00001287,0.00001362,0.00001275,0.00001292,2033541.00000000
1573441200,1573444799,0.00001292,0.00001299,0.00001267,0.00001299,339620.00000000
1573444800,1573448399,0.00001299,0.00001299,0.00001299,0.00001299,0.00000000
1573448400,1573451999,0.00001279,0.00001294,0.00001276,0.00001294,33988.00000000
1573452000,1573455599,0.00001293,0.00001293,0.00001271,0.00001271,11919.00000000
1573455600,1573459199,0.00001284,0.00001288,0.00001284,0.00001287,31388.00000000
1573459200,1573462799,0.00001280,0.00001287,0.00001258,0.00001287,133474.00000000
1573462800,1573466399,0.00001271,0.00001271,0.00001256,0.00001256,189175.00000000
1573466400,1573469999,0.00001268,0.00001268,0.00001256,0.00001256,4918.00000000
1573470000,1573473599,0.00001255,0.00001255,0.00001255,0.00001255,2100.00000000
1573473600,1573477199,0.00001265,0.00001285,0.00001257,0.00001282,126371.00000000
1573477200,1573480799,0.00001283,0.00001283,0.00001283,0.00001283,515.00000000
1573480800,1573484399,0.00001283,0.00001283,0.00001283,0.00001283,0.00000000
1573484400,1573487999,0.00001283,0.00001283,0.00001283,0.00001283,0.00000000
1573488000,1573491599,0.00001276,0.00001278,0.00001263,0.00001278,139230.00000000
1573491600,1573495199,0.00001278,0.00001278,0.00001278,0.00001278,0.00000000
1573495200,1573498799,0.00001278,0.00001279,0.00001278,0.00001278,6200.00000000
1573498800,1573502399,0.00001276,0.00001276,0.00001271,0.00001271,9523.00000000
1573502400,1573505999,0.00001271,0.00001271,0.00001221,0.00001269,1474131.00000000
1573506000,1573509599,0.00001269,0.00001269,0.00001269,0.00001269,0.00000000
1573509600,1573513199,0.00001269,0.00001269,0.00001269,0.00001269,0.00000000
1573513200,1573516799,0.00001272,0.00001280,0.00001271,0.00001280,68870.00000000
1573516800,1573520399,0.00001280,0.00001280,0.00001280,0.00001280,1562.00000000
1573520400,1573523999,0.00001280,0.00001280,0.00001280,0.00001280,245.00000000
1573524000,1573527599,0.00001280,0.00001280,0.00001280,0.00001280,0.00000000
1573527600,1573531199,0.00001280,0.00001280,0.00001280,0.00001280,0.00000000
1573531200,1573534799,0.00001280,0.00001280,0.00001280,0.00001280,0.00000000
1573534800,1573538399,0.00001280,0.00001280,0.00001280,0.00001280,0.00000000
1573538400,1573541999,0.00001280,0.00001280,0.00001280,0.00001280,0.00000000
1573542000,1573545599,0.00001278,0.00001278,0.00001276,0.00001276,10585.00000000
1573545600,1573549199,0.00001276,0.00001276,0.00001261,0.00001264,122867.00000000
1573549200,1573552799,0.00001264,0.00001264,0.00001264,0.00001264,0.00000000
1573552800,1573556399,0.00001264,0.00001273,0.00001264,0.00001273,23407.00000000
1573556400,1573559999,0.00001273,0.00001274,0.00001273,0.00001274,9462.00000000
1573560000,1573563599,0.00001274,0.00001279,0.00001261,0.00001261,112100.00000000
1573563600,1573567199,0.00001268,0.00001275,0.00001268,0.00001275,20000.00000000
1573567200,1573570799,0.00001275,0.00001275,0.00001275,0.00001275,0.00000000
1573570800,1573574399,0.00001275,0.00001275,0.00001275,0.00001275,0.00000000
1573574400,1573577999,0.00001275,0.00001275,0.00001275,0.00001275,0.00000000
1573578000,1573581599,0.00001262,0.00001263,0.00001257,0.00001263,39320.00000000
1573581600,1573585199,0.00001263,0.00001263,0.00001263,0.00001263,0.00000000
1573585200,1573588799,0.00001264,0.00001275,0.00001264,0.00001264,75888.00000000
1573588800,1573592399,0.00001265,0.00001275,0.00001265,0.00001275,23000.00000000
1573592400,1573595999,0.00001275,0.00001275,0.00001275,0.00001275,0.00000000
1573596000,1573599599,0.00001275,0.00001275,0.00001275,0.00001275,0.00000000
1573599600,1573603199,0.00001275,0.00001275,0.00001275,0.00001275,0.00000000
1573603200,1573606799,0.00001274,0.00001289,0.00001271,0.00001272,189982.00000000
1573606800,1573610399,0.00001272,0.00001272,0.00001272,0.00001272,0.00000000
1573617600,1573621199,0.00001272,0.00001272,0.00001272,0.00001272,0.00000000
1573621200,1573624799,0.00001272,0.00001272,0.00001272,0.00001272,0.00000000
1573624800,1573628399,0.00001278,0.00001284,0.00001278,0.00001284,77213.00000000
1573628400,1573631999,0.00001270,0.00001270,0.00001270,0.00001270,19285.00000000
1573632000,1573635599,0.00001270,0.00001270,0.00001267,0.00001268,57866.00000000
1573635600,1573639199,0.00001266,0.00001269,0.00001257,0.00001257,141970.00000000
1573639200,1573642799,0.00001269,0.00001269,0.00001269,0.00001269,8051.00000000
1573642800,1573646399,0.00001269,0.00001269,0.00001269,0.00001269,0.00000000
1573646400,1573649999,0.00001267,0.00001267,0.00001266,0.00001267,49392.00000000
1573650000,1573653599,0.00001265,0.00001265,0.00001264,0.00001264,50330.00000000
1573653600,1573657199,0.00001264,0.00001264,0.00001264,0.00001264,4536.00000000
1573657200,1573660799,0.00001268,0.00001292,0.00001268,0.00001286,136719.00000000
1573660800,1573664399,0.00001289,0.00001289,0.00001254,0.00001284,285879.00000000
1573664400,1573667999,0.00001282,0.00001282,0.00001251,0.00001251,741189.00000000
1573668000,1573671599,0.00001263,0.00001264,0.00001242,0.00001252,597968.00000000
1573671600,1573675199,0.00001253,0.00001274,0.00001253,0.00001274,42457.00000000
1573675200,1573678799,0.00001274,0.00001274,0.00001256,0.00001274,8700.00000000
1573678800,1573682399,0.00001274,0.00001281,0.00001256,0.00001261,238395.00000000
1573682400,1573685999,0.00001261,0.00001261,0.00001261,0.00001261,0.00000000
1573686000,1573689599,0.00001257,0.00001257,0.00001251,0.00001251,5028.00000000
1573689600,1573693199,0.00001258,0.00001259,0.00001258,0.00001259,8000.00000000
1573693200,1573696799,0.00001259,0.00001261,0.00001259,0.00001261,9061.00000000
1573696800,1573700399,0.00001261,0.00001261,0.00001261,0.00001261,0.00000000
1573700400,1573703999,0.00001261,0.00001261,0.00001261,0.00001261,0.00000000
1573704000,1573707599,0.00001261,0.00001279,0.00001261,0.00001279,79489.00000000
1573707600,1573711199,0.00001266,0.00001281,0.00001256,0.00001256,343189.00000000
1573711200,1573714799,0.00001256,0.00001256,0.00001256,0.00001256,0.00000000
1573714800,1573718399,0.00001256,0.00001256,0.00001256,0.00001256,0.00000000
1573718400,1573721999,0.00001256,0.00001256,0.00001256,0.00001256,14819.00000000
1573722000,1573725599,0.00001256,0.00001256,0.00001256,0.00001256,0.00000000
1573725600,1573729199,0.00001251,0.00001251,0.00001246,0.00001246,60336.00000000
1573729200,1573732799,0.00001246,0.00001246,0.00001245,0.00001245,53200.00000000
1573732800,1573736399,0.00001241,0.00001241,0.00001237,0.00001240,166766.00000000
1573736400,1573739999,0.00001240,0.00001255,0.00001220,0.00001232,532802.00000000
1573740000,1573743599,0.00001231,0.00001258,0.00001222,0.00001222,120620.00000000
1573743600,1573747199,0.00001228,0.00001254,0.00001228,0.00001254,38699.00000000
1573747200,1573750799,0.00001254,0.00001268,0.00001239,0.00001244,626645.00000000
1573750800,1573754399,0.00001244,0.00001251,0.00001244,0.00001251,106556.00000000
1573754400,1573757999,0.00001251,0.00001253,0.00001251,0.00001253,92188.00000000
1573758000,1573761599,0.00001253,0.00001254,0.00001253,0.00001254,32452.00000000
1573761600,1573765199,0.00001253,0.00001253,0.00001253,0.00001253,6853.00000000
1573765200,1573768799,0.00001253,0.00001253,0.00001253,0.00001253,877.00000000
1573768800,1573772399,0.00001253,0.00001253,0.00001253,0.00001253,11496.00000000
1573772400,1573775999,0.00001253,0.00001253,0.00001246,0.00001246,3835.00000000
1573776000,1573779599,0.00001257,0.00001281,0.00001248,0.00001262,682631.00000000
1573779600,1573783199,0.00001262,0.00001262,0.00001262,0.00001262,874.00000000
1573783200,1573786799,0.00001262,0.00001262,0.00001262,0.00001262,0.00000000
1573786800,1573790399,0.00001249,0.00001253,0.00001249,0.00001253,145191.00000000
1573790400,1573793999,0.00001253,0.00001262,0.00001253,0.00001262,142908.00000000
1573794000,1573797599,0.00001261,0.00001261,0.00001261,0.00001261,5579.00000000
1573797600,1573801199,0.00001261,0.00001262,0.00001214,0.00001234,1014862.00000000
1573801200,1573804799,0.00001241,0.00001283,0.00001241,0.00001283,1086776.00000000
1573804800,1573808399,0.00001281,0.00001281,0.00001271,0.00001271,13200.00000000
1573808400,1573811999,0.00001271,0.00001276,0.00001271,0.00001276,88532.00000000
1573812000,1573815599,0.00001276,0.00001276,0.00001276,0.00001276,0.00000000
1573815600,1573819199,0.00001276,0.00001276,0.00001276,0.00001276,0.00000000
1573819200,1573822799,0.00001275,0.00001284,0.00001270,0.00001284,58505.00000000
1573822800,1573826399,0.00001276,0.00001283,0.00001272,0.00001283,25705.00000000
1573826400,1573829999,0.00001283,0.00001287,0.00001271,0.00001272,438682.00000000
1573830000,1573833599,0.00001272,0.00001272,0.00001272,0.00001272,0.00000000
1573833600,1573837199,0.00001289,0.00001291,0.00001289,0.00001291,41765.00000000
1573837200,1573840799,0.00001292,0.00001292,0.00001292,0.00001292,813.00000000
1573840800,1573844399,0.00001292,0.00001298,0.00001292,0.00001298,154798.00000000
1573844400,1573847999,0.00001287,0.00001298,0.00001282,0.00001298,127322.00000000
1573848000,1573851599,0.00001298,0.00001298,0.00001298,0.00001298,3000.00000000
1573851600,1573855199,0.00001286,0.00001286,0.00001286,0.00001286,4400.00000000
1573855200,1573858799,0.00001297,0.00001300,0.00001297,0.00001300,199038.00000000
1573858800,1573862399,0.00001302,0.00001335,0.00001302,0.00001335,1032010.00000000
1573862400,1573865999,0.00001335,0.00001335,0.00001335,0.00001335,0.00000000
1573866000,1573869599,0.00001334,0.00001350,0.00001307,0.00001336,161097.00000000
1573869600,1573873199,0.00001336,0.00001336,0.00001332,0.00001332,3952.00000000
1573873200,1573876799,0.00001332,0.00001350,0.00001332,0.00001350,53268.00000000
1573876800,1573880399,0.00001336,0.00001336,0.00001331,0.00001331,6754.00000000
1573880400,1573883999,0.00001331,0.00001352,0.00001321,0.00001323,69108.00000000
1573884000,1573887599,0.00001351,0.00001352,0.00001311,0.00001352,119719.00000000
1573887600,1573891199,0.00001331,0.00001331,0.00001326,0.00001326,37175.00000000
1573891200,1573894799,0.00001326,0.00001326,0.00001326,0.00001326,234689.00000000
1573894800,1573898399,0.00001326,0.00001326,0.00001326,0.00001326,0.00000000
1573898400,1573901999,0.00001332,0.00001380,0.00001332,0.00001379,1644615.00000000
1573902000,1573905599,0.00001379,0.00001379,0.00001351,0.00001352,624877.00000000
1573905600,1573909199,0.00001359,0.00001374,0.00001347,0.00001374,41529.00000000
1573909200,1573912799,0.00001370,0.00001370,0.00001370,0.00001370,15446.00000000
1573912800,1573916399,0.00001350,0.00001350,0.00001319,0.00001340,455915.00000000
1573916400,1573919999,0.00001340,0.00001354,0.00001318,0.00001346,526430.00000000
1573920000,1573923599,0.00001352,0.00001352,0.00001352,0.00001352,1248.00000000
1573923600,1573927199,0.00001350,0.00001350,0.00001350,0.00001350,750.00000000
1573927200,1573930799,0.00001348,0.00001353,0.00001332,0.00001342,1936576.00000000
1573930800,1573934399,0.00001349,0.00001352,0.00001344,0.00001344,121016.00000000
1573934400,1573937999,0.00001342,0.00001344,0.00001342,0.00001344,55847.00000000
1573938000,1573941599,0.00001346,0.00001357,0.00001345,0.00001357,863916.00000000
1573941600,1573945199,0.00001359,0.00001360,0.00001359,0.00001360,56041.00000000
1573945200,1573948799,0.00001360,0.00001413,0.00001360,0.00001413,1303054.00000000
1573948800,1573952399,0.00001413,0.00001413,0.00001413,0.00001413,0.00000000
1573952400,1573955999,0.00001412,0.00001413,0.00001401,0.00001401,15431.00000000
1573956000,1573959599,0.00001413,0.00001425,0.00001413,0.00001425,286086.00000000
1573959600,1573963199,0.00001429,0.00001463,0.00001415,0.00001436,646128.00000000
1573963200,1573966799,0.00001436,0.00001440,0.00001436,0.00001440,96460.00000000
1573966800,1573970399,0.00001431,0.00001440,0.00001431,0.00001440,65898.00000000
1573970400,1573973999,0.00001431,0.00001431,0.00001431,0.00001431,25460.00000000
1573974000,1573977599,0.00001438,0.00001463,0.00001427,0.00001427,1036827.00000000
1573977600,1573981199,0.00001426,0.00001434,0.00001422,0.00001426,303790.00000000
1573981200,1573984799,0.00001425,0.00001425,0.00001393,0.00001404,1603292.00000000
1573984800,1573988399,0.00001400,0.00001405,0.00001390,0.00001404,561705.00000000
1573988400,1573991999,0.00001404,0.00001404,0.00001404,0.00001404,253.00000000
1573992000,1573995599,0.00001404,0.00001404,0.00001404,0.00001404,45701.00000000
1573995600,1573999199,0.00001404,0.00001404,0.00001404,0.00001404,4926.00000000
1573999200,1574002799,0.00001406,0.00001438,0.00001406,0.00001422,716328.00000000
1574002800,1574006399,0.00001424,0.00001426,0.00001424,0.00001426,37130.00000000
1574006400,1574009999,0.00001412,0.00001412,0.00001352,0.00001409,1117034.00000000
1574010000,1574013599,0.00001409,0.00001409,0.00001369,0.00001382,252362.00000000
1574013600,1574017199,0.00001382,0.00001382,0.00001382,0.00001382,0.00000000
1574017200,1574020799,0.00001383,0.00001383,0.00001369,0.00001369,63249.00000000
1574020800,1574024399,0.00001380,0.00001384,0.00001365,0.00001365,94861.00000000
1574024400,1574027999,0.00001376,0.00001385,0.00001366,0.00001366,94567.00000000
1574028000,1574031599,0.00001366,0.00001366,0.00001364,0.00001364,6841.00000000
1574031600,1574035199,0.00001364,0.00001380,0.00001363,0.00001380,384813.00000000
1574035200,1574038799,0.00001381,0.00001381,0.00001381,0.00001381,1528.00000000
1574038800,1574042399,0.00001381,0.00001381,0.00001381,0.00001381,0.00000000
1574042400,1574045999,0.00001381,0.00001381,0.00001381,0.00001381,0.00000000
1574046000,1574049599,0.00001370,0.00001370,0.00001322,0.00001322,333599.00000000
1574049600,1574053199,0.00001352,0.00001364,0.00001340,0.00001364,34097.00000000
1574053200,1574056799,0.00001364,0.00001364,0.00001351,0.00001351,4214.00000000
1574056800,1574060399,0.00001351,0.00001351,0.00001351,0.00001351,5628.00000000
1574060400,1574063999,0.00001346,0.00001367,0.00001341,0.00001367,83619.00000000
1574064000,1574067599,0.00001346,0.00001346,0.00001346,0.00001346,5157.00000000
1574067600,1574071199,0.00001362,0.00001362,0.00001339,0.00001339,65061.00000000
1574071200,1574074799,0.00001340,0.00001340,0.00001324,0.00001324,101743.00000000
1574074800,1574078399,0.00001343,0.00001351,0.00001315,0.00001315,129142.00000000
1574078400,1574081999,0.00001330,0.00001342,0.00001316,0.00001342,443076.00000000
1574082000,1574085599,0.00001342,0.00001342,0.00001342,0.00001342,0.00000000
1574085600,1574089199,0.00001322,0.00001339,0.00001322,0.00001339,51315.00000000
1574089200,1574092799,0.00001326,0.00001358,0.00001326,0.00001358,108740.00000000
1574092800,1574096399,0.00001341,0.00001343,0.00001341,0.00001341,49529.00000000
1574096400,1574099999,0.00001327,0.00001339,0.00001322,0.00001339,731604.00000000
1574100000,1574103599,0.00001326,0.00001326,0.00001315,0.00001319,162242.00000000
1574103600,1574107199,0.00001319,0.00001319,0.00001319,0.00001319,0.00000000
1574107200,1574110799,0.00001324,0.00001334,0.00001324,0.00001324,147325.00000000
1574110800,1574114399,0.00001324,0.00001324,0.00001324,0.00001324,0.00000000
1574114400,1574117999,0.00001324,0.00001324,0.00001324,0.00001324,0.00000000
1574118000,1574121599,0.00001324,0.00001324,0.00001315,0.00001315,55620.00000000
1574121600,1574125199,0.00001315,0.00001315,0.00001315,0.00001315,0.00000000
1574125200,1574128799,0.00001314,0.00001314,0.00001313,0.00001313,34470.00000000
1574128800,1574132399,0.00001314,0.00001328,0.00001302,0.00001328,1116617.00000000
1574132400,1574135999,0.00001328,0.00001328,0.00001328,0.00001328,0.00000000
1574136000,1574139599,0.00001328,0.00001328,0.00001328,0.00001328,0.00000000
1574139600,1574143199,0.00001328,0.00001328,0.00001328,0.00001328,0.00000000
1574143200,1574146799,0.00001328,0.00001328,0.00001311,0.00001311,20636.00000000
1574146800,1574150399,0.00001315,0.00001316,0.00001315,0.00001316,1687.00000000
1574150400,1574153999,0.00001311,0.00001311,0.00001293,0.00001293,103418.00000000
1574154000,1574157599,0.00001312,0.00001319,0.00001294,0.00001294,84015.00000000
1574157600,1574161199,0.00001293,0.00001309,0.00001287,0.00001291,397130.00000000
1574161200,1574164799,0.00001290,0.00001309,0.00001290,0.00001309,378945.00000000
1574164800,1574168399,0.00001309,0.00001309,0.00001309,0.00001309,70212.00000000
1574168400,1574171999,0.00001294,0.00001311,0.00001294,0.00001311,161558.00000000
1574172000,1574175599,0.00001311,0.00001311,0.00001311,0.00001311,0.00000000
1574175600,1574179199,0.00001310,0.00001315,0.00001300,0.00001300,215183.00000000
1574179200,1574182799,0.00001300,0.00001300,0.00001300,0.00001300,0.00000000
1574182800,1574186399,0.00001300,0.00001314,0.00001298,0.00001314,66675.00000000
1574186400,1574189999,0.00001314,0.00001314,0.00001297,0.00001314,114955.00000000
1574190000,1574193599,0.00001314,0.00001314,0.00001314,0.00001314,773.00000000
1574193600,1574197199,0.00001314,0.00001314,0.00001314,0.00001314,0.00000000
1574197200,1574200799,0.00001314,0.00001314,0.00001301,0.00001301,1380.00000000
1574200800,1574204399,0.00001301,0.00001301,0.00001301,0.00001301,0.00000000
1574204400,1574207999,0.00001301,0.00001301,0.00001301,0.00001301,0.00000000
1574208000,1574211599,0.00001301,0.00001301,0.00001301,0.00001301,3012.00000000
1574211600,1574215199,0.00001301,0.00001301,0.00001301,0.00001301,13824.00000000
1574215200,1574218799,0.00001301,0.00001301,0.00001301,0.00001301,0.00000000
1574218800,1574222399,0.00001301,0.00001301,0.00001301,0.00001301,31434.00000000
1574222400,1574225999,0.00001301,0.00001301,0.00001301,0.00001301,1053.00000000
1574226000,1574229599,0.00001301,0.00001301,0.00001301,0.00001301,20892.00000000
1574229600,1574233199,0.00001301,0.00001301,0.00001301,0.00001301,0.00000000
1574233200,1574236799,0.00001301,0.00001301,0.00001296,0.00001296,351827.00000000
1574236800,1574240399,0.00001296,0.00001296,0.00001296,0.00001296,0.00000000
1574240400,1574243999,0.00001299,0.00001300,0.00001298,0.00001298,9164.00000000
1574244000,1574247599,0.00001295,0.00001296,0.00001292,0.00001292,597663.00000000
1574247600,1574251199,0.00001292,0.00001292,0.00001292,0.00001292,0.00000000
1574251200,1574254799,0.00001292,0.00001292,0.00001292,0.00001292,0.00000000
1574254800,1574258399,0.00001292,0.00001292,0.00001292,0.00001292,0.00000000
1574258400,1574261999,0.00001292,0.00001292,0.00001291,0.00001291,75753.00000000
1574262000,1574265599,0.00001291,0.00001291,0.00001291,0.00001291,0.00000000
1574265600,1574269199,0.00001291,0.00001291,0.00001291,0.00001291,0.00000000
1574269200,1574272799,0.00001291,0.00001291,0.00001291,0.00001291,0.00000000
1574272800,1574276399,0.00001299,0.00001299,0.00001299,0.00001299,43850.00000000
1574276400,1574279999,0.00001309,0.00001309,0.00001292,0.00001292,11277.00000000
1574280000,1574283599,0.00001292,0.00001299,0.00001292,0.00001298,49066.00000000
1574283600,1574287199,0.00001294,0.00001294,0.00001294,0.00001294,6661.00000000
1574287200,1574290799,0.00001294,0.00001294,0.00001294,0.00001294,0.00000000
1574290800,1574294399,0.00001294,0.00001294,0.00001294,0.00001294,0.00000000
1574294400,1574297999,0.00001294,0.00001294,0.00001294,0.00001294,0.00000000
1574298000,1574301599,0.00001294,0.00001294,0.00001294,0.00001294,0.00000000
1574301600,1574305199,0.00001294,0.00001294,0.00001294,0.00001294,0.00000000
1574305200,1574308799,0.00001294,0.00001294,0.00001294,0.00001294,0.00000000
1574308800,1574312399,0.00001294,0.00001294,0.00001294,0.00001294,0.00000000
1574312400,1574315999,0.00001294,0.00001294,0.00001294,0.00001294,0.00000000
1574316000,1574319599,0.00001301,0.00001301,0.00001301,0.00001301,43172.00000000
1574319600,1574323199,0.00001298,0.00001298,0.00001298,0.00001298,40581.00000000
1574323200,1574326799,0.00001298,0.00001325,0.00001290,0.00001290,304135.00000000
1574326800,1574330399,0.00001288,0.00001294,0.00001272,0.00001294,474883.00000000
1574330400,1574333999,0.00001274,0.00001274,0.00001260,0.00001269,148860.00000000
1574334000,1574337599,0.00001269,0.00001364,0.00001259,0.00001260,1000780.00000000
1574337600,1574341199,0.00001304,0.00001337,0.00001276,0.00001307,281695.00000000
1574341200,1574344799,0.00001307,0.00001307,0.00001307,0.00001307,0.00000000
1574344800,1574348399,0.00001309,0.00001412,0.00001309,0.00001325,1564108.00000000
1574348400,1574351999,0.00001317,0.00001413,0.00001306,0.00001320,1145246.00000000
1574352000,1574355599,0.00001323,0.00001390,0.00001321,0.00001325,584506.00000000
1574355600,1574359199,0.00001325,0.00001330,0.00001252,0.00001281,1655381.00000000
1574359200,1574362799,0.00001273,0.00001289,0.00001271,0.00001289,173244.00000000
1574362800,1574366399,0.00001286,0.00001300,0.00001269,0.00001300,154266.00000000
1574366400,1574369999,0.00001291,0.00001291,0.00001275,0.00001288,202928.00000000
1574370000,1574373599,0.00001288,0.00001288,0.00001288,0.00001288,0.00000000
1574373600,1574377199,0.00001289,0.00001307,0.00001289,0.00001294,215635.00000000
1574377200,1574380799,0.00001294,0.00001305,0.00001277,0.00001304,458974.00000000
1574380800,1574384399,0.00001304,0.00001304,0.00001304,0.00001304,220.00000000
1574384400,1574387999,0.00001291,0.00001291,0.00001290,0.00001290,7873.00000000
1574388000,1574391599,0.00001290,0.00001290,0.00001290,0.00001290,9877.00000000
1574391600,1574395199,0.00001290,0.00001290,0.00001290,0.00001290,0.00000000
1574395200,1574398799,0.00001299,0.00001304,0.00001287,0.00001287,330823.00000000
1574398800,1574402399,0.00001286,0.00001303,0.00001286,0.00001303,3940.00000000
1574402400,1574405999,0.00001300,0.00001497,0.00001300,0.00001463,7539123.00000000
1574406000,1574409599,0.00001443,0.00001513,0.00001427,0.00001476,1633792.00000000
1574409600,1574413199,0.00001490,0.00001490,0.00001466,0.00001466,19677.00000000
1574413200,1574416799,0.00001484,0.00001484,0.00001450,0.00001460,121788.00000000
1574416800,1574420399,0.00001460,0.00001470,0.00001382,0.00001385,798103.00000000
1574420400,1574423999,0.00001383,0.00001424,0.00001380,0.00001417,460845.00000000
1574424000,1574427599,0.00001414,0.00001435,0.00001397,0.00001397,361223.00000000
1574427600,1574431199,0.00001415,0.00001415,0.00001394,0.00001415,380065.00000000
1574431200,1574434799,0.00001415,0.00001425,0.00001368,0.00001388,1384244.00000000
1574434800,1574438399,0.00001375,0.00001379,0.00001368,0.00001379,164699.00000000
1574438400,1574441999,0.00001368,0.00001372,0.00001343,0.00001355,1232013.00000000
1574442000,1574445599,0.00001351,0.00001370,0.00001339,0.00001370,547019.00000000
1574445600,1574449199,0.00001373,0.00001388,0.00001373,0.00001388,238808.00000000
1574449200,1574452799,0.00001368,0.00001368,0.00001368,0.00001368,46402.00000000
1574452800,1574456399,0.00001370,0.00001398,0.00001368,0.00001386,580218.00000000
1574456400,1574459999,0.00001390,0.00001409,0.00001380,0.00001380,609638.00000000
1574460000,1574463599,0.00001385,0.00001409,0.00001370,0.00001408,117113.00000000
1574463600,1574467199,0.00001408,0.00001414,0.00001408,0.00001414,22777.00000000
1574467200,1574470799,0.00001414,0.00001430,0.00001407,0.00001407,309136.00000000
1574470800,1574474399,0.00001406,0.00001419,0.00001406,0.00001409,52902.00000000
1574474400,1574477999,0.00001422,0.00001424,0.00001422,0.00001424,25627.00000000
1574478000,1574481599,0.00001421,0.00001421,0.00001397,0.00001397,36009.00000000
1574481600,1574485199,0.00001404,0.00001428,0.00001401,0.00001401,65437.00000000
1574485200,1574488799,0.00001421,0.00001439,0.00001421,0.00001439,77454.00000000
1574488800,1574492399,0.00001439,0.00001459,0.00001429,0.00001429,294511.00000000
1574492400,1574495999,0.00001426,0.00001426,0.00001396,0.00001396,551652.00000000
1574496000,1574499599,0.00001396,0.00001396,0.00001396,0.00001396,0.00000000
1574499600,1574503199,0.00001396,0.00001396,0.00001396,0.00001396,0.00000000
1574503200,1574506799,0.00001396,0.00001396,0.00001396,0.00001396,0.00000000
1574506800,1574510399,0.00001418,0.00001450,0.00001418,0.00001440,579130.00000000
1574510400,1574513999,0.00001436,0.00001446,0.00001431,0.00001446,54662.00000000
1574514000,1574517599,0.00001446,0.00001458,0.00001441,0.00001458,86719.00000000
1574517600,1574521199,0.00001446,0.00001446,0.00001426,0.00001426,116777.00000000
1574521200,1574524799,0.00001427,0.00001428,0.00001427,0.00001428,9901.00000000
1574524800,1574528399,0.00001428,0.00001428,0.00001421,0.00001421,44360.00000000
1574528400,1574531999,0.00001421,0.00001421,0.00001416,0.00001416,7226.00000000
1574532000,1574535599,0.00001421,0.00001434,0.00001421,0.00001434,49535.00000000
1574535600,1574539199,0.00001437,0.00001439,0.00001432,0.00001439,55269.00000000
1574539200,1574542799,0.00001439,0.00001439,0.00001420,0.00001427,195562.00000000
1574542800,1574546399,0.00001428,0.00001430,0.00001428,0.00001430,14500.00000000
1574546400,1574549999,0.00001430,0.00001430,0.00001430,0.00001430,0.00000000
1574550000,1574553599,0.00001430,0.00001430,0.00001430,0.00001430,0.00000000
1574553600,1574557199,0.00001430,0.00001430,0.00001430,0.00001430,0.00000000
1574557200,1574560799,0.00001421,0.00001421,0.00001419,0.00001420,16601.00000000
1574560800,1574564399,0.00001421,0.00001457,0.00001421,0.00001457,381330.00000000
1574564400,1574567999,0.00001441,0.00001441,0.00001436,0.00001436,11358.00000000
1574568000,1574571599,0.00001436,0.00001436,0.00001436,0.00001436,0.00000000
1574571600,1574575199,0.00001436,0.00001436,0.00001436,0.00001436,0.00000000
1574575200,1574578799,0.00001449,0.00001458,0.00001444,0.00001457,132967.00000000
1574578800,1574582399,0.00001457,0.00001457,0.00001457,0.00001457,0.00000000
1574582400,1574585999,0.00001438,0.00001438,0.00001420,0.00001420,381488.00000000
1574586000,1574589599,0.00001423,0.00001425,0.00001423,0.00001425,62808.00000000
1574589600,1574593199,0.00001426,0.00001426,0.00001426,0.00001426,709.00000000
1574593200,1574596799,0.00001420,0.00001426,0.00001418,0.00001426,56080.00000000
1574596800,1574600399,0.00001418,0.00001418,0.00001412,0.00001413,394290.00000000
1574600400,1574603999,0.00001414,0.00001417,0.00001414,0.00001417,33041.00000000
1574604000,1574607599,0.00001418,0.00001428,0.00001403,0.00001403,228139.00000000
1574607600,1574611199,0.00001403,0.00001403,0.00001403,0.00001403,62860.00000000
1574611200,1574614799,0.00001403,0.00001403,0.00001403,0.00001403,0.00000000
1574614800,1574618399,0.00001415,0.00001427,0.00001415,0.00001427,102411.00000000
1574618400,1574621999,0.00001427,0.00001427,0.00001427,0.00001427,0.00000000
1574622000,1574625599,0.00001427,0.00001427,0.00001427,0.00001427,0.00000000
1574625600,1574629199,0.00001429,0.00001433,0.00001415,0.00001415,18006.00000000
1574629200,1574632799,0.00001417,0.00001417,0.00001401,0.00001401,116599.00000000
1574632800,1574636399,0.00001407,0.00001429,0.00001407,0.00001429,122298.00000000
1574636400,1574639999,0.00001434,0.00001434,0.00001434,0.00001434,5251.00000000
1574640000,1574643599,0.00001426,0.00001436,0.00001422,0.00001422,162205.00000000
1574643600,1574647199,0.00001421,0.00001426,0.00001382,0.00001395,317940.00000000
1574654400,1574657999,0.00001395,0.00001395,0.00001395,0.00001395,0.00000000
1574658000,1574661599,0.00001397,0.00001419,0.00001367,0.00001367,439612.00000000
1574661600,1574665199,0.00001387,0.00001450,0.00001387,0.00001420,660948.00000000
1574665200,1574668799,0.00001429,0.00001469,0.00001429,0.00001459,437471.00000000
1574668800,1574672399,0.00001456,0.00001507,0.00001417,0.00001491,2138971.00000000
1574672400,1574675999,0.00001493,0.00001501,0.00001438,0.00001438,825297.00000000
1574676000,1574679599,0.00001459,0.00001469,0.00001427,0.00001427,218998.00000000
1574679600,1574683199,0.00001427,0.00001427,0.00001394,0.00001406,427844.00000000
1574683200,1574686799,0.00001415,0.00001474,0.00001415,0.00001474,615203.00000000
1574686800,1574690399,0.00001479,0.00001480,0.00001466,0.00001466,83612.00000000
1574690400,1574693999,0.00001479,0.00001626,0.00001479,0.00001538,3274247.00000000
1574694000,1574697599,0.00001539,0.00001544,0.00001531,0.00001538,560974.00000000
1574697600,1574701199,0.00001531,0.00001559,0.00001526,0.00001526,123412.00000000
1574701200,1574704799,0.00001540,0.00001570,0.00001330,0.00001536,2861485.00000000
1574704800,1574708399,0.00001541,0.00001541,0.00001535,0.00001539,26467.00000000
1574708400,1574711999,0.00001537,0.00001552,0.00001522,0.00001522,157760.00000000
1574712000,1574715599,0.00001525,0.00001525,0.00001523,0.00001523,38500.00000000
1574715600,1574719199,0.00001539,0.00001539,0.00001539,0.00001539,657.00000000
1574719200,1574722799,0.00001521,0.00001521,0.00001521,0.00001521,7000.00000000
1574722800,1574726399,0.00001522,0.00001543,0.00001522,0.00001543,50853.00000000
1574726400,1574729999,0.00001543,0.00001569,0.00001543,0.00001569,135745.00000000
1574730000,1574733599,0.00001569,0.00001588,0.00001565,0.00001568,655502.00000000
1574733600,1574737199,0.00001566,0.00001622,0.00001550,0.00001584,663764.00000000
1574737200,1574740799,0.00001585,0.00001585,0.00001539,0.00001549,1232026.00000000
1574740800,1574744399,0.00001564,0.00001570,0.00001549,0.00001570,99648.00000000
1574744400,1574747999,0.00001551,0.00001574,0.00001551,0.00001574,17329.00000000
1574748000,1574751599,0.00001576,0.00001584,0.00001559,0.00001559,37137.00000000
1574751600,1574755199,0.00001562,0.00001572,0.00001549,0.00001572,44665.00000000
1574755200,1574758799,0.00001563,0.00001571,0.00001563,0.00001563,15056.00000000
1574758800,1574762399,0.00001558,0.00001562,0.00001541,0.00001544,340290.00000000
1574762400,1574765999,0.00001549,0.00001554,0.00001532,0.00001532,90790.00000000
1574766000,1574769599,0.00001533,0.00001551,0.00001531,0.00001551,80200.00000000
1574769600,1574773199,0.00001537,0.00001537,0.00001535,0.00001535,8866.00000000
1574773200,1574776799,0.00001531,0.00001531,0.00001501,0.00001508,153267.00000000
1574776800,1574780399,0.00001508,0.00001519,0.00001502,0.00001502,57967.00000000
1574780400,1574783999,0.00001510,0.00001524,0.00001493,0.00001524,178965.00000000
1574784000,1574787599,0.00001512,0.00001524,0.00001511,0.00001524,4220.00000000
1574787600,1574791199,0.00001511,0.00001511,0.00001511,0.00001511,10979.00000000
1574791200,1574794799,0.00001506,0.00001523,0.00001506,0.00001523,7566.00000000
1574794800,1574798399,0.00001501,0.00001501,0.00001501,0.00001501,123128.00000000
1574798400,1574801999,0.00001521,0.00001521,0.00001477,0.00001477,274469.00000000
1574802000,1574805599,0.00001476,0.00001484,0.00001471,0.00001484,69073.00000000
1574805600,1574809199,0.00001484,0.00001499,0.00001484,0.00001499,18713.00000000
1574809200,1574812799,0.00001499,0.00001515,0.00001491,0.00001515,125625.00000000
1574812800,1574816399,0.00001515,0.00001515,0.00001515,0.00001515,0.00000000
1574816400,1574819999,0.00001515,0.00001515,0.00001515,0.00001515,0.00000000
1574820000,1574823599,0.00001515,0.00001515,0.00001515,0.00001515,0.00000000
1574823600,1574827199,0.00001516,0.00001516,0.00001501,0.00001501,5789.00000000
1574827200,1574830799,0.00001501,0.00001519,0.00001501,0.00001519,131403.00000000
1574830800,1574834399,0.00001496,0.00001496,0.00001471,0.00001471,315712.00000000
1574834400,1574837999,0.00001472,0.00001472,0.00001460,0.00001460,32667.00000000
1574838000,1574841599,0.00001460,0.00001460,0.00001460,0.00001460,0.00000000
1574841600,1574845199,0.00001460,0.00001460,0.00001460,0.00001460,0.00000000
1574845200,1574848799,0.00001460,0.00001463,0.00001451,0.00001463,556323.00000000
1574848800,1574852399,0.00001453,0.00001453,0.00001452,0.00001452,84552.00000000
1574852400,1574855999,0.00001460,0.00001544,0.00001446,0.00001544,1710289.00000000
1574856000,1574859599,0.00001531,0.00001544,0.00001531,0.00001544,3996.00000000
1574859600,1574863199,0.00001531,0.00001531,0.00001522,0.00001522,44086.00000000
1574863200,1574866799,0.00001522,0.00001553,0.00001522,0.00001553,235440.00000000
1574866800,1574870399,0.00001548,0.00001572,0.00001537,0.00001552,233084.00000000
1574870400,1574873999,0.00001546,0.00001546,0.00001501,0.00001501,275702.00000000
1574874000,1574877599,0.00001519,0.00001519,0.00001491,0.00001491,55762.00000000
1574877600,1574881199,0.00001511,0.00001511,0.00001471,0.00001476,140339.00000000
1574881200,1574884799,0.00001476,0.00001509,0.00001476,0.00001509,60546.00000000
1574884800,1574888399,0.00001486,0.00001486,0.00001486,0.00001486,7902.00000000
1574888400,1574891999,0.00001479,0.00001479,0.00001479,0.00001479,16125.00000000
1574892000,1574895599,0.00001498,0.00001498,0.00001498,0.00001498,5000.00000000
1574895600,1574899199,0.00001498,0.00001498,0.00001498,0.00001498,0.00000000
1574899200,1574902799,0.00001498,0.00001498,0.00001498,0.00001498,48450.00000000
1574902800,1574906399,0.00001498,0.00001498,0.00001498,0.00001498,0.00000000
1574906400,1574909999,0.00001497,0.00001498,0.00001497,0.00001498,70268.00000000
1574910000,1574913599,0.00001494,0.00001494,0.00001494,0.00001494,2977.00000000
1574913600,1574917199,0.00001494,0.00001494,0.00001494,0.00001494,0.00000000
1574917200,1574920799,0.00001488,0.00001488,0.00001481,0.00001481,81779.00000000
1574920800,1574924399,0.00001479,0.00001479,0.00001461,0.00001479,148382.00000000
1574924400,1574927999,0.00001461,0.00001483,0.00001460,0.00001480,8632.00000000
1574928000,1574931599,0.00001476,0.00001483,0.00001468,0.00001469,84673.00000000
1574931600,1574935199,0.00001483,0.00001510,0.00001483,0.00001510,90076.00000000
1574935200,1574938799,0.00001514,0.00001514,0.00001471,0.00001483,30816.00000000
1574938800,1574942399,0.00001484,0.00001494,0.00001478,0.00001494,58802.00000000
1574942400,1574945999,0.00001494,0.00001494,0.00001494,0.00001494,0.00000000
1574946000,1574949599,0.00001494,0.00001494,0.00001494,0.00001494,1480.00000000
1574949600,1574953199,0.00001494,0.00001499,0.00001474,0.00001474,48737.00000000
1574953200,1574956799,0.00001485,0.00001490,0.00001461,0.00001472,93925.00000000
1574956800,1574960399,0.00001472,0.00001472,0.00001472,0.00001472,680.00000000
1574960400,1574963999,0.00001470,0.00001491,0.00001470,0.00001471,148255.00000000
1574964000,1574967599,0.00001471,0.00001471,0.00001471,0.00001471,8859.00000000
1574967600,1574971199,0.00001471,0.00001494,0.00001471,0.00001494,246191.00000000
1574971200,1574974799,0.00001494,0.00001494,0.00001494,0.00001494,0.00000000
1574974800,1574978399,0.00001497,0.00001510,0.00001497,0.00001507,257865.00000000
1574978400,1574981999,0.00001507,0.00001512,0.00001476,0.00001476,340969.00000000
1574982000,1574985599,0.00001489,0.00001489,0.00001478,0.00001478,159118.00000000
1574985600,1574989199,0.00001478,0.00001478,0.00001471,0.00001471,108969.00000000
1574989200,1574992799,0.00001484,0.00001484,0.00001443,0.00001449,436601.00000000
1574992800,1574996399,0.00001449,0.00001449,0.00001449,0.00001449,3428.00000000
1574996400,1574999999,0.00001443,0.00001444,0.00001433,0.00001433,98701.00000000
1575000000,1575003599,0.00001440,0.00001440,0.00001440,0.00001440,2000.00000000
1575003600,1575007199,0.00001440,0.00001440,0.00001440,0.00001440,0.00000000
1575007200,1575010799,0.00001440,0.00001441,0.00001431,0.00001431,64511.00000000
1575010800,1575014399,0.00001427,0.00001427,0.00001427,0.00001427,614887.00000000
1575014400,1575017999,0.00001427,0.00001427,0.00001427,0.00001427,0.00000000
1575018000,1575021599,0.00001427,0.00001427,0.00001427,0.00001427,0.00000000
1575021600,1575025199,0.00001427,0.00001427,0.00001427,0.00001427,0.00000000
1575025200,1575028799,0.00001427,0.00001427,0.00001411,0.00001419,198162.00000000
1575028800,1575032399,0.00001427,0.00001427,0.00001421,0.00001421,9395.00000000
1575032400,1575035999,0.00001421,0.00001421,0.00001421,0.00001421,67745.00000000
1575036000,1575039599,0.00001419,0.00001419,0.00001416,0.00001416,999.00000000
1575039600,1575043199,0.00001422,0.00001442,0.00001417,0.00001420,322222.00000000
1575043200,1575046799,0.00001432,0.00001439,0.00001419,0.00001432,131661.00000000
1575046800,1575050399,0.00001433,0.00001433,0.00001433,0.00001433,3300.00000000
1575050400,1575053999,0.00001434,0.00001437,0.00001434,0.00001437,41554.00000000
1575054000,1575057599,0.00001437,0.00001464,0.00001437,0.00001464,86638.00000000
1575057600,1575061199,0.00001464,0.00001464,0.00001441,0.00001442,31774.00000000
1575061200,1575064799,0.00001463,0.00001468,0.00001463,0.00001468,20900.00000000
1575064800,1575068399,0.00001469,0.00001469,0.00001458,0.00001458,26349.00000000
1575068400,1575071999,0.00001458,0.00001458,0.00001458,0.00001458,0.00000000
1575072000,1575075599,0.00001469,0.00001469,0.00001469,0.00001469,715.00000000
1575075600,1575079199,0.00001469,0.00001469,0.00001469,0.00001469,0.00000000
1575079200,1575082799,0.00001469,0.00001469,0.00001469,0.00001469,0.00000000
1575082800,1575086399,0.00001469,0.00001470,0.00001457,0.00001470,76208.00000000
1575086400,1575089999,0.00001470,0.00001471,0.00001470,0.00001471,16410.00000000
1575090000,1575093599,0.00001456,0.00001456,0.00001456,0.00001456,100707.00000000
1575093600,1575097199,0.00001456,0.00001456,0.00001456,0.00001456,0.00000000
1575097200,1575100799,0.00001457,0.00001478,0.00001457,0.00001478,23048.00000000
1575100800,1575104399,0.00001457,0.00001457,0.00001457,0.00001457,2145.00000000
1575104400,1575107999,0.00001457,0.00001457,0.00001457,0.00001457,2436.00000000
1575108000,1575111599,0.00001461,0.00001461,0.00001460,0.00001460,34103.00000000
1575111600,1575115199,0.00001460,0.00001460,0.00001460,0.00001460,0.00000000
1575115200,1575118799,0.00001462,0.00001462,0.00001460,0.00001460,2638.00000000
1575118800,1575122399,0.00001460,0.00001460,0.00001460,0.00001460,80074.00000000
1575122400,1575125999,0.00001460,0.00001460,0.00001460,0.00001460,0.00000000
1575126000,1575129599,0.00001474,0.00001478,0.00001474,0.00001478,7082.00000000
1575129600,1575133199,0.00001478,0.00001479,0.00001478,0.00001479,27418.00000000
1575133200,1575136799,0.00001480,0.00001480,0.00001461,0.00001461,112713.00000000
1575136800,1575140399,0.00001461,0.00001461,0.00001461,0.00001461,0.00000000
1575140400,1575143999,0.00001479,0.00001479,0.00001461,0.00001461,56618.00000000
1575144000,1575147599,0.00001460,0.00001460,0.00001442,0.00001442,895311.00000000
1575147600,1575151199,0.00001463,0.00001464,0.00001463,0.00001464,5816.00000000
1575151200,1575154799,0.00001452,0.00001452,0.00001451,0.00001451,11915.00000000
1575154800,1575158399,0.00001447,0.00001447,0.00001446,0.00001446,3444.00000000
1575158400,1575161999,0.00001446,0.00001446,0.00001446,0.00001446,0.00000000
1575162000,1575165599,0.00001455,0.00001455,0.00001432,0.00001447,467818.00000000
1575165600,1575169199,0.00001440,0.00001440,0.00001427,0.00001427,14794.00000000
1575169200,1575172799,0.00001427,0.00001441,0.00001422,0.00001436,95669.00000000
1575172800,1575176399,0.00001422,0.00001422,0.00001418,0.00001418,101000.00000000
1575176400,1575179999,0.00001418,0.00001418,0.00001418,0.00001418,0.00000000
1575180000,1575183599,0.00001418,0.00001418,0.00001418,0.00001418,0.00000000
1575183600,1575187199,0.00001418,0.00001418,0.00001418,0.00001418,74503.00000000
1575187200,1575190799,0.00001418,0.00001418,0.00001418,0.00001418,0.00000000
1575190800,1575194399,0.00001428,0.00001428,0.00001428,0.00001428,14985.00000000
1575194400,1575197999,0.00001428,0.00001428,0.00001428,0.00001428,0.00000000
1575198000,1575201599,0.00001432,0.00001432,0.00001432,0.00001432,934.00000000
1575201600,1575205199,0.00001432,0.00001432,0.00001432,0.00001432,0.00000000
1575205200,1575208799,0.00001432,0.00001432,0.00001432,0.00001432,0.00000000
1575208800,1575212399,0.00001432,0.00001432,0.00001411,0.00001425,96981.00000000
1575212400,1575215999,0.00001425,0.00001425,0.00001425,0.00001425,0.00000000
1575216000,1575219599,0.00001423,0.00001423,0.00001404,0.00001404,89548.00000000
1575219600,1575223199,0.00001405,0.00001405,0.00001405,0.00001405,1900.00000000
1575223200,1575226799,0.00001405,0.00001405,0.00001405,0.00001405,0.00000000
1575226800,1575230399,0.00001413,0.00001424,0.00001413,0.00001424,56074.00000000
1575230400,1575233999,0.00001418,0.00001418,0.00001411,0.00001411,48902.00000000
1575234000,1575237599,0.00001411,0.00001424,0.00001411,0.00001424,31864.00000000
1575237600,1575241199,0.00001419,0.00001419,0.00001416,0.00001416,19855.00000000
1575241200,1575244799,0.00001415,0.00001415,0.00001404,0.00001404,18929.00000000
1575244800,1575248399,0.00001418,0.00001422,0.00001418,0.00001422,46132.00000000
1575248400,1575251999,0.00001422,0.00001422,0.00001422,0.00001422,0.00000000
1575252000,1575255599,0.00001422,0.00001422,0.00001422,0.00001422,0.00000000
1575255600,1575259199,0.00001422,0.00001444,0.00001422,0.00001422,239290.00000000
1575259200,1575262799,0.00001421,0.00001429,0.00001412,0.00001429,35195.00000000
1575262800,1575266399,0.00001429,0.00001429,0.00001429,0.00001429,1615.00000000
1575266400,1575269999,0.00001429,0.00001429,0.00001429,0.00001429,0.00000000
1575270000,1575273599,0.00001429,0.00001429,0.00001429,0.00001429,0.00000000
1575273600,1575277199,0.00001428,0.00001441,0.00001428,0.00001441,110925.00000000
1575277200,1575280799,0.00001439,0.00001444,0.00001436,0.00001444,7757.00000000
1575280800,1575284399,0.00001444,0.00001444,0.00001444,0.00001444,0.00000000
1575284400,1575287999,0.00001444,0.00001444,0.00001444,0.00001444,3540.00000000
1575288000,1575291599,0.00001444,0.00001444,0.00001429,0.00001429,122577.00000000
1575291600,1575295199,0.00001429,0.00001429,0.00001429,0.00001429,0.00000000
1575295200,1575298799,0.00001443,0.00001449,0.00001443,0.00001447,99337.00000000
1575298800,1575302399,0.00001446,0.00001446,0.00001446,0.00001446,1535.00000000
1575302400,1575305999,0.00001450,0.00001450,0.00001450,0.00001450,965.00000000
1575306000,1575309599,0.00001446,0.00001446,0.00001433,0.00001433,38163.00000000
1575309600,1575313199,0.00001433,0.00001433,0.00001433,0.00001433,13596.00000000
1575313200,1575316799,0.00001433,0.00001433,0.00001433,0.00001433,1059.00000000
1575316800,1575320399,0.00001432,0.00001432,0.00001431,0.00001431,10307.00000000
1575320400,1575323999,0.00001448,0.00001449,0.00001431,0.00001431,28759.00000000
1575324000,1575327599,0.00001431,0.00001431,0.00001431,0.00001431,0.00000000
1575327600,1575331199,0.00001431,0.00001431,0.00001431,0.00001431,0.00000000
1575331200,1575334799,0.00001427,0.00001445,0.00001426,0.00001445,5290.00000000
1575334800,1575338399,0.00001445,0.00001445,0.00001445,0.00001445,0.00000000
1575338400,1575341999,0.00001445,0.00001445,0.00001445,0.00001445,103218.00000000
1575342000,1575345599,0.00001445,0.00001445,0.00001445,0.00001445,0.00000000
1575345600,1575349199,0.00001445,0.00001445,0.00001445,0.00001445,0.00000000
1575349200,1575352799,0.00001445,0.00001445,0.00001445,0.00001445,0.00000000
1575352800,1575356399,0.00001445,0.00001445,0.00001445,0.00001445,0.00000000
1575356400,1575359999,0.00001445,0.00001445,0.00001445,0.00001445,0.00000000
1575360000,1575363599,0.00001445,0.00001445,0.00001445,0.00001445,0.00000000
1575363600,1575367199,0.00001445,0.00001445,0.00001445,0.00001445,0.00000000
1575367200,1575370799,0.00001431,0.00001431,0.00001431,0.00001431,702.00000000
1575370800,1575374399,0.00001431,0.00001431,0.00001431,0.00001431,0.00000000
1575374400,1575377999,0.00001447,0.00001455,0.00001447,0.00001455,21752.00000000
1575378000,1575381599,0.00001455,0.00001457,0.00001436,0.00001457,39708.00000000
1575381600,1575385199,0.00001457,0.00001457,0.00001457,0.00001457,0.00000000
1575385200,1575388799,0.00001457,0.00001457,0.00001457,0.00001457,0.00000000
1575388800,1575392399,0.00001452,0.00001459,0.00001452,0.00001459,73761.00000000
1575392400,1575395999,0.00001461,0.00001461,0.00001461,0.00001461,17112.00000000
1575396000,1575399599,0.00001461,0.00001461,0.00001461,0.00001461,0.00000000
1575399600,1575403199,0.00001461,0.00001461,0.00001461,0.00001461,0.00000000
1575403200,1575406799,0.00001459,0.00001459,0.00001425,0.00001436,385280.00000000
1575406800,1575410399,0.00001436,0.00001440,0.00001436,0.00001440,20031.00000000
1575410400,1575413999,0.00001444,0.00001444,0.00001444,0.00001444,4400.00000000
1575414000,1575417599,0.00001445,0.00001449,0.00001445,0.00001449,3900.00000000
1575417600,1575421199,0.00001445,0.00001445,0.00001425,0.00001425,38470.00000000
1575421200,1575424799,0.00001440,0.00001440,0.00001440,0.00001440,35984.00000000
1575424800,1575428399,0.00001440,0.00001440,0.00001440,0.00001440,0.00000000
1575428400,1575431999,0.00001430,0.00001430,0.00001425,0.00001425,84260.00000000
1575432000,1575435599,0.00001425,0.00001425,0.00001423,0.00001423,136997.00000000
1575435600,1575439199,0.00001423,0.00001423,0.00001423,0.00001423,0.00000000
1575439200,1575442799,0.00001437,0.00001437,0.00001437,0.00001437,52986.00000000
1575442800,1575446399,0.00001437,0.00001437,0.00001437,0.00001437,0.00000000
1575446400,1575449999,0.00001437,0.00001437,0.00001437,0.00001437,0.00000000
1575450000,1575453599,0.00001437,0.00001437,0.00001437,0.00001437,0.00000000
1575453600,1575457199,0.00001437,0.00001437,0.00001437,0.00001437,0.00000000
1575457200,1575460799,0.00001426,0.00001426,0.00001422,0.00001426,55784.00000000
1575460800,1575464399,0.00001422,0.00001422,0.00001422,0.00001422,24775.00000000
1575464400,1575467999,0.00001422,0.00001443,0.00001418,0.00001418,159155.00000000
1575468000,1575471599,0.00001418,0.00001418,0.00001418,0.00001418,0.00000000
1575471600,1575475199,0.00001418,0.00001418,0.00001418,0.00001418,0.00000000
1575475200,1575478799,0.00001416,0.00001416,0.00001401,0.00001401,147258.00000000
1575478800,1575482399,0.00001406,0.00001406,0.00001406,0.00001406,5000.00000000
1575482400,1575485999,0.00001406,0.00001406,0.00001406,0.00001406,0.00000000
1575486000,1575489599,0.00001406,0.00001406,0.00001405,0.00001405,18285.00000000
1575489600,1575493199,0.00001405,0.00001405,0.00001402,0.00001402,13624.00000000
1575493200,1575496799,0.00001400,0.00001404,0.00001398,0.00001404,47110.00000000
1575496800,1575500399,0.00001397,0.00001397,0.00001396,0.00001396,5000.00000000
1575500400,1575503999,0.00001396,0.00001396,0.00001396,0.00001396,0.00000000
1575504000,1575507599,0.00001396,0.00001396,0.00001396,0.00001396,0.00000000
1575507600,1575511199,0.00001396,0.00001396,0.00001396,0.00001396,0.00000000
1575511200,1575514799,0.00001396,0.00001396,0.00001396,0.00001396,53544.00000000
